update,state,start_date,end_date,total_cases,new_cases,total_deaths,new_deaths,old_cases,active_cases
2020-01-23,AK,2020-01-16,2020-01-22,0,0,0,0,0,0
2020-01-30,AK,2020-01-23,2020-01-29,0,0,0,0,0,0
2020-02-06,AK,2020-01-30,2020-02-05,0,0,0,0,0,0
2020-02-13,AK,2020-02-06,2020-02-12,0,0,0,0,0,0
2020-02-20,AK,2020-02-13,2020-02-19,0,0,0,0,0,0
2020-02-27,AK,2020-02-20,2020-02-26,0,0,0,0,0,0
2020-03-05,AK,2020-02-27,2020-03-04,0,0,0,0,0,0
2020-03-12,AK,2020-03-05,2020-03-11,0,0,0,0,0,0
2020-03-19,AK,2020-03-12,2020-03-18,11,11,0,0,0,11
2020-03-26,AK,2020-03-19,2020-03-25,63,52,1,1,11,62
2020-04-02,AK,2020-03-26,2020-04-01,149,86,3,2,63,146
2020-04-09,AK,2020-04-02,2020-04-08,235,86,7,4,149,228
2020-04-16,AK,2020-04-09,2020-04-15,300,65,9,2,235,291
2020-04-23,AK,2020-04-16,2020-04-22,337,37,9,0,300,328
2020-04-30,AK,2020-04-23,2020-04-29,355,18,9,0,337,346
2020-05-07,AK,2020-04-30,2020-05-06,374,19,10,1,355,364
2020-05-14,AK,2020-05-07,2020-05-13,389,15,10,0,374,379
2020-05-21,AK,2020-05-14,2020-05-20,404,15,10,0,389,394
2020-05-28,AK,2020-05-21,2020-05-27,427,23,10,0,404,417
2020-06-04,AK,2020-05-28,2020-06-03,518,91,10,0,427,508
2020-06-11,AK,2020-06-04,2020-06-10,616,98,11,1,518,605
2020-06-18,AK,2020-06-11,2020-06-17,713,97,12,1,616,701
2020-06-25,AK,2020-06-18,2020-06-24,821,108,12,0,713,809
2020-07-02,AK,2020-06-25,2020-07-01,1020,199,13,1,821,1007
2020-07-09,AK,2020-07-02,2020-07-08,1273,253,16,3,1020,1257
2020-07-16,AK,2020-07-09,2020-07-15,1694,421,16,0,1273,1678
2020-07-23,AK,2020-07-16,2020-07-22,2202,508,18,2,1694,2184
2020-07-30,AK,2020-07-23,2020-07-29,2886,684,21,3,2202,2865
2020-08-06,AK,2020-07-30,2020-08-05,3487,601,25,4,2886,3462
2020-08-13,AK,2020-08-06,2020-08-12,3978,491,27,2,3487,3951
2020-08-20,AK,2020-08-13,2020-08-19,4536,558,29,2,3978,4507
2020-08-27,AK,2020-08-20,2020-08-26,5001,465,36,7,4536,4965
2020-09-03,AK,2020-08-27,2020-09-02,5475,474,38,2,5001,5437
2020-09-10,AK,2020-09-03,2020-09-09,6022,547,41,3,5475,5981
2020-09-17,AK,2020-09-10,2020-09-16,6551,529,43,2,6022,6508
2020-09-24,AK,2020-09-17,2020-09-23,7193,642,44,1,6551,7149
2020-10-01,AK,2020-09-24,2020-09-30,8026,833,55,11,7193,7971
2020-10-08,AK,2020-10-01,2020-10-07,9046,1020,59,4,8026,8987
2020-10-15,AK,2020-10-08,2020-10-14,10387,1341,64,5,9046,10323
2020-10-22,AK,2020-10-15,2020-10-21,11925,1538,68,4,10387,11857
2020-10-29,AK,2020-10-22,2020-10-28,14539,2614,71,3,11925,14468
2020-11-05,AK,2020-10-29,2020-11-04,17266,2727,86,15,14539,17180
2020-11-12,AK,2020-11-05,2020-11-11,20864,3598,98,12,17266,20766
2020-11-19,AK,2020-11-12,2020-11-18,25180,4316,102,4,20864,25078
2020-11-26,AK,2020-11-19,2020-11-25,29292,4112,118,16,25180,29174
2020-12-03,AK,2020-11-26,2020-12-02,33816,4524,123,5,29292,33693
2020-12-10,AK,2020-12-03,2020-12-09,38438,4622,150,27,33816,38288
2020-12-17,AK,2020-12-10,2020-12-16,41855,3417,180,30,38438,41675
2020-12-24,AK,2020-12-17,2020-12-23,44078,2223,196,16,41855,43882
2020-12-31,AK,2020-12-24,2020-12-30,45802,1724,203,7,44078,45599
2021-01-07,AK,2020-12-31,2021-01-06,47828,2026,220,17,45802,47608
2021-01-14,AK,2021-01-07,2021-01-13,49801,1973,226,6,47828,49575
2021-01-21,AK,2021-01-14,2021-01-20,51178,1377,253,27,49801,50925
2021-01-28,AK,2021-01-21,2021-01-27,52359,1181,261,8,51178,52098
2021-02-04,AK,2021-01-28,2021-02-03,53305,946,279,18,52359,53026
2021-02-11,AK,2021-02-04,2021-02-10,54294,989,280,1,53305,54014
2021-02-18,AK,2021-02-11,2021-02-17,55101,807,288,8,54294,54813
2021-02-25,AK,2021-02-18,2021-02-24,55986,885,289,1,55101,55697
2021-03-04,AK,2021-02-25,2021-03-03,56862,876,301,12,55986,56561
2021-03-11,AK,2021-03-04,2021-03-10,57772,910,303,2,56862,57469
2021-03-18,AK,2021-03-11,2021-03-17,58686,914,305,2,57772,58381
2021-03-25,AK,2021-03-18,2021-03-24,59630,944,310,5,58686,59320
2021-04-01,AK,2021-03-25,2021-03-31,60816,1186,311,1,59630,60505
2021-04-08,AK,2021-04-01,2021-04-07,62024,1208,311,0,60816,61713
2021-04-15,AK,2021-04-08,2021-04-14,63137,1113,312,1,62024,62825
2021-04-22,AK,2021-04-15,2021-04-21,64283,1146,332,20,63137,63951
2021-04-29,AK,2021-04-22,2021-04-28,65325,1042,344,12,64283,64981
2021-05-06,AK,2021-04-29,2021-05-05,66056,731,345,1,65325,65711
2021-05-13,AK,2021-05-06,2021-05-12,66621,565,350,5,66056,66271
2021-05-20,AK,2021-05-13,2021-05-19,67074,453,366,16,66621,66708
2021-05-27,AK,2021-05-20,2021-05-26,67371,297,366,0,67074,67005
2021-06-03,AK,2021-05-27,2021-06-02,67601,230,366,0,67371,67235
2021-06-10,AK,2021-06-03,2021-06-09,67786,185,366,0,67601,67420
2021-06-17,AK,2021-06-10,2021-06-16,67941,155,370,4,67786,67571
2021-06-24,AK,2021-06-17,2021-06-23,68178,237,371,1,67941,67807
2021-07-01,AK,2021-06-24,2021-06-30,68435,257,374,3,68178,68061
2021-07-08,AK,2021-07-01,2021-07-07,68748,313,374,0,68435,68374
2021-07-15,AK,2021-07-08,2021-07-14,69320,572,378,4,68748,68942
2021-07-22,AK,2021-07-15,2021-07-21,70519,1199,379,1,69320,70140
2021-07-29,AK,2021-07-22,2021-07-28,72065,1546,383,4,70519,71682
2021-08-05,AK,2021-07-29,2021-08-04,73957,1892,390,7,72065,73567
2021-08-12,AK,2021-08-05,2021-08-11,76069,2112,397,7,73957,75672
2021-08-19,AK,2021-08-12,2021-08-18,79070,3001,409,12,76069,78661
2021-08-26,AK,2021-08-19,2021-08-25,82427,3357,435,26,79070,81992
2021-09-02,AK,2021-08-26,2021-09-01,86078,3651,445,10,82427,85633
2021-09-09,AK,2021-09-02,2021-09-08,90342,4264,453,8,86078,89889
2021-09-16,AK,2021-09-09,2021-09-15,95229,4887,465,12,90342,94764
2021-09-23,AK,2021-09-16,2021-09-22,101487,6258,478,13,95229,101009
2021-09-30,AK,2021-09-23,2021-09-29,109923,8436,563,85,101487,109360
2021-10-07,AK,2021-09-30,2021-10-06,115667,5744,581,18,109923,115086
2021-10-14,AK,2021-10-07,2021-10-13,121844,6177,608,27,115667,121236
2021-10-21,AK,2021-10-14,2021-10-20,127374,5530,687,79,121844,126687
2021-10-28,AK,2021-10-21,2021-10-27,131999,4625,712,25,127374,131287
2021-11-04,AK,2021-10-28,2021-11-03,136133,4134,733,21,131999,135400
2021-11-11,AK,2021-11-04,2021-11-10,139524,3391,827,94,136133,138697
2021-11-18,AK,2021-11-11,2021-11-17,142443,2919,838,11,139524,141605
2021-11-25,AK,2021-11-18,2021-11-24,144792,2349,866,28,142443,143926
2021-12-02,AK,2021-11-25,2021-12-01,146508,1716,877,11,144792,145631
2021-12-09,AK,2021-12-02,2021-12-08,148018,1510,882,5,146508,147136
2021-12-16,AK,2021-12-09,2021-12-15,149237,1219,885,3,148018,148352
2021-12-23,AK,2021-12-16,2021-12-22,150283,1046,972,87,149237,149311
2021-12-30,AK,2021-12-23,2021-12-29,152363,2080,974,2,150283,151389
2022-01-06,AK,2021-12-30,2022-01-05,157886,5523,975,1,152363,156911
2022-01-13,AK,2022-01-06,2022-01-12,170052,12166,981,6,157886,169071
2022-01-20,AK,2022-01-13,2022-01-19,185787,15735,1047,66,170052,184740
2022-01-27,AK,2022-01-20,2022-01-26,202626,16839,1077,30,185787,201549
2022-02-03,AK,2022-01-27,2022-02-02,216048,13422,1089,12,202626,214959
2022-02-10,AK,2022-02-03,2022-02-09,224165,8117,1110,21,216048,223055
2022-02-17,AK,2022-02-10,2022-02-16,228123,3958,1137,27,224165,226986
2022-02-24,AK,2022-02-17,2022-02-23,230807,2684,1159,22,228123,229648
2022-03-03,AK,2022-02-24,2022-03-02,232898,2091,1187,28,230807,231711
2022-03-10,AK,2022-03-03,2022-03-09,235338,2440,1197,10,232898,234141
2022-03-17,AK,2022-03-10,2022-03-16,236745,1407,1198,1,235338,235547
2022-03-24,AK,2022-03-17,2022-03-23,238168,1423,1215,17,236745,236953
2022-03-31,AK,2022-03-24,2022-03-30,239613,1445,1224,9,238168,238389
2022-04-07,AK,2022-03-31,2022-04-06,240990,1377,1224,0,239613,239766
2022-04-14,AK,2022-04-07,2022-04-13,242227,1237,1230,6,240990,240997
2022-04-21,AK,2022-04-14,2022-04-20,243740,1513,1243,13,242227,242497
2022-04-28,AK,2022-04-21,2022-04-27,245165,1425,1247,4,243740,243918
2022-05-05,AK,2022-04-28,2022-05-04,246582,1417,1248,1,245165,245334
2022-05-12,AK,2022-05-05,2022-05-11,248121,1539,1259,11,246582,246862
2022-05-19,AK,2022-05-12,2022-05-18,249818,1697,1270,11,248121,248548
2022-05-26,AK,2022-05-19,2022-05-25,251699,1881,1270,0,249818,250429
2022-06-02,AK,2022-05-26,2022-06-01,253643,1944,1270,0,251699,252373
2022-06-09,AK,2022-06-02,2022-06-08,255700,2057,1270,0,253643,254430
2022-06-16,AK,2022-06-09,2022-06-15,257682,1982,1270,0,255700,256412
2022-06-23,AK,2022-06-16,2022-06-22,259819,2137,1270,0,257682,258549
2022-06-30,AK,2022-06-23,2022-06-29,262585,2766,1270,0,259819,261315
2022-07-07,AK,2022-06-30,2022-07-06,264573,1988,1270,0,262585,263303
2022-07-14,AK,2022-07-07,2022-07-13,266706,2133,1275,5,264573,265431
2022-07-21,AK,2022-07-14,2022-07-20,269051,2345,1275,0,266706,267776
2022-07-28,AK,2022-07-21,2022-07-27,271101,2050,1275,0,269051,269826
2022-08-04,AK,2022-07-28,2022-08-03,273674,2573,1275,0,271101,272399
2022-08-11,AK,2022-08-04,2022-08-10,275542,1868,1296,21,273674,274246
2022-08-18,AK,2022-08-11,2022-08-17,277007,1465,1296,0,275542,275711
2022-08-25,AK,2022-08-18,2022-08-24,278680,1673,1304,8,277007,277376
2022-09-01,AK,2022-08-25,2022-08-31,279888,1208,1304,0,278680,278584
2022-09-08,AK,2022-09-01,2022-09-07,280767,879,1304,0,279888,279463
2022-09-15,AK,2022-09-08,2022-09-14,281717,950,1329,25,280767,280388
2022-09-22,AK,2022-09-15,2022-09-21,282361,644,1329,0,281717,281032
2022-09-29,AK,2022-09-22,2022-09-28,282911,550,1329,0,282361,281582
2022-10-06,AK,2022-09-29,2022-10-05,283548,637,1356,27,282911,282192
2022-10-13,AK,2022-10-06,2022-10-12,284059,511,1356,0,283548,282703
2022-10-20,AK,2022-10-13,2022-10-19,284406,347,1356,0,284059,283050
2022-10-27,AK,2022-10-20,2022-10-26,284785,379,1376,20,284406,283409
2022-11-03,AK,2022-10-27,2022-11-02,285144,359,1376,0,284785,283768
2022-11-10,AK,2022-11-03,2022-11-09,285343,199,1376,0,285144,283967
2022-11-17,AK,2022-11-10,2022-11-16,285733,390,1399,23,285343,284334
2022-11-24,AK,2022-11-17,2022-11-23,286163,430,1399,0,285733,284764
2022-12-01,AK,2022-11-24,2022-11-30,286561,398,1399,0,286163,285162
2022-12-08,AK,2022-12-01,2022-12-07,287057,496,1399,0,286561,285658
2022-12-15,AK,2022-12-08,2022-12-14,287411,354,1399,0,287057,286012
2022-12-22,AK,2022-12-15,2022-12-21,287791,380,1418,19,287411,286373
2022-12-29,AK,2022-12-22,2022-12-28,288123,332,1418,0,287791,286705
2023-01-05,AK,2022-12-29,2023-01-04,288494,371,1418,0,288123,287076
2023-01-12,AK,2023-01-05,2023-01-11,288964,470,1418,0,288494,287546
2023-01-19,AK,2023-01-12,2023-01-18,289613,649,1418,0,288964,288195
2023-01-26,AK,2023-01-19,2023-01-25,290267,654,1436,18,289613,288831
2023-02-02,AK,2023-01-26,2023-02-01,291060,793,1436,0,290267,289624
2023-02-09,AK,2023-02-02,2023-02-08,291752,692,1436,0,291060,290316
2023-02-16,AK,2023-02-09,2023-02-15,292538,786,1436,0,291752,291102
2023-02-23,AK,2023-02-16,2023-02-22,293313,775,1449,13,292538,291864
2023-03-02,AK,2023-02-23,2023-03-01,293761,448,1449,0,293313,292312
2023-03-09,AK,2023-03-02,2023-03-08,294343,582,1449,0,293761,292894
2023-03-16,AK,2023-03-09,2023-03-15,294791,448,1449,0,294343,293342
2023-03-23,AK,2023-03-16,2023-03-22,295287,496,1449,0,294791,293838
2023-03-30,AK,2023-03-23,2023-03-29,295801,514,1468,19,295287,294333
2023-04-06,AK,2023-03-30,2023-04-05,296202,401,1468,0,295801,294734
2023-04-13,AK,2023-04-06,2023-04-12,296560,358,1468,0,296202,295092
2023-04-20,AK,2023-04-13,2023-04-19,296921,361,1468,0,296560,295453
2023-04-27,AK,2023-04-20,2023-04-26,297201,280,1468,0,296921,295733
2023-05-04,AK,2023-04-27,2023-05-03,297389,188,1468,0,297201,295921
2023-05-11,AK,2023-05-04,2023-05-10,297588,199,1468,0,297389,296120
2020-01-23,AL,2020-01-16,2020-01-22,0,0,0,0,0,0
2020-01-30,AL,2020-01-23,2020-01-29,0,0,0,0,0,0
2020-02-06,AL,2020-01-30,2020-02-05,0,0,0,0,0,0
2020-02-13,AL,2020-02-06,2020-02-12,0,0,0,0,0,0
2020-02-20,AL,2020-02-13,2020-02-19,0,0,0,0,0,0
2020-02-27,AL,2020-02-20,2020-02-26,0,0,0,0,0,0
2020-03-05,AL,2020-02-27,2020-03-04,0,0,0,0,0,0
2020-03-12,AL,2020-03-05,2020-03-11,3,3,0,0,0,3
2020-03-19,AL,2020-03-12,2020-03-18,61,58,0,0,3,61
2020-03-26,AL,2020-03-19,2020-03-25,472,411,1,1,61,471
2020-04-02,AL,2020-03-26,2020-04-01,1175,703,26,25,472,1149
2020-04-09,AL,2020-04-02,2020-04-08,2614,1439,65,39,1175,2549
2020-04-16,AL,2020-04-09,2020-04-15,4307,1693,110,45,2614,4197
2020-04-23,AL,2020-04-16,2020-04-22,5692,1385,193,83,4307,5499
2020-04-30,AL,2020-04-23,2020-04-29,6979,1287,255,62,5692,6724
2020-05-07,AL,2020-04-30,2020-05-06,8769,1790,341,86,6979,8428
2020-05-14,AL,2020-05-07,2020-05-13,10822,2053,448,107,8769,10374
2020-05-21,AL,2020-05-14,2020-05-20,13186,2364,522,74,10822,12664
2020-05-28,AL,2020-05-21,2020-05-27,16263,3077,583,61,13186,15680
2020-06-04,AL,2020-05-28,2020-06-03,18954,2691,650,67,16263,18304
2020-06-11,AL,2020-06-04,2020-06-10,22659,3705,742,92,18954,21917
2020-06-18,AL,2020-06-11,2020-06-17,27941,5282,787,45,22659,27154
2020-06-25,AL,2020-06-18,2020-06-24,32878,4937,886,99,27941,31992
2020-07-02,AL,2020-06-25,2020-07-01,39647,6769,974,88,32878,38673
2020-07-09,AL,2020-07-02,2020-07-08,48149,8502,1058,84,39647,47091
2020-07-16,AL,2020-07-09,2020-07-15,60194,12045,1210,152,48149,58984
2020-07-23,AL,2020-07-16,2020-07-22,72594,12400,1364,154,60194,71230
2020-07-30,AL,2020-07-23,2020-07-29,84652,12058,1539,175,72594,83113
2020-08-06,AL,2020-07-30,2020-08-05,95323,10671,1694,155,84652,93629
2020-08-13,AL,2020-08-06,2020-08-12,104219,8896,1879,185,95323,102340
2020-08-20,AL,2020-08-13,2020-08-19,111696,7477,1942,63,104219,109754
2020-08-27,AL,2020-08-20,2020-08-26,119904,8208,2043,101,111696,117861
2020-09-03,AL,2020-08-27,2020-09-02,128240,8336,2211,168,119904,126029
2020-09-10,AL,2020-09-03,2020-09-09,134061,5821,2281,70,128240,131780
2020-09-17,AL,2020-09-10,2020-09-16,140423,6362,2386,105,134061,138037
2020-09-24,AL,2020-09-17,2020-09-23,146897,6474,2465,79,140423,144432
2020-10-01,AL,2020-09-24,2020-09-30,154772,7875,2530,65,146897,152242
2020-10-08,AL,2020-10-01,2020-10-07,161085,6313,2602,72,154772,158483
2020-10-15,AL,2020-10-08,2020-10-14,168620,7535,2706,104,161085,165914
2020-10-22,AL,2020-10-15,2020-10-21,176605,7985,2826,120,168620,173779
2020-10-29,AL,2020-10-22,2020-10-28,188775,12170,2909,83,176605,185866
2020-11-05,AL,2020-10-29,2020-11-04,198927,10152,3003,94,188775,195924
2020-11-12,AL,2020-11-05,2020-11-11,208637,9710,3198,195,198927,205439
2020-11-19,AL,2020-11-12,2020-11-18,223488,14851,3343,145,208637,220145
2020-11-26,AL,2020-11-19,2020-11-25,239318,15830,3528,185,223488,235790
2020-12-03,AL,2020-11-26,2020-12-02,256828,17510,3708,180,239318,253120
2020-12-10,AL,2020-12-03,2020-12-09,280187,23359,3982,274,256828,276205
2020-12-17,AL,2020-12-10,2020-12-16,305640,25453,4196,214,280187,301444
2020-12-24,AL,2020-12-17,2020-12-23,334569,28929,4585,389,305640,329984
2020-12-31,AL,2020-12-24,2020-12-30,356820,22251,4774,189,334569,352046
2021-01-07,AL,2020-12-31,2021-01-06,384185,27365,4987,213,356820,379198
2021-01-14,AL,2021-01-07,2021-01-13,410996,26811,5752,765,384185,405244
2021-01-21,AL,2021-01-14,2021-01-20,429655,18659,6281,529,410996,423374
2021-01-28,AL,2021-01-21,2021-01-27,449087,19432,7169,888,429655,441918
2021-02-04,AL,2021-01-28,2021-02-03,465061,15974,8201,1032,449087,456860
2021-02-11,AL,2021-02-04,2021-02-10,476015,10954,8888,687,465061,467127
2021-02-18,AL,2021-02-11,2021-02-17,483177,7162,9347,459,476015,473830
2021-02-25,AL,2021-02-18,2021-02-24,490165,6988,9741,394,483177,480424
2021-03-04,AL,2021-02-25,2021-03-03,497144,6979,10026,285,490165,487118
2021-03-11,AL,2021-03-04,2021-03-10,501400,4256,10219,193,497144,491181
2021-03-18,AL,2021-03-11,2021-03-17,509465,8065,10360,141,501400,499105
2021-03-25,AL,2021-03-18,2021-03-24,512669,3204,10481,121,509465,502188
2021-04-01,AL,2021-03-25,2021-03-31,515353,2684,10547,66,512669,504806
2021-04-08,AL,2021-04-01,2021-04-07,517448,2095,10650,103,515353,506798
2021-04-15,AL,2021-04-08,2021-04-14,520759,3311,10725,75,517448,510034
2021-04-22,AL,2021-04-15,2021-04-21,524305,3546,10799,74,520759,513506
2021-04-29,AL,2021-04-22,2021-04-28,527085,2780,10876,77,524305,516209
2021-05-06,AL,2021-04-29,2021-05-05,529459,2374,10928,52,527085,518531
2021-05-13,AL,2021-05-06,2021-05-12,531748,2289,10993,65,529459,520755
2021-05-20,AL,2021-05-13,2021-05-19,540890,9142,11040,47,531748,529850
2021-05-27,AL,2021-05-20,2021-05-26,542828,1938,11132,92,540890,531696
2021-06-03,AL,2021-05-27,2021-06-02,544588,1760,11161,29,542828,533427
2021-06-10,AL,2021-06-03,2021-06-09,546829,2241,11241,80,544588,535588
2021-06-17,AL,2021-06-10,2021-06-16,548305,1476,11280,39,546829,537025
2021-06-24,AL,2021-06-17,2021-06-23,549396,1091,11318,38,548305,538078
2021-07-01,AL,2021-06-24,2021-06-30,550979,1583,11350,32,549396,539629
2021-07-08,AL,2021-07-01,2021-07-07,552911,1932,11386,36,550979,541525
2021-07-15,AL,2021-07-08,2021-07-14,556613,3702,11426,40,552911,545187
2021-07-22,AL,2021-07-15,2021-07-21,563944,7331,11459,33,556613,552485
2021-07-29,AL,2021-07-22,2021-07-28,577463,13519,11508,49,563944,565955
2021-08-05,AL,2021-07-29,2021-08-04,595816,18353,11560,52,577463,584256
2021-08-12,AL,2021-08-05,2021-08-11,619752,23936,11689,129,595816,608063
2021-08-19,AL,2021-08-12,2021-08-18,645851,26099,11872,183,619752,633979
2021-08-26,AL,2021-08-19,2021-08-25,665653,19802,12000,128,645851,653653
2021-09-02,AL,2021-08-26,2021-09-01,704420,38767,12292,292,665653,692128
2021-09-09,AL,2021-09-02,2021-09-08,732154,27734,12487,195,704420,719667
2021-09-16,AL,2021-09-09,2021-09-15,757893,25739,12784,297,732154,745109
2021-09-23,AL,2021-09-16,2021-09-22,778549,20656,13665,881,757893,764884
2021-09-30,AL,2021-09-23,2021-09-29,794773,16224,14200,535,778549,780573
2021-10-07,AL,2021-09-30,2021-10-06,804251,9478,14612,412,794773,789639
2021-10-14,AL,2021-10-07,2021-10-13,810500,6249,14979,367,804251,795521
2021-10-21,AL,2021-10-14,2021-10-20,815998,5498,15308,329,810500,800690
2021-10-28,AL,2021-10-21,2021-10-27,828643,12645,15432,124,815998,813211
2021-11-04,AL,2021-10-28,2021-11-03,833481,4838,15668,236,828643,817813
2021-11-11,AL,2021-11-04,2021-11-10,837339,3858,15910,242,833481,821429
2021-11-18,AL,2021-11-11,2021-11-17,840934,3595,16020,110,837339,824914
2021-11-25,AL,2021-11-18,2021-11-24,844206,3272,16099,79,840934,828107
2021-12-02,AL,2021-11-25,2021-12-01,846306,2100,16140,41,844206,830166
2021-12-09,AL,2021-12-02,2021-12-08,850098,3792,16201,61,846306,833897
2021-12-16,AL,2021-12-09,2021-12-15,854884,4786,16303,102,850098,838581
2021-12-23,AL,2021-12-16,2021-12-22,861110,6226,16378,75,854884,844732
2021-12-30,AL,2021-12-23,2021-12-29,880307,19197,16453,75,861110,863854
2022-01-06,AL,2021-12-30,2022-01-05,932250,51943,16502,49,880307,915748
2022-01-13,AL,2022-01-06,2022-01-12,1004622,72372,16640,138,932250,987982
2022-01-20,AL,2022-01-13,2022-01-19,1088370,83748,16756,116,1004622,1071614
2022-01-27,AL,2022-01-20,2022-01-26,1161930,73560,16914,158,1088370,1145016
2022-02-03,AL,2022-01-27,2022-02-02,1229300,67370,17215,301,1161930,1212085
2022-02-10,AL,2022-02-03,2022-02-09,1254032,24732,17452,237,1229300,1236580
2022-02-17,AL,2022-02-10,2022-02-16,1267908,13876,17748,296,1254032,1250160
2022-02-24,AL,2022-02-17,2022-02-23,1275357,7449,18006,258,1267908,1257351
2022-03-03,AL,2022-02-24,2022-03-02,1281606,6249,18334,328,1275357,1263272
2022-03-10,AL,2022-03-03,2022-03-09,1287823,6217,18694,360,1281606,1269129
2022-03-17,AL,2022-03-10,2022-03-16,1290138,2315,18944,250,1287823,1271194
2022-03-24,AL,2022-03-17,2022-03-23,1291927,1789,19167,223,1290138,1272760
2022-03-31,AL,2022-03-24,2022-03-30,1295015,3088,19284,117,1291927,1275731
2022-04-07,AL,2022-03-31,2022-04-06,1296286,1271,19370,86,1295015,1276916
2022-04-14,AL,2022-04-07,2022-04-13,1297392,1106,19440,70,1296286,1277952
2022-04-21,AL,2022-04-14,2022-04-20,1298637,1245,19523,83,1297392,1279114
2022-04-28,AL,2022-04-21,2022-04-27,1300274,1637,19558,35,1298637,1280716
2022-05-05,AL,2022-04-28,2022-05-04,1301804,1530,19590,32,1300274,1282214
2022-05-12,AL,2022-05-05,2022-05-11,1303827,2023,19606,16,1301804,1284221
2022-05-19,AL,2022-05-12,2022-05-18,1306662,2835,19633,27,1303827,1287029
2022-05-26,AL,2022-05-19,2022-05-25,1310521,3859,19651,18,1306662,1290870
2022-06-02,AL,2022-05-26,2022-06-01,1315934,5413,19664,13,1310521,1296270
2022-06-09,AL,2022-06-02,2022-06-08,1322957,7023,19676,12,1315934,1303281
2022-06-16,AL,2022-06-09,2022-06-15,1331452,8495,19696,20,1322957,1311756
2022-06-23,AL,2022-06-16,2022-06-22,1342150,10698,19722,26,1331452,1322428
2022-06-30,AL,2022-06-23,2022-06-29,1355340,13190,19740,18,1342150,1335600
2022-07-07,AL,2022-06-30,2022-07-06,1367570,12230,19766,26,1355340,1347804
2022-07-14,AL,2022-07-07,2022-07-13,1384836,17266,19812,46,1367570,1365024
2022-07-21,AL,2022-07-14,2022-07-20,1401893,17057,19852,40,1384836,1382041
2022-07-28,AL,2022-07-21,2022-07-27,1419075,17182,19890,38,1401893,1399185
2022-08-04,AL,2022-07-28,2022-08-03,1424411,5336,19891,1,1419075,1404520
2022-08-11,AL,2022-08-04,2022-08-10,1436458,12047,19974,83,1424411,1416484
2022-08-18,AL,2022-08-11,2022-08-17,1449812,13354,20026,52,1436458,1429786
2022-08-25,AL,2022-08-18,2022-08-24,1463933,14121,20041,15,1449812,1443892
2022-09-01,AL,2022-08-25,2022-08-31,1479605,15672,20048,7,1463933,1459557
2022-09-08,AL,2022-09-01,2022-09-07,1494300,14695,20160,112,1479605,1474140
2022-09-15,AL,2022-09-08,2022-09-14,1504180,9880,20239,79,1494300,1483941
2022-09-22,AL,2022-09-15,2022-09-21,1512134,7954,20322,83,1504180,1491812
2022-09-29,AL,2022-09-22,2022-09-28,1517904,5770,20395,73,1512134,1497509
2022-10-06,AL,2022-09-29,2022-10-05,1522135,4231,20422,27,1517904,1501713
2022-10-13,AL,2022-10-06,2022-10-12,1525724,3589,20473,51,1522135,1505251
2022-10-20,AL,2022-10-13,2022-10-19,1528739,3015,20505,32,1525724,1508234
2022-10-27,AL,2022-10-20,2022-10-26,1531305,2566,20533,28,1528739,1510772
2022-11-03,AL,2022-10-27,2022-11-02,1534287,2982,20558,25,1531305,1513729
2022-11-10,AL,2022-11-03,2022-11-09,1540329,6042,20608,50,1534287,1519721
2022-11-17,AL,2022-11-10,2022-11-16,1542227,1898,20617,9,1540329,1521610
2022-11-24,AL,2022-11-17,2022-11-23,1545099,2872,20631,14,1542227,1524468
2022-12-01,AL,2022-11-24,2022-11-30,1549285,4186,20652,21,1545099,1528633
2022-12-08,AL,2022-12-01,2022-12-07,1555092,5807,20682,30,1549285,1534410
2022-12-15,AL,2022-12-08,2022-12-14,1561557,6465,20704,22,1555092,1540853
2022-12-22,AL,2022-12-15,2022-12-21,1568934,7377,20737,33,1561557,1548197
2022-12-29,AL,2022-12-22,2022-12-28,1573637,4703,20757,20,1568934,1552880
2023-01-05,AL,2022-12-29,2023-01-04,1587224,13587,20776,19,1573637,1566448
2023-01-12,AL,2023-01-05,2023-01-11,1596149,8925,20820,44,1587224,1575329
2023-01-19,AL,2023-01-12,2023-01-18,1602891,6742,20846,26,1596149,1582045
2023-01-26,AL,2023-01-19,2023-01-25,1610535,7644,20870,24,1602891,1589665
2023-02-02,AL,2023-01-26,2023-02-01,1617850,7315,20882,12,1610535,1596968
2023-02-09,AL,2023-02-02,2023-02-08,1627670,9820,20892,10,1617850,1606778
2023-02-16,AL,2023-02-09,2023-02-15,1633743,6073,20899,7,1627670,1612844
2023-02-23,AL,2023-02-16,2023-02-22,1638348,4605,20932,33,1633743,1617416
2023-03-02,AL,2023-02-23,2023-03-01,1642062,3714,21001,69,1638348,1621061
2023-03-09,AL,2023-03-02,2023-03-08,1644533,2471,21032,31,1642062,1623501
2023-03-16,AL,2023-03-09,2023-03-15,1646423,1890,21091,59,1644533,1625332
2023-03-23,AL,2023-03-16,2023-03-22,1648385,1962,21113,22,1646423,1627272
2023-03-30,AL,2023-03-23,2023-03-29,1650449,2064,21127,14,1648385,1629322
2023-04-06,AL,2023-03-30,2023-04-05,1652469,2020,21131,4,1650449,1631338
2023-04-13,AL,2023-04-06,2023-04-12,1654101,1632,21133,2,1652469,1632968
2023-04-20,AL,2023-04-13,2023-04-19,1655661,1560,21133,0,1654101,1634528
2023-04-27,AL,2023-04-20,2023-04-26,1657175,1514,21133,0,1655661,1636042
2023-05-04,AL,2023-04-27,2023-05-03,1658639,1464,21137,4,1657175,1637502
2023-05-11,AL,2023-05-04,2023-05-10,1659936,1297,21138,1,1658639,1638798
2020-01-23,AR,2020-01-16,2020-01-22,0,0,0,0,0,0
2020-01-30,AR,2020-01-23,2020-01-29,0,0,0,0,0,0
2020-02-06,AR,2020-01-30,2020-02-05,1,1,0,0,0,1
2020-02-13,AR,2020-02-06,2020-02-12,4,3,0,0,1,4
2020-02-20,AR,2020-02-13,2020-02-19,5,1,0,0,4,5
2020-02-27,AR,2020-02-20,2020-02-26,8,3,0,0,5,8
2020-03-05,AR,2020-02-27,2020-03-04,8,0,0,0,8,8
2020-03-12,AR,2020-03-05,2020-03-11,16,8,0,0,8,16
2020-03-19,AR,2020-03-12,2020-03-18,86,70,3,3,16,83
2020-03-26,AR,2020-03-19,2020-03-25,365,279,19,16,86,346
2020-04-02,AR,2020-03-26,2020-04-01,739,374,31,12,365,708
2020-04-09,AR,2020-04-02,2020-04-08,1229,490,50,19,739,1179
2020-04-16,AR,2020-04-09,2020-04-15,1897,668,66,16,1229,1831
2020-04-23,AR,2020-04-16,2020-04-22,2798,901,100,34,1897,2698
2020-04-30,AR,2020-04-23,2020-04-29,3497,699,117,17,2798,3380
2020-05-07,AR,2020-04-30,2020-05-06,4146,649,129,12,3497,4017
2020-05-14,AR,2020-05-07,2020-05-13,4869,723,151,22,4146,4718
2020-05-21,AR,2020-05-14,2020-05-20,5794,925,168,17,4869,5626
2020-05-28,AR,2020-05-21,2020-05-27,6836,1042,195,27,5794,6641
2020-06-04,AR,2020-05-28,2020-06-03,8712,1876,242,47,6836,8470
2020-06-11,AR,2020-06-04,2020-06-10,11436,2724,300,58,8712,11136
2020-06-18,AR,2020-06-11,2020-06-17,14118,2682,348,48,11436,13770
2020-06-25,AR,2020-06-18,2020-06-24,18412,4294,424,76,14118,17988
2020-07-02,AR,2020-06-25,2020-07-01,21777,3365,476,52,18412,21301
2020-07-09,AR,2020-07-02,2020-07-08,25226,3449,544,68,21777,24682
2020-07-16,AR,2020-07-09,2020-07-15,29334,4108,621,77,25226,28713
2020-07-23,AR,2020-07-16,2020-07-22,33983,4649,711,90,29334,33272
2020-07-30,AR,2020-07-23,2020-07-29,39577,5594,833,122,33983,38744
2020-08-06,AR,2020-07-30,2020-08-05,44992,5415,931,98,39577,44061
2020-08-13,AR,2020-08-06,2020-08-12,49771,4779,1018,87,44992,48753
2020-08-20,AR,2020-08-13,2020-08-19,54001,4230,1106,88,49771,52895
2020-08-27,AR,2020-08-20,2020-08-26,57914,3913,1197,91,54001,56717
2020-09-03,AR,2020-08-27,2020-09-02,62358,4444,1271,74,57914,61087
2020-09-10,AR,2020-09-03,2020-09-09,67232,4874,1370,99,62358,65862
2020-09-17,AR,2020-09-10,2020-09-16,72167,4935,1571,201,67232,70596
2020-09-24,AR,2020-09-17,2020-09-23,77756,5589,1700,129,72167,76056
2020-10-01,AR,2020-09-24,2020-09-30,83295,5539,1830,130,77756,81465
2020-10-08,AR,2020-10-01,2020-10-07,88478,5183,1981,151,83295,86497
2020-10-15,AR,2020-10-08,2020-10-14,94684,6206,2137,156,88478,92547
2020-10-22,AR,2020-10-15,2020-10-21,101111,6427,2273,136,94684,98838
2020-10-29,AR,2020-10-22,2020-10-28,108151,7040,2459,186,101111,105692
2020-11-05,AR,2020-10-29,2020-11-04,115319,7168,2628,169,108151,112691
2020-11-12,AR,2020-11-05,2020-11-11,125971,10652,2879,251,115319,123092
2020-11-19,AR,2020-11-12,2020-11-18,137311,11340,3106,227,125971,134205
2020-11-26,AR,2020-11-19,2020-11-25,149905,12594,3325,219,137311,146580
2020-12-03,AR,2020-11-26,2020-12-02,161816,11911,3591,266,149905,158225
2020-12-10,AR,2020-12-03,2020-12-09,176965,15149,3823,232,161816,173142
2020-12-17,AR,2020-12-10,2020-12-16,192416,15451,4057,234,176965,188359
2020-12-24,AR,2020-12-17,2020-12-23,207289,14873,4352,295,192416,202937
2020-12-31,AR,2020-12-24,2020-12-30,222518,15229,4654,302,207289,217864
2021-01-07,AR,2020-12-31,2021-01-06,241947,19429,4971,317,222518,236976
2021-01-14,AR,2021-01-07,2021-01-13,261275,19328,5165,194,241947,256110
2021-01-21,AR,2021-01-14,2021-01-20,275473,14198,5326,161,261275,270147
2021-01-28,AR,2021-01-21,2021-01-27,288060,12587,5509,183,275473,282551
2021-02-04,AR,2021-01-28,2021-02-03,299585,11525,5629,120,288060,293956
2021-02-11,AR,2021-02-04,2021-02-10,308944,9359,5690,61,299585,303254
2021-02-18,AR,2021-02-11,2021-02-17,313322,4378,5739,49,308944,307583
2021-02-25,AR,2021-02-18,2021-02-24,316560,3238,5778,39,313322,310782
2021-03-04,AR,2021-02-25,2021-03-03,323963,7403,5835,57,316560,318128
2021-03-11,AR,2021-03-04,2021-03-10,326247,2284,5875,40,323963,320372
2021-03-18,AR,2021-03-11,2021-03-17,328314,2067,5920,45,326247,322394
2021-03-25,AR,2021-03-18,2021-03-24,329745,1431,5941,21,328314,323804
2021-04-01,AR,2021-03-25,2021-03-31,330917,1172,5973,32,329745,324944
2021-04-08,AR,2021-04-01,2021-04-07,331991,1074,5988,15,330917,326003
2021-04-15,AR,2021-04-08,2021-04-14,333154,1163,6015,27,331991,327139
2021-04-22,AR,2021-04-15,2021-04-21,334532,1378,6035,20,333154,328497
2021-04-29,AR,2021-04-22,2021-04-28,335766,1234,6050,15,334532,329716
2021-05-06,AR,2021-04-29,2021-05-05,337254,1488,6067,17,335766,331187
2021-05-13,AR,2021-05-06,2021-05-12,338553,1299,6092,25,337254,332461
2021-05-20,AR,2021-05-13,2021-05-19,339892,1339,6111,19,338553,333781
2021-05-27,AR,2021-05-20,2021-05-26,341178,1286,6126,15,339892,335052
2021-06-03,AR,2021-05-27,2021-06-02,342170,992,6143,17,341178,336027
2021-06-10,AR,2021-06-03,2021-06-09,343421,1251,6170,27,342170,337251
2021-06-17,AR,2021-06-10,2021-06-16,345162,1741,6201,31,343421,338961
2021-06-24,AR,2021-06-17,2021-06-23,347070,1908,6232,31,345162,340838
2021-07-01,AR,2021-06-24,2021-06-30,349892,2822,6281,49,347070,343611
2021-07-08,AR,2021-07-01,2021-07-07,353663,3771,6379,98,349892,347284
2021-07-15,AR,2021-07-08,2021-07-14,360747,7084,6495,116,353663,354252
2021-07-22,AR,2021-07-15,2021-07-21,369019,8272,6655,160,360747,362364
2021-07-29,AR,2021-07-22,2021-07-28,381470,12451,6837,182,369019,374633
2021-08-05,AR,2021-07-29,2021-08-04,395304,13834,7058,221,381470,388246
2021-08-12,AR,2021-08-05,2021-08-11,411643,16339,7270,212,395304,404373
2021-08-19,AR,2021-08-12,2021-08-18,426682,15039,7509,239,411643,419173
2021-08-26,AR,2021-08-19,2021-08-25,442345,15663,7713,204,426682,434632
2021-09-02,AR,2021-08-26,2021-09-01,457223,14878,7857,144,442345,449366
2021-09-09,AR,2021-09-02,2021-09-08,469151,11928,7981,124,457223,461170
2021-09-16,AR,2021-09-09,2021-09-15,480720,11569,8121,140,469151,472599
2021-09-23,AR,2021-09-16,2021-09-22,489835,9115,8233,112,480720,481602
2021-09-30,AR,2021-09-23,2021-09-29,496654,6819,8284,51,489835,488370
2021-10-07,AR,2021-09-30,2021-10-06,501766,5112,8357,73,496654,493409
2021-10-14,AR,2021-10-07,2021-10-13,506381,4615,8547,190,501766,497834
2021-10-21,AR,2021-10-14,2021-10-20,510366,3985,8592,45,506381,501774
2021-10-28,AR,2021-10-21,2021-10-27,513476,3110,8624,32,510366,504852
2021-11-04,AR,2021-10-28,2021-11-03,516598,3122,8670,46,513476,507928
2021-11-11,AR,2021-11-04,2021-11-10,519911,3313,8736,66,516598,511175
2021-11-18,AR,2021-11-11,2021-11-17,524388,4477,8796,60,519911,515592
2021-11-25,AR,2021-11-18,2021-11-24,528036,3648,8870,74,524388,519166
2021-12-02,AR,2021-11-25,2021-12-01,531915,3879,8960,90,528036,522955
2021-12-09,AR,2021-12-02,2021-12-08,537551,5636,9074,114,531915,528477
2021-12-16,AR,2021-12-09,2021-12-15,542482,4931,9184,110,537551,533298
2021-12-23,AR,2021-12-16,2021-12-22,548163,5681,9276,92,542482,538887
2021-12-30,AR,2021-12-23,2021-12-29,559468,11305,9435,159,548163,550033
2022-01-06,AR,2021-12-30,2022-01-05,589778,30310,9638,203,559468,580140
2022-01-13,AR,2022-01-06,2022-01-12,640097,50319,9856,218,589778,630241
2022-01-20,AR,2022-01-13,2022-01-19,702993,62896,10174,318,640097,692819
2022-01-27,AR,2022-01-20,2022-01-26,749248,46255,10450,276,702993,738798
2022-02-03,AR,2022-01-27,2022-02-02,779587,30339,10674,224,749248,768913
2022-02-10,AR,2022-02-03,2022-02-09,789258,9671,10810,136,779587,778448
2022-02-17,AR,2022-02-10,2022-02-16,798613,9355,10890,80,789258,787723
2022-02-24,AR,2022-02-17,2022-02-23,804690,6077,10929,39,798613,793761
2022-03-03,AR,2022-02-24,2022-03-02,808627,3937,10993,64,804690,797634
2022-03-10,AR,2022-03-03,2022-03-09,811288,2661,11061,68,808627,800227
2022-03-17,AR,2022-03-10,2022-03-16,814128,2840,11112,51,811288,803016
2022-03-24,AR,2022-03-17,2022-03-23,817799,3671,11148,36,814128,806651
2022-03-31,AR,2022-03-24,2022-03-30,818667,868,11215,67,817799,807452
2022-04-07,AR,2022-03-31,2022-04-06,819467,800,11290,75,818667,808177
2022-04-14,AR,2022-04-07,2022-04-13,820333,866,11317,27,819467,809016
2022-04-21,AR,2022-04-14,2022-04-20,821162,829,11347,30,820333,809815
2022-04-28,AR,2022-04-21,2022-04-27,822236,1074,11360,13,821162,810876
2022-05-05,AR,2022-04-28,2022-05-04,823376,1140,11378,18,822236,811998
2022-05-12,AR,2022-05-05,2022-05-11,824841,1465,11383,5,823376,813458
2022-05-19,AR,2022-05-12,2022-05-18,826722,1881,11398,15,824841,815324
2022-05-26,AR,2022-05-19,2022-05-25,828998,2276,11445,47,826722,817553
2022-06-02,AR,2022-05-26,2022-06-01,831151,2153,11485,40,828998,819666
2022-06-09,AR,2022-06-02,2022-06-08,835099,3948,11508,23,831151,823591
2022-06-16,AR,2022-06-09,2022-06-15,839454,4355,11526,18,835099,827928
2022-06-23,AR,2022-06-16,2022-06-22,844253,4799,11550,24,839454,832703
2022-06-30,AR,2022-06-23,2022-06-29,851042,6789,11578,28,844253,839464
2022-07-07,AR,2022-06-30,2022-07-06,858207,7165,11593,15,851042,846614
2022-07-14,AR,2022-07-07,2022-07-13,867830,9623,11616,23,858207,856214
2022-07-21,AR,2022-07-14,2022-07-20,877018,9188,11651,35,867830,865367
2022-07-28,AR,2022-07-21,2022-07-27,885329,8311,11687,36,877018,873642
2022-08-04,AR,2022-07-28,2022-08-03,892333,7004,11732,45,885329,880601
2022-08-11,AR,2022-08-04,2022-08-10,898472,6139,11787,55,892333,886685
2022-08-18,AR,2022-08-11,2022-08-17,904482,6010,11831,44,898472,892651
2022-08-25,AR,2022-08-18,2022-08-24,910449,5967,11878,47,904482,898571
2022-09-01,AR,2022-08-25,2022-08-31,916929,6480,11917,39,910449,905012
2022-09-08,AR,2022-09-01,2022-09-07,922469,5540,11943,26,916929,910526
2022-09-15,AR,2022-09-08,2022-09-14,927828,5359,11969,26,922469,915859
2022-09-22,AR,2022-09-15,2022-09-21,931736,3908,12028,59,927828,919708
2022-09-29,AR,2022-09-22,2022-09-28,934462,2726,12130,102,931736,922332
2022-10-06,AR,2022-09-29,2022-10-05,936301,1839,12234,104,934462,924067
2022-10-13,AR,2022-10-06,2022-10-12,938106,1805,12333,99,936301,925773
2022-10-20,AR,2022-10-13,2022-10-19,940016,1910,12393,60,938106,927623
2022-10-27,AR,2022-10-20,2022-10-26,941719,1703,12449,56,940016,929270
2022-11-03,AR,2022-10-27,2022-11-02,943557,1838,12503,54,941719,931054
2022-11-10,AR,2022-11-03,2022-11-09,945518,1961,12520,17,943557,932998
2022-11-17,AR,2022-11-10,2022-11-16,947244,1726,12525,5,945518,934719
2022-11-24,AR,2022-11-17,2022-11-23,948939,1695,12542,17,947244,936397
2022-12-01,AR,2022-11-24,2022-11-30,951305,2366,12560,18,948939,938745
2022-12-08,AR,2022-12-01,2022-12-07,954689,3384,12599,39,951305,942090
2022-12-15,AR,2022-12-08,2022-12-14,958206,3517,12643,44,954689,945563
2022-12-22,AR,2022-12-15,2022-12-21,961886,3680,12667,24,958206,949219
2022-12-29,AR,2022-12-22,2022-12-28,964645,2759,12681,14,961886,951964
2023-01-05,AR,2022-12-29,2023-01-04,968469,3824,12694,13,964645,955775
2023-01-12,AR,2023-01-05,2023-01-11,971652,3183,12729,35,968469,958923
2023-01-19,AR,2023-01-12,2023-01-18,973874,2222,12757,28,971652,961117
2023-01-26,AR,2023-01-19,2023-01-25,976195,2321,12803,46,973874,963392
2023-02-02,AR,2023-01-26,2023-02-01,977800,1605,12849,46,976195,964951
2023-02-09,AR,2023-02-02,2023-02-08,979670,1870,12875,26,977800,966795
2023-02-16,AR,2023-02-09,2023-02-15,981101,1431,12901,26,979670,968200
2023-02-23,AR,2023-02-16,2023-02-22,984182,3081,12917,16,981101,971265
2023-03-02,AR,2023-02-23,2023-03-01,985633,1451,12930,13,984182,972703
2023-03-09,AR,2023-03-02,2023-03-08,987081,1448,12948,18,985633,974133
2023-03-16,AR,2023-03-09,2023-03-15,988321,1240,12958,10,987081,975363
2023-03-23,AR,2023-03-16,2023-03-22,989311,990,13054,96,988321,976257
2023-03-30,AR,2023-03-23,2023-03-29,990092,781,13054,0,989311,977038
2023-04-06,AR,2023-03-30,2023-04-05,991010,918,13074,20,990092,977936
2023-04-13,AR,2023-04-06,2023-04-12,991724,714,13074,0,991010,978650
2023-04-20,AR,2023-04-13,2023-04-19,992775,1051,13076,2,991724,979699
2023-04-27,AR,2023-04-20,2023-04-26,993488,713,13115,39,992775,980373
2023-05-04,AR,2023-04-27,2023-05-03,994386,898,13115,0,993488,981271
2023-05-11,AR,2023-05-04,2023-05-10,995043,657,13115,0,994386,981928
2020-01-23,AS,2020-01-16,2020-01-22,0,0,0,0,0,0
2020-01-30,AS,2020-01-23,2020-01-29,0,0,0,0,0,0
2020-02-06,AS,2020-01-30,2020-02-05,0,0,0,0,0,0
2020-02-13,AS,2020-02-06,2020-02-12,0,0,0,0,0,0
2020-02-20,AS,2020-02-13,2020-02-19,0,0,0,0,0,0
2020-02-27,AS,2020-02-20,2020-02-26,0,0,0,0,0,0
2020-03-05,AS,2020-02-27,2020-03-04,0,0,0,0,0,0
2020-03-12,AS,2020-03-05,2020-03-11,0,0,0,0,0,0
2020-03-19,AS,2020-03-12,2020-03-18,0,0,0,0,0,0
2020-03-26,AS,2020-03-19,2020-03-25,0,0,0,0,0,0
2020-04-02,AS,2020-03-26,2020-04-01,0,0,0,0,0,0
2020-04-09,AS,2020-04-02,2020-04-08,0,0,0,0,0,0
2020-04-16,AS,2020-04-09,2020-04-15,0,0,0,0,0,0
2020-04-23,AS,2020-04-16,2020-04-22,0,0,0,0,0,0
2020-04-30,AS,2020-04-23,2020-04-29,0,0,0,0,0,0
2020-05-07,AS,2020-04-30,2020-05-06,0,0,0,0,0,0
2020-05-14,AS,2020-05-07,2020-05-13,0,0,0,0,0,0
2020-05-21,AS,2020-05-14,2020-05-20,0,0,0,0,0,0
2020-05-28,AS,2020-05-21,2020-05-27,0,0,0,0,0,0
2020-06-04,AS,2020-05-28,2020-06-03,0,0,0,0,0,0
2020-06-11,AS,2020-06-04,2020-06-10,0,0,0,0,0,0
2020-06-18,AS,2020-06-11,2020-06-17,0,0,0,0,0,0
2020-06-25,AS,2020-06-18,2020-06-24,0,0,0,0,0,0
2020-07-02,AS,2020-06-25,2020-07-01,0,0,0,0,0,0
2020-07-09,AS,2020-07-02,2020-07-08,0,0,0,0,0,0
2020-07-16,AS,2020-07-09,2020-07-15,0,0,0,0,0,0
2020-07-23,AS,2020-07-16,2020-07-22,0,0,0,0,0,0
2020-07-30,AS,2020-07-23,2020-07-29,0,0,0,0,0,0
2020-08-06,AS,2020-07-30,2020-08-05,0,0,0,0,0,0
2020-08-13,AS,2020-08-06,2020-08-12,0,0,0,0,0,0
2020-08-20,AS,2020-08-13,2020-08-19,0,0,0,0,0,0
2020-08-27,AS,2020-08-20,2020-08-26,0,0,0,0,0,0
2020-09-03,AS,2020-08-27,2020-09-02,0,0,0,0,0,0
2020-09-10,AS,2020-09-03,2020-09-09,0,0,0,0,0,0
2020-09-17,AS,2020-09-10,2020-09-16,0,0,0,0,0,0
2020-09-24,AS,2020-09-17,2020-09-23,0,0,0,0,0,0
2020-10-01,AS,2020-09-24,2020-09-30,0,0,0,0,0,0
2020-10-08,AS,2020-10-01,2020-10-07,0,0,0,0,0,0
2020-10-15,AS,2020-10-08,2020-10-14,0,0,0,0,0,0
2020-10-22,AS,2020-10-15,2020-10-21,0,0,0,0,0,0
2020-10-29,AS,2020-10-22,2020-10-28,0,0,0,0,0,0
2020-11-05,AS,2020-10-29,2020-11-04,0,0,0,0,0,0
2020-11-12,AS,2020-11-05,2020-11-11,0,0,0,0,0,0
2020-11-19,AS,2020-11-12,2020-11-18,0,0,0,0,0,0
2020-11-26,AS,2020-11-19,2020-11-25,0,0,0,0,0,0
2020-12-03,AS,2020-11-26,2020-12-02,0,0,0,0,0,0
2020-12-10,AS,2020-12-03,2020-12-09,0,0,0,0,0,0
2020-12-17,AS,2020-12-10,2020-12-16,0,0,0,0,0,0
2020-12-24,AS,2020-12-17,2020-12-23,0,0,0,0,0,0
2020-12-31,AS,2020-12-24,2020-12-30,0,0,0,0,0,0
2021-01-07,AS,2020-12-31,2021-01-06,0,0,0,0,0,0
2021-01-14,AS,2021-01-07,2021-01-13,0,0,0,0,0,0
2021-01-21,AS,2021-01-14,2021-01-20,0,0,0,0,0,0
2021-01-28,AS,2021-01-21,2021-01-27,0,0,0,0,0,0
2021-02-04,AS,2021-01-28,2021-02-03,0,0,0,0,0,0
2021-02-11,AS,2021-02-04,2021-02-10,0,0,0,0,0,0
2021-02-18,AS,2021-02-11,2021-02-17,0,0,0,0,0,0
2021-02-25,AS,2021-02-18,2021-02-24,0,0,0,0,0,0
2021-03-04,AS,2021-02-25,2021-03-03,0,0,0,0,0,0
2021-03-11,AS,2021-03-04,2021-03-10,0,0,0,0,0,0
2021-03-18,AS,2021-03-11,2021-03-17,0,0,0,0,0,0
2021-03-25,AS,2021-03-18,2021-03-24,0,0,0,0,0,0
2021-04-01,AS,2021-03-25,2021-03-31,0,0,0,0,0,0
2021-04-08,AS,2021-04-01,2021-04-07,0,0,0,0,0,0
2021-04-15,AS,2021-04-08,2021-04-14,0,0,0,0,0,0
2021-04-22,AS,2021-04-15,2021-04-21,0,0,0,0,0,0
2021-04-29,AS,2021-04-22,2021-04-28,0,0,0,0,0,0
2021-05-06,AS,2021-04-29,2021-05-05,0,0,0,0,0,0
2021-05-13,AS,2021-05-06,2021-05-12,0,0,0,0,0,0
2021-05-20,AS,2021-05-13,2021-05-19,0,0,0,0,0,0
2021-05-27,AS,2021-05-20,2021-05-26,0,0,0,0,0,0
2021-06-03,AS,2021-05-27,2021-06-02,0,0,0,0,0,0
2021-06-10,AS,2021-06-03,2021-06-09,0,0,0,0,0,0
2021-06-17,AS,2021-06-10,2021-06-16,0,0,0,0,0,0
2021-06-24,AS,2021-06-17,2021-06-23,0,0,0,0,0,0
2021-07-01,AS,2021-06-24,2021-06-30,0,0,0,0,0,0
2021-07-08,AS,2021-07-01,2021-07-07,0,0,0,0,0,0
2021-07-15,AS,2021-07-08,2021-07-14,0,0,0,0,0,0
2021-07-22,AS,2021-07-15,2021-07-21,0,0,0,0,0,0
2021-07-29,AS,2021-07-22,2021-07-28,0,0,0,0,0,0
2021-08-05,AS,2021-07-29,2021-08-04,0,0,0,0,0,0
2021-08-12,AS,2021-08-05,2021-08-11,0,0,0,0,0,0
2021-08-19,AS,2021-08-12,2021-08-18,0,0,0,0,0,0
2021-08-26,AS,2021-08-19,2021-08-25,0,0,0,0,0,0
2021-09-02,AS,2021-08-26,2021-09-01,0,0,0,0,0,0
2021-09-09,AS,2021-09-02,2021-09-08,0,0,0,0,0,0
2021-09-16,AS,2021-09-09,2021-09-15,0,0,0,0,0,0
2021-09-23,AS,2021-09-16,2021-09-22,1,1,0,0,0,1
2021-09-30,AS,2021-09-23,2021-09-29,1,0,0,0,1,1
2021-10-07,AS,2021-09-30,2021-10-06,3,2,0,0,1,3
2021-10-14,AS,2021-10-07,2021-10-13,3,0,0,0,3,3
2021-10-21,AS,2021-10-14,2021-10-20,3,0,0,0,3,3
2021-10-28,AS,2021-10-21,2021-10-27,4,1,0,0,3,4
2021-11-04,AS,2021-10-28,2021-11-03,4,0,0,0,4,4
2021-11-11,AS,2021-11-04,2021-11-10,4,0,0,0,4,4
2021-11-18,AS,2021-11-11,2021-11-17,5,1,0,0,4,5
2021-11-25,AS,2021-11-18,2021-11-24,5,0,0,0,5,5
2021-12-02,AS,2021-11-25,2021-12-01,10,5,0,0,5,10
2021-12-09,AS,2021-12-02,2021-12-08,10,0,0,0,10,10
2021-12-16,AS,2021-12-09,2021-12-15,10,0,0,0,10,10
2021-12-23,AS,2021-12-16,2021-12-22,11,1,0,0,10,11
2021-12-30,AS,2021-12-23,2021-12-29,11,0,0,0,11,11
2022-01-06,AS,2021-12-30,2022-01-05,11,0,0,0,11,11
2022-01-13,AS,2022-01-06,2022-01-12,18,7,0,0,11,18
2022-01-20,AS,2022-01-13,2022-01-19,18,0,0,0,18,18
2022-01-27,AS,2022-01-20,2022-01-26,18,0,0,0,18,18
2022-02-03,AS,2022-01-27,2022-02-02,22,4,0,0,18,22
2022-02-10,AS,2022-02-03,2022-02-09,57,35,0,0,22,57
2022-02-17,AS,2022-02-10,2022-02-16,57,0,0,0,57,57
2022-02-24,AS,2022-02-17,2022-02-23,72,15,0,0,57,72
2022-03-03,AS,2022-02-24,2022-03-02,146,74,0,0,72,146
2022-03-10,AS,2022-03-03,2022-03-09,352,206,0,0,146,352
2022-03-17,AS,2022-03-10,2022-03-16,779,427,0,0,352,779
2022-03-24,AS,2022-03-17,2022-03-23,1993,1214,0,0,779,1993
2022-03-31,AS,2022-03-24,2022-03-30,3483,1490,3,3,1993,3480
2022-04-07,AS,2022-03-31,2022-04-06,5018,1535,8,5,3483,5010
2022-04-14,AS,2022-04-07,2022-04-13,5536,518,18,10,5018,5518
2022-04-21,AS,2022-04-14,2022-04-20,5663,127,21,3,5536,5642
2022-04-28,AS,2022-04-21,2022-04-27,5817,154,26,5,5663,5791
2022-05-05,AS,2022-04-28,2022-05-04,5873,56,27,1,5817,5846
2022-05-12,AS,2022-05-05,2022-05-11,5991,118,30,3,5873,5961
2022-05-19,AS,2022-05-12,2022-05-18,6065,74,30,0,5991,6035
2022-05-26,AS,2022-05-19,2022-05-25,6110,45,31,1,6065,6079
2022-06-02,AS,2022-05-26,2022-06-01,6192,82,31,0,6110,6161
2022-06-09,AS,2022-06-02,2022-06-08,6192,0,31,0,6192,6161
2022-06-16,AS,2022-06-09,2022-06-15,6270,78,31,0,6192,6239
2022-06-23,AS,2022-06-16,2022-06-22,6342,72,31,0,6270,6311
2022-06-30,AS,2022-06-23,2022-06-29,6414,72,31,0,6342,6383
2022-07-07,AS,2022-06-30,2022-07-06,6505,91,31,0,6414,6474
2022-07-14,AS,2022-07-07,2022-07-13,6505,0,31,0,6505,6474
2022-07-21,AS,2022-07-14,2022-07-20,7471,966,33,2,6505,7438
2022-07-28,AS,2022-07-21,2022-07-27,7471,0,33,0,7471,7438
2022-08-04,AS,2022-07-28,2022-08-03,7952,481,33,0,7471,7919
2022-08-11,AS,2022-08-04,2022-08-10,8042,90,33,0,7952,8009
2022-08-18,AS,2022-08-11,2022-08-17,8042,0,33,0,8042,8009
2022-08-25,AS,2022-08-18,2022-08-24,8168,126,34,1,8042,8134
2022-09-01,AS,2022-08-25,2022-08-31,8168,0,34,0,8168,8134
2022-09-08,AS,2022-09-01,2022-09-07,8217,49,34,0,8168,8183
2022-09-15,AS,2022-09-08,2022-09-14,8217,0,34,0,8217,8183
2022-09-22,AS,2022-09-15,2022-09-21,8244,27,34,0,8217,8210
2022-09-29,AS,2022-09-22,2022-09-28,8247,3,34,0,8244,8213
2022-10-06,AS,2022-09-29,2022-10-05,8250,3,34,0,8247,8216
2022-10-13,AS,2022-10-06,2022-10-12,8250,0,34,0,8250,8216
2022-10-20,AS,2022-10-13,2022-10-19,8251,1,34,0,8250,8217
2022-10-27,AS,2022-10-20,2022-10-26,8257,6,34,0,8251,8223
2022-11-03,AS,2022-10-27,2022-11-02,8257,0,34,0,8257,8223
2022-11-10,AS,2022-11-03,2022-11-09,8257,0,34,0,8257,8223
2022-11-17,AS,2022-11-10,2022-11-16,8262,5,34,0,8257,8228
2022-11-24,AS,2022-11-17,2022-11-23,8262,0,34,0,8262,8228
2022-12-01,AS,2022-11-24,2022-11-30,8263,1,34,0,8262,8229
2022-12-08,AS,2022-12-01,2022-12-07,8264,1,34,0,8263,8230
2022-12-15,AS,2022-12-08,2022-12-14,8265,1,34,0,8264,8231
2022-12-22,AS,2022-12-15,2022-12-21,8266,1,34,0,8265,8232
2022-12-29,AS,2022-12-22,2022-12-28,8266,0,34,0,8266,8232
2023-01-05,AS,2022-12-29,2023-01-04,8266,0,34,0,8266,8232
2023-01-12,AS,2023-01-05,2023-01-11,8309,43,34,0,8266,8275
2023-01-19,AS,2023-01-12,2023-01-18,8309,0,34,0,8309,8275
2023-01-26,AS,2023-01-19,2023-01-25,8317,8,34,0,8309,8283
2023-02-02,AS,2023-01-26,2023-02-01,8320,3,34,0,8317,8286
2023-02-09,AS,2023-02-02,2023-02-08,8320,0,34,0,8320,8286
2023-02-16,AS,2023-02-09,2023-02-15,8320,0,34,0,8320,8286
2023-02-23,AS,2023-02-16,2023-02-22,8320,0,34,0,8320,8286
2023-03-02,AS,2023-02-23,2023-03-01,8320,0,34,0,8320,8286
2023-03-09,AS,2023-03-02,2023-03-08,8320,0,34,0,8320,8286
2023-03-16,AS,2023-03-09,2023-03-15,8320,0,34,0,8320,8286
2023-03-23,AS,2023-03-16,2023-03-22,8321,1,34,0,8320,8287
2023-03-30,AS,2023-03-23,2023-03-29,8324,3,34,0,8321,8290
2023-04-06,AS,2023-03-30,2023-04-05,8326,2,34,0,8324,8292
2023-04-13,AS,2023-04-06,2023-04-12,8326,0,34,0,8326,8292
2023-04-20,AS,2023-04-13,2023-04-19,8329,3,34,0,8326,8295
2023-04-27,AS,2023-04-20,2023-04-26,8329,0,34,0,8329,8295
2023-05-04,AS,2023-04-27,2023-05-03,8329,0,34,0,8329,8295
2023-05-11,AS,2023-05-04,2023-05-10,8331,2,34,0,8329,8297
2020-01-23,AZ,2020-01-16,2020-01-22,0,0,0,0,0,0
2020-01-30,AZ,2020-01-23,2020-01-29,1,1,0,0,0,1
2020-02-06,AZ,2020-01-30,2020-02-05,1,0,0,0,1,1
2020-02-13,AZ,2020-02-06,2020-02-12,1,0,0,0,1,1
2020-02-20,AZ,2020-02-13,2020-02-19,1,0,0,0,1,1
2020-02-27,AZ,2020-02-20,2020-02-26,1,0,0,0,1,1
2020-03-05,AZ,2020-02-27,2020-03-04,1,0,0,0,1,1
2020-03-12,AZ,2020-03-05,2020-03-11,9,8,0,0,1,9
2020-03-19,AZ,2020-03-12,2020-03-18,27,18,0,0,9,27
2020-03-26,AZ,2020-03-19,2020-03-25,401,374,6,6,27,395
2020-04-02,AZ,2020-03-26,2020-04-01,1413,1012,32,26,401,1381
2020-04-09,AZ,2020-04-02,2020-04-08,2726,1313,89,57,1413,2637
2020-04-16,AZ,2020-04-09,2020-04-15,3969,1243,155,66,2726,3814
2020-04-23,AZ,2020-04-16,2020-04-22,5473,1504,231,76,3969,5242
2020-04-30,AZ,2020-04-23,2020-04-29,7209,1736,308,77,5473,6901
2020-05-07,AZ,2020-04-30,2020-05-06,9707,2498,426,118,7209,9281
2020-05-14,AZ,2020-05-07,2020-05-13,12216,2509,595,169,9707,11621
2020-05-21,AZ,2020-05-14,2020-05-20,14906,2690,747,152,12216,14159
2020-05-28,AZ,2020-05-21,2020-05-27,17319,2413,834,87,14906,16485
2020-06-04,AZ,2020-05-28,2020-06-03,22354,5035,983,149,17319,21371
2020-06-11,AZ,2020-06-04,2020-06-10,29852,7498,1100,117,22354,28752
2020-06-18,AZ,2020-06-11,2020-06-17,40937,11085,1248,148,29852,39689
2020-06-25,AZ,2020-06-18,2020-06-24,60190,19253,1466,218,40937,58724
2020-07-02,AZ,2020-06-25,2020-07-01,84115,23925,1724,258,60190,82391
2020-07-09,AZ,2020-07-02,2020-07-08,108614,24499,1961,237,84115,106653
2020-07-16,AZ,2020-07-09,2020-07-15,131354,22740,2433,472,108614,128921
2020-07-23,AZ,2020-07-16,2020-07-22,150618,19264,2974,541,131354,147644
2020-07-30,AZ,2020-07-23,2020-07-29,168275,17657,3453,479,150618,164822
2020-08-06,AZ,2020-07-30,2020-08-05,182210,13935,3931,478,168275,178279
2020-08-13,AZ,2020-08-06,2020-08-12,189443,7233,4346,415,182210,185097
2020-08-20,AZ,2020-08-13,2020-08-19,195560,6117,4632,286,189443,190928
2020-08-27,AZ,2020-08-20,2020-08-26,199469,3909,4895,263,195560,194574
2020-09-03,AZ,2020-08-27,2020-09-02,202861,3392,5067,172,199469,197794
2020-09-10,AZ,2020-09-03,2020-09-09,206541,3680,5251,184,202861,201290
2020-09-17,AZ,2020-09-10,2020-09-16,209907,3366,5370,119,206541,204537
2020-09-24,AZ,2020-09-17,2020-09-23,215288,5381,5527,157,209907,209761
2020-10-01,AZ,2020-09-24,2020-09-30,218508,3220,5653,126,215288,212855
2020-10-08,AZ,2020-10-01,2020-10-07,222541,4033,5733,80,218508,216808
2020-10-15,AZ,2020-10-08,2020-10-14,227637,5096,5772,39,222541,221865
2020-10-22,AZ,2020-10-15,2020-10-21,233912,6275,5854,82,227637,228058
2020-10-29,AZ,2020-10-22,2020-10-28,241165,7253,5905,51,233912,235260
2020-11-05,AZ,2020-10-29,2020-11-04,250633,9468,6059,154,241165,244574
2020-11-12,AZ,2020-11-05,2020-11-11,265163,14530,6228,169,250633,258935
2020-11-19,AZ,2020-11-12,2020-11-18,283102,17939,6365,137,265163,276737
2020-11-26,AZ,2020-11-19,2020-11-25,310850,27748,6524,159,283102,304326
2020-12-03,AZ,2020-11-26,2020-12-02,340979,30129,6739,215,310850,334240
2020-12-10,AZ,2020-12-03,2020-12-09,382601,41622,7081,342,340979,375520
2020-12-17,AZ,2020-12-10,2020-12-16,429285,46684,7530,449,382601,421755
2020-12-24,AZ,2020-12-17,2020-12-23,473273,43988,8180,650,429285,465093
2020-12-31,AZ,2020-12-24,2020-12-30,512489,39216,8718,538,473273,503771
2021-01-07,AZ,2020-12-31,2021-01-06,574680,62191,9444,726,512489,565236
2021-01-14,AZ,2021-01-07,2021-01-13,641729,67049,10673,1229,574680,631056
2021-01-21,AZ,2021-01-14,2021-01-20,690544,48815,11528,855,641729,679016
2021-01-28,AZ,2021-01-21,2021-01-27,738561,48017,12643,1115,690544,725918
2021-02-04,AZ,2021-01-28,2021-02-03,767379,28818,13576,933,738561,753803
2021-02-11,AZ,2021-02-04,2021-02-10,789262,21883,14462,886,767379,774800
2021-02-18,AZ,2021-02-11,2021-02-17,801055,11793,15063,601,789262,785992
2021-02-25,AZ,2021-02-18,2021-02-24,811968,10913,15693,630,801055,796275
2021-03-04,AZ,2021-02-25,2021-03-03,819816,7848,16091,398,811968,803725
2021-03-11,AZ,2021-03-04,2021-03-10,828468,8652,16405,314,819816,812063
2021-03-18,AZ,2021-03-11,2021-03-17,833859,5391,16585,180,828468,817274
2021-03-25,AZ,2021-03-18,2021-03-24,837828,3969,16842,257,833859,820986
2021-04-01,AZ,2021-03-25,2021-03-31,841807,3979,16954,112,837828,824853
2021-04-08,AZ,2021-04-01,2021-04-07,846231,4424,17024,70,841807,829207
2021-04-15,AZ,2021-04-08,2021-04-14,851265,5034,17106,82,846231,834159
2021-04-22,AZ,2021-04-15,2021-04-21,855804,4539,17196,90,851265,838608
2021-04-29,AZ,2021-04-22,2021-04-28,860772,4968,17281,85,855804,843491
2021-05-06,AZ,2021-04-29,2021-05-05,866008,5236,17357,76,860772,848651
2021-05-13,AZ,2021-05-06,2021-05-12,870611,4603,17427,70,866008,853184
2021-05-20,AZ,2021-05-13,2021-05-19,874562,3951,17490,63,870611,857072
2021-05-27,AZ,2021-05-20,2021-05-26,878312,3750,17570,80,874562,860742
2021-06-03,AZ,2021-05-27,2021-06-02,882180,3868,17642,72,878312,864538
2021-06-10,AZ,2021-06-03,2021-06-09,885002,2822,17707,65,882180,867295
2021-06-17,AZ,2021-06-10,2021-06-16,887973,2971,17782,75,885002,870191
2021-06-24,AZ,2021-06-17,2021-06-23,891025,3052,17868,86,887973,873157
2021-07-01,AZ,2021-06-24,2021-06-30,894872,3847,17936,68,891025,876936
2021-07-08,AZ,2021-07-01,2021-07-07,898283,3411,18004,68,894872,880279
2021-07-15,AZ,2021-07-08,2021-07-14,903851,5568,18075,71,898283,885776
2021-07-22,AZ,2021-07-15,2021-07-21,911462,7611,18126,51,903851,893336
2021-07-29,AZ,2021-07-22,2021-07-28,921445,9983,18186,60,911462,903259
2021-08-05,AZ,2021-07-29,2021-08-04,935647,14202,18290,104,921445,917357
2021-08-12,AZ,2021-08-05,2021-08-11,952797,17150,18406,116,935647,934391
2021-08-19,AZ,2021-08-12,2021-08-18,972925,20128,18504,98,952797,954421
2021-08-26,AZ,2021-08-19,2021-08-25,991309,18384,18638,134,972925,972671
2021-09-02,AZ,2021-08-26,2021-09-01,1016663,25354,18853,215,991309,997810
2021-09-09,AZ,2021-09-02,2021-09-08,1037013,20350,19076,223,1016663,1017937
2021-09-16,AZ,2021-09-09,2021-09-15,1055919,18906,19330,254,1037013,1036589
2021-09-23,AZ,2021-09-16,2021-09-22,1072863,16944,19650,320,1055919,1053213
2021-09-30,AZ,2021-09-23,2021-09-29,1090839,17976,19941,291,1072863,1070898
2021-10-07,AZ,2021-09-30,2021-10-06,1108830,17991,20218,277,1090839,1088612
2021-10-14,AZ,2021-10-07,2021-10-13,1124709,15879,20438,220,1108830,1104271
2021-10-21,AZ,2021-10-14,2021-10-20,1139627,14918,20727,289,1124709,1118900
2021-10-28,AZ,2021-10-21,2021-10-27,1156731,17104,21045,318,1139627,1135686
2021-11-04,AZ,2021-10-28,2021-11-03,1175520,18789,21273,228,1156731,1154247
2021-11-11,AZ,2021-11-04,2021-11-10,1199277,23757,21527,254,1175520,1177750
2021-11-18,AZ,2021-11-11,2021-11-17,1223892,24615,21754,227,1199277,1202138
2021-11-25,AZ,2021-11-18,2021-11-24,1252248,28356,22098,344,1223892,1230150
2021-12-02,AZ,2021-11-25,2021-12-01,1272943,20695,22350,252,1252248,1250593
2021-12-09,AZ,2021-12-02,2021-12-08,1301598,28655,22779,429,1272943,1278819
2021-12-16,AZ,2021-12-09,2021-12-15,1323997,22399,23324,545,1301598,1300673
2021-12-23,AZ,2021-12-16,2021-12-22,1344183,20186,23816,492,1323997,1320367
2021-12-30,AZ,2021-12-23,2021-12-29,1368080,23897,24171,355,1344183,1343909
2022-01-06,AZ,2021-12-30,2022-01-05,1419562,51482,24570,399,1368080,1394992
2022-01-13,AZ,2022-01-06,2022-01-12,1524363,104801,24993,423,1419562,1499370
2022-01-20,AZ,2022-01-13,2022-01-19,1666191,141828,25416,423,1524363,1640775
2022-01-27,AZ,2022-01-20,2022-01-26,1799503,133312,25899,483,1666191,1773604
2022-02-03,AZ,2022-01-27,2022-02-02,1886541,87038,26369,470,1799503,1860172
2022-02-10,AZ,2022-02-03,2022-02-09,1931642,45101,26856,487,1886541,1904786
2022-02-17,AZ,2022-02-10,2022-02-16,1957085,25443,27190,334,1931642,1929895
2022-02-24,AZ,2022-02-17,2022-02-23,1971678,14593,27705,515,1957085,1943973
2022-03-03,AZ,2022-02-24,2022-03-02,1976890,5212,27707,2,1971678,1949183
2022-03-10,AZ,2022-03-03,2022-03-09,1987318,10428,28090,383,1976890,1959228
2022-03-17,AZ,2022-03-10,2022-03-16,1992471,5153,28546,456,1987318,1963925
2022-03-24,AZ,2022-03-17,2022-03-23,1997037,4566,28882,336,1992471,1968155
2022-03-31,AZ,2022-03-24,2022-03-30,2007180,10143,29268,386,1997037,1977912
2022-04-07,AZ,2022-03-31,2022-04-06,2014008,6828,29681,413,2007180,1984327
2022-04-14,AZ,2022-04-07,2022-04-13,2016729,2721,29822,141,2014008,1986907
2022-04-21,AZ,2022-04-14,2022-04-20,2019166,2437,29852,30,2016729,1989314
2022-04-28,AZ,2022-04-21,2022-04-27,2021524,2358,29951,99,2019166,1991573
2022-05-05,AZ,2022-04-28,2022-05-04,2025435,3911,30189,238,2021524,1995246
2022-05-12,AZ,2022-05-05,2022-05-11,2030925,5490,30230,41,2025435,2000695
2022-05-19,AZ,2022-05-12,2022-05-18,2038129,7204,30259,29,2030925,2007870
2022-05-26,AZ,2022-05-19,2022-05-25,2049627,11498,30299,40,2038129,2019328
2022-06-02,AZ,2022-05-26,2022-06-01,2062669,13042,30332,33,2049627,2032337
2022-06-09,AZ,2022-06-02,2022-06-08,2077346,14677,30371,39,2062669,2046975
2022-06-16,AZ,2022-06-09,2022-06-15,2093680,16334,30399,28,2077346,2063281
2022-06-23,AZ,2022-06-16,2022-06-22,2109053,15373,30451,52,2093680,2078602
2022-06-30,AZ,2022-06-23,2022-06-29,2125567,16514,30515,64,2109053,2095052
2022-07-07,AZ,2022-06-30,2022-07-06,2145765,20198,30572,57,2125567,2115193
2022-07-14,AZ,2022-07-07,2022-07-13,2161045,15280,30632,60,2145765,2130413
2022-07-21,AZ,2022-07-14,2022-07-20,2179180,18135,30698,66,2161045,2148482
2022-07-28,AZ,2022-07-21,2022-07-27,2196429,17249,30768,70,2179180,2165661
2022-08-04,AZ,2022-07-28,2022-08-03,2211463,15034,30842,74,2196429,2180621
2022-08-11,AZ,2022-08-04,2022-08-10,2224964,13501,30901,59,2211463,2194063
2022-08-18,AZ,2022-08-11,2022-08-17,2237208,12244,30982,81,2224964,2206226
2022-08-25,AZ,2022-08-18,2022-08-24,2245713,8505,31047,65,2237208,2214666
2022-09-01,AZ,2022-08-25,2022-08-31,2254337,8624,31114,67,2245713,2223223
2022-09-08,AZ,2022-09-01,2022-09-07,2258018,3681,31162,48,2254337,2226856
2022-09-15,AZ,2022-09-08,2022-09-14,2264159,6141,31243,81,2258018,2232916
2022-09-22,AZ,2022-09-15,2022-09-21,2268158,3999,31325,82,2264159,2236833
2022-09-29,AZ,2022-09-22,2022-09-28,2271560,3402,31369,44,2268158,2240191
2022-10-06,AZ,2022-09-29,2022-10-05,2275235,3675,31405,36,2271560,2243830
2022-10-13,AZ,2022-10-06,2022-10-12,2277635,2400,31454,49,2275235,2246181
2022-10-20,AZ,2022-10-13,2022-10-19,2283073,5438,31514,60,2277635,2251559
2022-10-27,AZ,2022-10-20,2022-10-26,2287886,4813,31548,34,2283073,2256338
2022-11-03,AZ,2022-10-27,2022-11-02,2293015,5129,31573,25,2287886,2261442
2022-11-10,AZ,2022-11-03,2022-11-09,2300375,7360,31613,40,2293015,2268762
2022-11-17,AZ,2022-11-10,2022-11-16,2311150,10775,31646,33,2300375,2279504
2022-11-24,AZ,2022-11-17,2022-11-23,2324560,13410,31709,63,2311150,2292851
2022-12-01,AZ,2022-11-24,2022-11-30,2337547,12987,31751,42,2324560,2305796
2022-12-08,AZ,2022-12-01,2022-12-07,2353530,15983,31822,71,2337547,2321708
2022-12-15,AZ,2022-12-08,2022-12-14,2365080,11550,31929,107,2353530,2333151
2022-12-22,AZ,2022-12-15,2022-12-21,2373361,8281,32038,109,2365080,2341323
2022-12-29,AZ,2022-12-22,2022-12-28,2378334,4973,32182,144,2373361,2346152
2023-01-05,AZ,2022-12-29,2023-01-04,2384521,6187,32311,129,2378334,2352210
2023-01-12,AZ,2023-01-05,2023-01-11,2391890,7369,32503,192,2384521,2359387
2023-01-19,AZ,2023-01-12,2023-01-18,2394646,2756,32631,128,2391890,2362015
2023-01-26,AZ,2023-01-19,2023-01-25,2398200,3554,32775,144,2394646,2365425
2023-02-02,AZ,2023-01-26,2023-02-01,2401287,3087,32882,107,2398200,2368405
2023-02-09,AZ,2023-02-02,2023-02-08,2404386,3099,32936,54,2401287,2371450
2023-02-16,AZ,2023-02-09,2023-02-15,2407765,3379,33003,67,2404386,2374762
2023-02-23,AZ,2023-02-16,2023-02-22,2434631,3716,33042,39,2430915,2401589
2023-03-02,AZ,2023-02-23,2023-03-01,2440294,5663,33076,34,2434631,2407218
2023-03-09,AZ,2023-03-02,2023-03-08,2443514,3220,33102,26,2440294,2410412
2023-03-16,AZ,2023-03-09,2023-03-15,2448406,4892,33158,56,2443514,2415248
2023-03-23,AZ,2023-03-16,2023-03-22,2451057,2651,33190,32,2448406,2417867
2023-03-30,AZ,2023-03-23,2023-03-29,2454320,3263,33225,35,2451057,2421095
2023-04-06,AZ,2023-03-30,2023-04-05,2457251,2931,33258,33,2454320,2423993
2023-04-13,AZ,2023-04-06,2023-04-12,2460926,3675,33293,35,2457251,2427633
2023-04-20,AZ,2023-04-13,2023-04-19,2464334,3408,33372,79,2460926,2430962
2023-04-27,AZ,2023-04-20,2023-04-26,2468340,4006,33395,23,2464334,2434945
2023-05-04,AZ,2023-04-27,2023-05-03,2471546,3206,33417,22,2468340,2438129
2023-05-11,AZ,2023-05-04,2023-05-10,2474154,2608,33451,34,2471546,2440703
2020-01-23,CA,2020-01-16,2020-01-22,0,0,0,0,0,0
2020-01-30,CA,2020-01-23,2020-01-29,2,2,0,0,0,2
2020-02-06,CA,2020-01-30,2020-02-05,8,6,0,0,2,8
2020-02-13,CA,2020-02-06,2020-02-12,16,8,0,0,8,16
2020-02-20,CA,2020-02-13,2020-02-19,30,14,0,0,16,30
2020-02-27,CA,2020-02-20,2020-02-26,52,22,0,0,30,52
2020-03-05,CA,2020-02-27,2020-03-04,80,28,1,1,52,79
2020-03-12,CA,2020-03-05,2020-03-11,220,140,3,2,80,217
2020-03-19,CA,2020-03-12,2020-03-18,688,468,15,12,220,673
2020-03-26,CA,2020-03-19,2020-03-25,3000,2312,64,49,688,2936
2020-04-02,CA,2020-03-26,2020-04-01,8169,5169,172,108,3000,7997
2020-04-09,CA,2020-04-02,2020-04-08,17141,8972,442,270,8169,16699
2020-04-16,CA,2020-04-09,2020-04-15,24509,7368,788,346,17141,23721
2020-04-23,CA,2020-04-16,2020-04-22,35489,10980,1295,507,24509,34194
2020-04-30,CA,2020-04-23,2020-04-29,46601,11112,1811,516,35489,44790
2020-05-07,CA,2020-04-30,2020-05-06,58944,12343,2327,516,46601,56617
2020-05-14,CA,2020-05-07,2020-05-13,71209,12265,2828,501,58944,68381
2020-05-21,CA,2020-05-14,2020-05-20,84248,13039,3364,536,71209,80884
2020-05-28,CA,2020-05-21,2020-05-27,99217,14969,3706,342,84248,95511
2020-06-04,CA,2020-05-28,2020-06-03,117953,18736,4231,525,99217,113722
2020-06-11,CA,2020-06-04,2020-06-10,136486,18533,4667,436,117953,131819
2020-06-18,CA,2020-06-11,2020-06-17,157370,20884,5064,397,136486,152306
2020-06-25,CA,2020-06-18,2020-06-24,190663,33293,5499,435,157370,185164
2020-07-02,CA,2020-06-25,2020-07-01,233232,42569,5978,479,190663,227254
2020-07-09,CA,2020-07-02,2020-07-08,290315,57083,6475,497,233232,283840
2020-07-16,CA,2020-07-09,2020-07-15,348837,58522,7164,689,290315,341673
2020-07-23,CA,2020-07-16,2020-07-22,415355,66518,7792,628,348837,407563
2020-07-30,CA,2020-07-23,2020-07-29,477548,62193,8593,801,415355,468955
2020-08-06,CA,2020-07-30,2020-08-05,527507,49959,9519,926,477548,517988
2020-08-13,CA,2020-08-06,2020-08-12,589347,61840,10489,970,527507,578858
2020-08-20,CA,2020-08-13,2020-08-19,642733,53386,11301,812,589347,631432
2020-08-27,CA,2020-08-20,2020-08-26,683755,41022,12154,853,642733,671601
2020-09-03,CA,2020-08-27,2020-09-02,717359,33604,12953,799,683755,704406
2020-09-10,CA,2020-09-03,2020-09-09,745413,28054,13724,771,717359,731689
2020-09-17,CA,2020-09-10,2020-09-16,769360,23947,14407,683,745413,754953
2020-09-24,CA,2020-09-17,2020-09-23,794466,25106,15035,628,769360,779431
2020-10-01,CA,2020-09-24,2020-09-30,818187,23721,15654,619,794466,802533
2020-10-08,CA,2020-10-01,2020-10-07,839551,21364,16127,473,818187,823424
2020-10-15,CA,2020-10-08,2020-10-14,864186,24635,16520,393,839551,847666
2020-10-22,CA,2020-10-15,2020-10-21,887761,23575,16987,467,864186,870774
2020-10-29,CA,2020-10-22,2020-10-28,919822,32061,17427,440,887761,902395
2020-11-05,CA,2020-10-29,2020-11-04,952925,33103,17772,345,919822,935153
2020-11-12,CA,2020-11-05,2020-11-11,999876,46951,18093,321,952925,981783
2020-11-19,CA,2020-11-12,2020-11-18,1066486,66610,18386,293,999876,1048100
2020-11-26,CA,2020-11-19,2020-11-25,1168074,101588,18915,529,1066486,1149159
2020-12-03,CA,2020-11-26,2020-12-02,1276985,108911,19368,453,1168074,1257617
2020-12-10,CA,2020-12-03,2020-12-09,1461837,184852,20253,885,1276985,1441584
2020-12-17,CA,2020-12-10,2020-12-16,1725293,263456,21409,1156,1461837,1703884
2020-12-24,CA,2020-12-17,2020-12-23,2030639,305346,23096,1687,1725293,2007543
2020-12-31,CA,2020-12-24,2020-12-30,2302033,271394,24738,1642,2030639,2277295
2021-01-07,CA,2020-12-31,2021-01-06,2582223,280190,27223,2485,2302033,2555000
2021-01-14,CA,2021-01-07,2021-01-13,2893938,311715,30641,3418,2582223,2863297
2021-01-21,CA,2021-01-14,2021-01-20,3141655,247717,33690,3049,2893938,3107965
2021-01-28,CA,2021-01-21,2021-01-27,3299740,158085,37317,3627,3141655,3262423
2021-02-04,CA,2021-01-28,2021-02-03,3416533,116793,40982,3665,3299740,3375551
2021-02-11,CA,2021-02-04,2021-02-10,3502301,85768,44372,3390,3416533,3457929
2021-02-18,CA,2021-02-11,2021-02-17,3558160,55859,46996,2624,3502301,3511164
2021-02-25,CA,2021-02-18,2021-02-24,3599728,41568,49366,2370,3558160,3550362
2021-03-04,CA,2021-02-25,2021-03-03,3631137,31409,52324,2958,3599728,3578813
2021-03-11,CA,2021-03-04,2021-03-10,3661458,30321,54217,1893,3631137,3607241
2021-03-18,CA,2021-03-11,2021-03-17,3681883,20425,55536,1319,3661458,3626347
2021-03-25,CA,2021-03-18,2021-03-24,3701825,19942,56749,1213,3681883,3645076
2021-04-01,CA,2021-03-25,2021-03-31,3720602,18777,57823,1074,3701825,3662779
2021-04-08,CA,2021-04-01,2021-04-07,3739851,19249,58521,698,3720602,3681330
2021-04-15,CA,2021-04-08,2021-04-14,3762096,22245,59210,689,3739851,3702886
2021-04-22,CA,2021-04-15,2021-04-21,3778861,16765,59704,494,3762096,3719157
2021-04-29,CA,2021-04-22,2021-04-28,3792591,13730,60046,342,3778861,3732545
2021-05-06,CA,2021-04-29,2021-05-05,3805641,13050,60595,549,3792591,3745046
2021-05-13,CA,2021-05-06,2021-05-12,3818032,12391,60995,400,3805641,3757037
2021-05-20,CA,2021-05-13,2021-05-19,3827885,9853,61273,278,3818032,3766612
2021-05-27,CA,2021-05-20,2021-05-26,3836560,8675,61494,221,3827885,3775066
2021-06-03,CA,2021-05-27,2021-06-02,3847022,10462,61730,236,3836560,3785292
2021-06-10,CA,2021-06-03,2021-06-09,3853677,6655,62039,309,3847022,3791638
2021-06-17,CA,2021-06-10,2021-06-16,3859768,6091,62169,130,3853677,3797599
2021-06-24,CA,2021-06-17,2021-06-23,3866342,6574,62384,215,3859768,3803958
2021-07-01,CA,2021-06-24,2021-06-30,3875227,8885,62685,301,3866342,3812542
2021-07-08,CA,2021-07-01,2021-07-07,3886793,11566,62917,232,3875227,3823876
2021-07-15,CA,2021-07-08,2021-07-14,3908447,21654,63168,251,3886793,3845279
2021-07-22,CA,2021-07-15,2021-07-21,3944648,36201,63339,171,3908447,3881309
2021-07-29,CA,2021-07-22,2021-07-28,3998313,53665,63516,177,3944648,3934797
2021-08-05,CA,2021-07-29,2021-08-04,4070342,72029,63729,213,3998313,4006613
2021-08-12,CA,2021-08-05,2021-08-11,4156032,85690,63975,246,4070342,4092057
2021-08-19,CA,2021-08-12,2021-08-18,4250874,94842,64290,315,4156032,4186584
2021-08-26,CA,2021-08-19,2021-08-25,4345722,94848,64801,511,4250874,4280921
2021-09-02,CA,2021-08-26,2021-09-01,4452698,106976,65431,630,4345722,4387267
2021-09-09,CA,2021-09-02,2021-09-08,4527930,75232,66056,625,4452698,4461874
2021-09-16,CA,2021-09-09,2021-09-15,4598761,70831,67000,944,4527930,4531761
2021-09-23,CA,2021-09-16,2021-09-22,4657394,58633,67775,775,4598761,4589619
2021-09-30,CA,2021-09-23,2021-09-29,4709457,52063,68516,741,4657394,4640941
2021-10-07,CA,2021-09-30,2021-10-06,4755240,45783,69190,674,4709457,4686050
2021-10-14,CA,2021-10-07,2021-10-13,4795035,39795,69872,682,4755240,4725163
2021-10-21,CA,2021-10-14,2021-10-20,4832661,37626,70588,716,4795035,4762073
2021-10-28,CA,2021-10-21,2021-10-27,4876828,44167,71159,571,4832661,4805669
2021-11-04,CA,2021-10-28,2021-11-03,4919896,43068,71601,442,4876828,4848295
2021-11-11,CA,2021-11-04,2021-11-10,4963427,43531,72130,529,4919896,4891297
2021-11-18,CA,2021-11-11,2021-11-17,5000027,36600,72708,578,4963427,4927319
2021-11-25,CA,2021-11-18,2021-11-24,5035140,35113,73365,657,5000027,4961775
2021-12-02,CA,2021-11-25,2021-12-01,5067257,32117,73822,457,5035140,4993435
2021-12-09,CA,2021-12-02,2021-12-08,5116904,49647,74349,527,5067257,5042555
2021-12-16,CA,2021-12-09,2021-12-15,5160774,43870,74794,445,5116904,5085980
2021-12-23,CA,2021-12-16,2021-12-22,5226636,65862,75281,487,5160774,5151355
2021-12-30,CA,2021-12-23,2021-12-29,5412140,185504,75628,347,5226636,5336512
2022-01-06,CA,2021-12-30,2022-01-05,5832584,420444,76053,425,5412140,5756531
2022-01-13,CA,2022-01-06,2022-01-12,6623538,790954,76683,630,5832584,6546855
2022-01-20,CA,2022-01-13,2022-01-19,7412032,788494,77357,674,6623538,7334675
2022-01-27,CA,2022-01-20,2022-01-26,8120396,708364,78315,958,7412032,8042081
2022-02-03,CA,2022-01-27,2022-02-02,8516792,396396,79598,1283,8120396,8437194
2022-02-10,CA,2022-02-03,2022-02-09,8726658,209866,80910,1312,8516792,8645748
2022-02-17,CA,2022-02-10,2022-02-16,8839823,113165,82380,1470,8726658,8757443
2022-02-24,CA,2022-02-17,2022-02-23,8914113,74290,83575,1195,8839823,8830538
2022-03-03,CA,2022-02-24,2022-03-02,8968139,54026,84921,1346,8914113,8883218
2022-03-10,CA,2022-03-03,2022-03-09,9014893,46754,86176,1255,8968139,8928717
2022-03-17,CA,2022-03-10,2022-03-16,9034629,19736,86924,748,9014893,8947705
2022-03-24,CA,2022-03-17,2022-03-23,9065847,31218,87584,660,9034629,8978263
2022-03-31,CA,2022-03-24,2022-03-30,9084830,18983,88045,461,9065847,8996785
2022-04-07,CA,2022-03-31,2022-04-06,9105148,20318,88348,303,9084830,9016800
2022-04-14,CA,2022-04-07,2022-04-13,9114913,9765,88551,203,9105148,9026362
2022-04-21,CA,2022-04-14,2022-04-20,9155058,40145,89051,500,9114913,9066007
2022-04-28,CA,2022-04-21,2022-04-27,9198534,43476,89383,332,9155058,9109151
2022-05-05,CA,2022-04-28,2022-05-04,9247004,48470,89691,308,9198534,9157313
2022-05-12,CA,2022-05-05,2022-05-11,9307414,60410,89945,254,9247004,9217469
2022-05-19,CA,2022-05-12,2022-05-18,9385311,77897,90216,271,9307414,9295095
2022-05-26,CA,2022-05-19,2022-05-25,9493324,108013,90486,270,9385311,9402838
2022-06-02,CA,2022-05-26,2022-06-01,9602502,109178,90719,233,9493324,9511783
2022-06-09,CA,2022-06-02,2022-06-08,9717111,114609,90891,172,9602502,9626220
2022-06-16,CA,2022-06-09,2022-06-15,9839072,121961,91104,213,9717111,9747968
2022-06-23,CA,2022-06-16,2022-06-22,9946098,107026,91309,205,9839072,9854789
2022-06-30,CA,2022-06-23,2022-06-29,10076018,129920,91514,205,9946098,9984504
2022-07-07,CA,2022-06-30,2022-07-06,10212490,136472,91785,271,10076018,10120705
2022-07-14,CA,2022-07-07,2022-07-13,10345430,132940,92053,268,10212490,10253377
2022-07-21,CA,2022-07-14,2022-07-20,10495155,149725,92290,237,10345430,10402865
2022-07-28,CA,2022-07-21,2022-07-27,10632003,136848,92591,301,10495155,10539412
2022-08-04,CA,2022-07-28,2022-08-03,10748851,116848,92883,292,10632003,10655968
2022-08-11,CA,2022-08-04,2022-08-10,10844550,95699,93175,292,10748851,10751375
2022-08-18,CA,2022-08-11,2022-08-17,10930234,85684,93490,315,10844550,10836744
2022-08-25,CA,2022-08-18,2022-08-24,11006684,76450,93792,302,10930234,10912892
2022-09-01,CA,2022-08-25,2022-08-31,11075694,69010,94055,263,11006684,10981639
2022-09-08,CA,2022-09-01,2022-09-07,11137381,61687,94296,241,11075694,11043085
2022-09-15,CA,2022-09-08,2022-09-14,11184654,47273,94676,380,11137381,11089978
2022-09-22,CA,2022-09-15,2022-09-21,11220161,35507,94934,258,11184654,11125227
2022-09-29,CA,2022-09-22,2022-09-28,11253453,33292,95154,220,11220161,11158299
2022-10-06,CA,2022-09-29,2022-10-05,11284337,30884,95401,247,11253453,11188936
2022-10-13,CA,2022-10-06,2022-10-12,11309237,24900,95573,172,11284337,11213664
2022-10-20,CA,2022-10-13,2022-10-19,11329293,20056,95723,150,11309237,11233570
2022-10-27,CA,2022-10-20,2022-10-26,11353420,24127,96049,326,11329293,11257371
2022-11-03,CA,2022-10-27,2022-11-02,11375879,22459,96183,134,11353420,11279696
2022-11-10,CA,2022-11-03,2022-11-09,11401616,25737,96330,147,11375879,11305286
2022-11-17,CA,2022-11-10,2022-11-16,11435904,34288,96486,156,11401616,11339418
2022-11-24,CA,2022-11-17,2022-11-23,11477182,41278,96697,211,11435904,11380485
2022-12-01,CA,2022-11-24,2022-11-30,11521451,44269,96798,101,11477182,11424653
2022-12-08,CA,2022-12-01,2022-12-07,11601996,80545,96978,180,11521451,11505018
2022-12-15,CA,2022-12-08,2022-12-14,11669698,67702,97198,220,11601996,11572500
2022-12-22,CA,2022-12-15,2022-12-21,11757238,87540,97506,308,11669698,11659732
2022-12-29,CA,2022-12-22,2022-12-28,11812914,55676,97753,247,11757238,11715161
2023-01-05,CA,2022-12-29,2023-01-04,11870415,57501,98027,274,11812914,11772388
2023-01-12,CA,2023-01-05,2023-01-11,11914952,44537,98384,357,11870415,11816568
2023-01-19,CA,2023-01-12,2023-01-18,11945850,30898,98795,411,11914952,11847055
2023-01-26,CA,2023-01-19,2023-01-25,11970948,25098,99125,330,11945850,11871823
2023-02-02,CA,2023-01-26,2023-02-01,11996279,25331,99397,272,11970948,11896882
2023-02-09,CA,2023-02-02,2023-02-08,12023397,27118,99689,292,11996279,11923708
2023-02-16,CA,2023-02-09,2023-02-15,12050878,27481,99955,266,12023397,11950923
2023-02-23,CA,2023-02-16,2023-02-22,12075768,24890,100184,229,12050878,11975584
2023-03-02,CA,2023-02-23,2023-03-01,12101930,26162,100419,235,12075768,12001511
2023-03-09,CA,2023-03-02,2023-03-08,12124967,23037,100639,220,12101930,12024328
2023-03-16,CA,2023-03-09,2023-03-15,12145948,20981,100796,157,12124967,12045152
2023-03-23,CA,2023-03-16,2023-03-22,12163930,17982,101019,223,12145948,12062911
2023-03-30,CA,2023-03-23,2023-03-29,12181194,17264,101192,173,12163930,12080002
2023-04-06,CA,2023-03-30,2023-04-05,12194519,13325,101310,118,12181194,12093209
2023-04-13,CA,2023-04-06,2023-04-12,12205573,11054,101434,124,12194519,12104139
2023-04-20,CA,2023-04-13,2023-04-19,12218091,12518,101549,115,12205573,12116542
2023-04-27,CA,2023-04-20,2023-04-26,12230624,12533,101663,114,12218091,12128961
2023-05-04,CA,2023-04-27,2023-05-03,12242634,12010,101777,114,12230624,12140857
2023-05-11,CA,2023-05-04,2023-05-10,12251820,9186,101886,109,12242634,12149934
2020-01-23,CO,2020-01-16,2020-01-22,0,0,0,0,0,0
2020-01-30,CO,2020-01-23,2020-01-29,0,0,0,0,0,0
2020-02-06,CO,2020-01-30,2020-02-05,0,0,0,0,0,0
2020-02-13,CO,2020-02-06,2020-02-12,0,0,0,0,0,0
2020-02-20,CO,2020-02-13,2020-02-19,0,0,0,0,0,0
2020-02-27,CO,2020-02-20,2020-02-26,0,0,0,0,0,0
2020-03-05,CO,2020-02-27,2020-03-04,1,1,0,0,0,1
2020-03-12,CO,2020-03-05,2020-03-11,42,41,0,0,1,42
2020-03-19,CO,2020-03-12,2020-03-18,280,238,5,5,42,275
2020-03-26,CO,2020-03-19,2020-03-25,1417,1137,26,21,280,1391
2020-04-02,CO,2020-03-26,2020-04-01,3744,2327,86,60,1417,3658
2020-04-09,CO,2020-04-02,2020-04-08,6286,2542,233,147,3744,6053
2020-04-16,CO,2020-04-09,2020-04-15,8957,2671,463,230,6286,8494
2020-04-23,CO,2020-04-16,2020-04-22,11488,2531,699,236,8957,10789
2020-04-30,CO,2020-04-23,2020-04-29,15882,4394,930,231,11488,14952
2020-05-07,CO,2020-04-30,2020-05-06,18687,2805,1126,196,15882,17561
2020-05-14,CO,2020-05-07,2020-05-13,21303,2616,1268,142,18687,20035
2020-05-21,CO,2020-05-14,2020-05-20,23655,2352,1361,93,21303,22294
2020-05-28,CO,2020-05-21,2020-05-27,25715,2060,1452,91,23655,24263
2020-06-04,CO,2020-05-28,2020-06-03,27772,2057,1524,72,25715,26248
2020-06-11,CO,2020-06-04,2020-06-10,29023,1251,1576,52,27772,27447
2020-06-18,CO,2020-06-11,2020-06-17,30394,1371,1629,53,29023,28765
2020-06-25,CO,2020-06-18,2020-06-24,31981,1587,1656,27,30394,30325
2020-07-02,CO,2020-06-25,2020-07-01,33959,1978,1674,18,31981,32285
2020-07-09,CO,2020-07-02,2020-07-08,36197,2238,1687,13,33959,34510
2020-07-16,CO,2020-07-09,2020-07-15,39464,3267,1712,25,36197,37752
2020-07-23,CO,2020-07-16,2020-07-22,43168,3704,1748,36,39464,41420
2020-07-30,CO,2020-07-23,2020-07-29,47320,4152,1777,29,43168,45543
2020-08-06,CO,2020-07-30,2020-08-05,50639,3319,1810,33,47320,48829
2020-08-13,CO,2020-08-06,2020-08-12,53138,2499,1846,36,50639,51292
2020-08-20,CO,2020-08-13,2020-08-19,55314,2176,1869,23,53138,53445
2020-08-27,CO,2020-08-20,2020-08-26,57416,2102,1887,18,55314,55529
2020-09-03,CO,2020-08-27,2020-09-02,59487,2071,1910,23,57416,57577
2020-09-10,CO,2020-09-03,2020-09-09,61500,2013,1931,21,59487,59569
2020-09-17,CO,2020-09-10,2020-09-16,64575,3075,1958,27,61500,62617
2020-09-24,CO,2020-09-17,2020-09-23,68837,4262,1978,20,64575,66859
2020-10-01,CO,2020-09-24,2020-09-30,73066,4229,2002,24,68837,71064
2020-10-08,CO,2020-10-01,2020-10-07,77956,4890,2043,41,73066,75913
2020-10-15,CO,2020-10-08,2020-10-14,84671,6715,2077,34,77956,82594
2020-10-22,CO,2020-10-15,2020-10-21,93287,8616,2113,36,84671,91174
2020-10-29,CO,2020-10-22,2020-10-28,105572,12285,2176,63,93287,103396
2020-11-05,CO,2020-10-29,2020-11-04,126081,20509,2277,101,105572,123804
2020-11-12,CO,2020-11-05,2020-11-11,155213,29132,2452,175,126081,152761
2020-11-19,CO,2020-11-12,2020-11-18,192550,37337,2698,246,155213,189852
2020-11-26,CO,2020-11-19,2020-11-25,228449,35899,2982,284,192550,225467
2020-12-03,CO,2020-11-26,2020-12-02,262565,34116,3337,355,228449,259228
2020-12-10,CO,2020-12-03,2020-12-09,293913,31348,3802,465,262565,290111
2020-12-17,CO,2020-12-10,2020-12-16,316536,22623,4253,451,293913,312283
2020-12-24,CO,2020-12-17,2020-12-23,333788,17252,4652,399,316536,329136
2020-12-31,CO,2020-12-24,2020-12-30,347485,13697,4939,287,333788,342546
2021-01-07,CO,2020-12-31,2021-01-06,363568,16083,5175,236,347485,358393
2021-01-14,CO,2021-01-07,2021-01-13,380037,16469,5356,181,363568,374681
2021-01-21,CO,2021-01-14,2021-01-20,392024,11987,5506,150,380037,386518
2021-01-28,CO,2021-01-21,2021-01-27,402419,10395,5640,134,392024,396779
2021-02-04,CO,2021-01-28,2021-02-03,411664,9245,5760,120,402419,405904
2021-02-11,CO,2021-02-04,2021-02-10,420454,8790,5857,97,411664,414597
2021-02-18,CO,2021-02-11,2021-02-17,427494,7040,5925,68,420454,421569
2021-02-25,CO,2021-02-18,2021-02-24,435158,7664,5974,49,427494,429184
2021-03-04,CO,2021-02-25,2021-03-03,442448,7290,6022,48,435158,436426
2021-03-11,CO,2021-03-04,2021-03-10,449264,6816,6065,43,442448,443199
2021-03-18,CO,2021-03-11,2021-03-17,455667,6403,6089,24,449264,449578
2021-03-25,CO,2021-03-18,2021-03-24,463596,7929,6119,30,455667,457477
2021-04-01,CO,2021-03-25,2021-03-31,472303,8707,6153,34,463596,466150
2021-04-08,CO,2021-04-01,2021-04-07,482807,10504,6188,35,472303,476619
2021-04-15,CO,2021-04-08,2021-04-14,493836,11029,6209,21,482807,487627
2021-04-22,CO,2021-04-15,2021-04-21,505575,11739,6266,57,493836,499309
2021-04-29,CO,2021-04-22,2021-04-28,517467,11892,6314,48,505575,511153
2021-05-06,CO,2021-04-29,2021-05-05,527637,10170,6367,53,517467,521270
2021-05-13,CO,2021-05-06,2021-05-12,536509,8872,6433,66,527637,530076
2021-05-20,CO,2021-05-13,2021-05-19,542520,6011,6511,78,536509,536009
2021-05-27,CO,2021-05-20,2021-05-26,547853,5333,6564,53,542520,541289
2021-06-03,CO,2021-05-27,2021-06-02,551172,3319,6622,58,547853,544550
2021-06-10,CO,2021-06-03,2021-06-09,554307,3135,6674,52,551172,547633
2021-06-17,CO,2021-06-10,2021-06-16,556761,2454,6724,50,554307,550037
2021-06-24,CO,2021-06-17,2021-06-23,559045,2284,6762,38,556761,552283
2021-07-01,CO,2021-06-24,2021-06-30,561466,2421,6796,34,559045,554670
2021-07-08,CO,2021-07-01,2021-07-07,563865,2399,6828,32,561466,557037
2021-07-15,CO,2021-07-08,2021-07-14,566926,3061,6872,44,563865,560054
2021-07-22,CO,2021-07-15,2021-07-21,570767,3841,6902,30,566926,563865
2021-07-29,CO,2021-07-22,2021-07-28,575968,5201,6938,36,570767,569030
2021-08-05,CO,2021-07-29,2021-08-04,582541,6573,6975,37,575968,575566
2021-08-12,CO,2021-08-05,2021-08-11,590199,7658,7006,31,582541,583193
2021-08-19,CO,2021-08-12,2021-08-18,599326,9127,7064,58,590199,592262
2021-08-26,CO,2021-08-19,2021-08-25,610820,11494,7127,63,599326,603693
2021-09-02,CO,2021-08-26,2021-09-01,623444,12624,7211,84,610820,616233
2021-09-09,CO,2021-09-02,2021-09-08,635785,12341,7295,84,623444,628490
2021-09-16,CO,2021-09-09,2021-09-15,650007,14222,7395,100,635785,642612
2021-09-23,CO,2021-09-16,2021-09-22,663162,13155,7504,109,650007,655658
2021-09-30,CO,2021-09-23,2021-09-29,676246,13084,7620,116,663162,668626
2021-10-07,CO,2021-09-30,2021-10-06,690977,14731,7771,151,676246,683206
2021-10-14,CO,2021-10-07,2021-10-13,706565,15588,7922,151,690977,698643
2021-10-21,CO,2021-10-14,2021-10-20,722054,15489,8071,149,706565,713983
2021-10-28,CO,2021-10-21,2021-10-27,741295,19241,8248,177,722054,733047
2021-11-04,CO,2021-10-28,2021-11-03,762353,21058,8456,208,741295,753897
2021-11-11,CO,2021-11-04,2021-11-10,786881,24528,8707,251,762353,778174
2021-11-18,CO,2021-11-11,2021-11-17,810975,24094,8967,260,786881,802008
2021-11-25,CO,2021-11-18,2021-11-24,831410,20435,9244,277,810975,822166
2021-12-02,CO,2021-11-25,2021-12-01,848014,16604,9499,255,831410,838515
2021-12-09,CO,2021-12-02,2021-12-08,864187,16173,9767,268,848014,854420
2021-12-16,CO,2021-12-09,2021-12-15,876291,12104,10002,235,864187,866289
2021-12-23,CO,2021-12-16,2021-12-22,895715,19424,10227,225,876291,885488
2021-12-30,CO,2021-12-23,2021-12-29,945138,49423,10414,187,895715,934724
2022-01-06,CO,2021-12-30,2022-01-05,1036662,91524,10577,163,945138,1026085
2022-01-13,CO,2022-01-06,2022-01-12,1157890,121228,10764,187,1036662,1147126
2022-01-20,CO,2022-01-13,2022-01-19,1262269,104379,11017,253,1157890,1251252
2022-01-27,CO,2022-01-20,2022-01-26,1333933,71664,11336,319,1262269,1322597
2022-02-03,CO,2022-01-27,2022-02-02,1372156,38223,11626,290,1333933,1360530
2022-02-10,CO,2022-02-03,2022-02-09,1391330,19174,11881,255,1372156,1379449
2022-02-17,CO,2022-02-10,2022-02-16,1401973,10643,12073,192,1391330,1389900
2022-02-24,CO,2022-02-17,2022-02-23,1408150,6177,12198,125,1401973,1395952
2022-03-03,CO,2022-02-24,2022-03-02,1412888,4738,12294,96,1408150,1400594
2022-03-10,CO,2022-03-03,2022-03-09,1416203,3315,12357,63,1412888,1403846
2022-03-17,CO,2022-03-10,2022-03-16,1419143,2940,12400,43,1416203,1406743
2022-03-24,CO,2022-03-17,2022-03-23,1421530,2387,12431,31,1419143,1409099
2022-03-31,CO,2022-03-24,2022-03-30,1423846,2316,12453,22,1421530,1411393
2022-04-07,CO,2022-03-31,2022-04-06,1426441,2595,12467,14,1423846,1413974
2022-04-14,CO,2022-04-07,2022-04-13,1429541,3100,12479,12,1426441,1417062
2022-04-21,CO,2022-04-14,2022-04-20,1433974,4433,12491,12,1429541,1421483
2022-04-28,CO,2022-04-21,2022-04-27,1439192,5218,12504,13,1433974,1426688
2022-05-05,CO,2022-04-28,2022-05-04,1446003,6811,12516,12,1439192,1433487
2022-05-12,CO,2022-05-05,2022-05-11,1454904,8901,12534,18,1446003,1442370
2022-05-19,CO,2022-05-12,2022-05-18,1465949,11045,12554,20,1454904,1453395
2022-05-26,CO,2022-05-19,2022-05-25,1478514,12565,12580,26,1465949,1465934
2022-06-02,CO,2022-05-26,2022-06-01,1492023,13509,12604,24,1478514,1479419
2022-06-09,CO,2022-06-02,2022-06-08,1509178,17155,12657,53,1492023,1496521
2022-06-16,CO,2022-06-09,2022-06-15,1524664,15486,12706,49,1509178,1511958
2022-06-23,CO,2022-06-16,2022-06-22,1538730,14066,12753,47,1524664,1525977
2022-06-30,CO,2022-06-23,2022-06-29,1554594,15864,12810,57,1538730,1541784
2022-07-07,CO,2022-06-30,2022-07-06,1567601,13007,12865,55,1554594,1554736
2022-07-14,CO,2022-07-07,2022-07-13,1581678,14077,12909,44,1567601,1568769
2022-07-21,CO,2022-07-14,2022-07-20,1593917,12239,12944,35,1581678,1580973
2022-07-28,CO,2022-07-21,2022-07-27,1605039,11122,12994,50,1593917,1592045
2022-08-04,CO,2022-07-28,2022-08-03,1614456,9417,13046,52,1605039,1601410
2022-08-11,CO,2022-08-04,2022-08-10,1622467,8011,13083,37,1614456,1609384
2022-08-18,CO,2022-08-11,2022-08-17,1629195,6728,13119,36,1622467,1616076
2022-08-25,CO,2022-08-18,2022-08-24,1635324,6129,13157,38,1629195,1622167
2022-09-01,CO,2022-08-25,2022-08-31,1641692,6368,13178,21,1635324,1628514
2022-09-08,CO,2022-09-01,2022-09-07,1646425,4733,13212,34,1641692,1633213
2022-09-15,CO,2022-09-08,2022-09-14,1651248,4823,13243,31,1646425,1638005
2022-09-22,CO,2022-09-15,2022-09-21,1655774,4526,13276,33,1651248,1642498
2022-09-29,CO,2022-09-22,2022-09-28,1660159,4385,13320,44,1655774,1646839
2022-10-06,CO,2022-09-29,2022-10-05,1664287,4128,13347,27,1660159,1650940
2022-10-13,CO,2022-10-06,2022-10-12,1668335,4048,13373,26,1664287,1654962
2022-10-20,CO,2022-10-13,2022-10-19,1672827,4492,13398,25,1668335,1659429
2022-10-27,CO,2022-10-20,2022-10-26,1677742,4915,13426,28,1672827,1664316
2022-11-03,CO,2022-10-27,2022-11-02,1683545,5803,13457,31,1677742,1670088
2022-11-10,CO,2022-11-03,2022-11-09,1690725,7180,13497,40,1683545,1677228
2022-11-17,CO,2022-11-10,2022-11-16,1698550,7825,13537,40,1690725,1685013
2022-11-24,CO,2022-11-17,2022-11-23,1706926,8376,13599,62,1698550,1693327
2022-12-01,CO,2022-11-24,2022-11-30,1714243,7317,13649,50,1706926,1700594
2022-12-08,CO,2022-12-01,2022-12-07,1721359,7116,13705,56,1714243,1707654
2022-12-15,CO,2022-12-08,2022-12-14,1727352,5993,13740,35,1721359,1713612
2022-12-22,CO,2022-12-15,2022-12-21,1733267,5915,13792,52,1727352,1719475
2022-12-29,CO,2022-12-22,2022-12-28,1736974,3707,13861,69,1733267,1723113
2023-01-05,CO,2022-12-29,2023-01-04,1740561,3587,13886,25,1736974,1726675
2023-01-12,CO,2023-01-05,2023-01-11,1743711,3150,13931,45,1740561,1729780
2023-01-19,CO,2023-01-12,2023-01-18,1745931,2220,13978,47,1743711,1731953
2023-01-26,CO,2023-01-19,2023-01-25,1748447,2516,14013,35,1745931,1734434
2023-02-02,CO,2023-01-26,2023-02-01,1751204,2757,14030,17,1748447,1737174
2023-02-09,CO,2023-02-02,2023-02-08,1754384,3180,14056,26,1751204,1740328
2023-02-16,CO,2023-02-09,2023-02-15,1757535,3151,14076,20,1754384,1743459
2023-02-23,CO,2023-02-16,2023-02-22,1760772,3237,14077,1,1757535,1746695
2023-03-02,CO,2023-02-23,2023-03-01,1763777,3005,14099,22,1760772,1749678
2023-03-09,CO,2023-03-02,2023-03-08,1766589,2812,14157,58,1763777,1752432
2023-03-16,CO,2023-03-09,2023-03-15,1769538,2949,14174,17,1766589,1755364
2023-03-23,CO,2023-03-16,2023-03-22,1771790,2252,14202,28,1769538,1757588
2023-03-30,CO,2023-03-23,2023-03-29,1774060,2270,14258,56,1771790,1759802
2023-04-06,CO,2023-03-30,2023-04-05,1775985,1925,14290,32,1774060,1761695
2023-04-13,CO,2023-04-06,2023-04-12,1777757,1772,14305,15,1775985,1763452
2023-04-20,CO,2023-04-13,2023-04-19,1780134,2377,14319,14,1777757,1765815
2023-04-27,CO,2023-04-20,2023-04-26,1781374,1240,14349,30,1780134,1767025
2023-05-04,CO,2023-04-27,2023-05-03,1782464,1090,14371,22,1781374,1768093
2023-05-11,CO,2023-05-04,2023-05-10,1783663,1199,14385,14,1782464,1769278
2020-01-23,CT,2020-01-16,2020-01-22,0,0,0,0,0,0
2020-01-30,CT,2020-01-23,2020-01-29,0,0,0,0,0,0
2020-02-06,CT,2020-01-30,2020-02-05,0,0,0,0,0,0
2020-02-13,CT,2020-02-06,2020-02-12,0,0,0,0,0,0
2020-02-20,CT,2020-02-13,2020-02-19,0,0,0,0,0,0
2020-02-27,CT,2020-02-20,2020-02-26,0,0,0,0,0,0
2020-03-05,CT,2020-02-27,2020-03-04,0,0,0,0,0,0
2020-03-12,CT,2020-03-05,2020-03-11,5,5,0,0,0,5
2020-03-19,CT,2020-03-12,2020-03-18,124,119,1,1,5,123
2020-03-26,CT,2020-03-19,2020-03-25,1205,1081,19,18,124,1186
2020-04-02,CT,2020-03-26,2020-04-01,4422,3217,85,66,1205,4337
2020-04-09,CT,2020-04-02,2020-04-08,9738,5316,326,241,4422,9412
2020-04-16,CT,2020-04-09,2020-04-15,16544,6806,868,542,9738,15676
2020-04-23,CT,2020-04-16,2020-04-22,22525,5981,1539,671,16544,20986
2020-04-30,CT,2020-04-23,2020-04-29,27807,5282,2168,629,22525,25639
2020-05-07,CT,2020-04-30,2020-05-06,32238,4431,2718,550,27807,29520
2020-05-14,CT,2020-05-07,2020-05-13,36078,3840,3125,407,32238,32953
2020-05-21,CT,2020-05-14,2020-05-20,39438,3360,3529,404,36078,35909
2020-05-28,CT,2020-05-21,2020-05-27,42197,2759,3803,274,39438,38394
2020-06-04,CT,2020-05-28,2020-06-03,43854,1657,3990,187,42197,39864
2020-06-11,CT,2020-06-04,2020-06-10,44697,843,4120,130,43854,40577
2020-06-18,CT,2020-06-11,2020-06-17,45359,662,4219,99,44697,41140
2020-06-25,CT,2020-06-18,2020-06-24,45913,554,4287,68,45359,41626
2020-07-02,CT,2020-06-25,2020-07-01,46573,660,4326,39,45913,42247
2020-07-09,CT,2020-07-02,2020-07-08,47109,536,4343,17,46573,42766
2020-07-16,CT,2020-07-09,2020-07-15,47636,527,4380,37,47109,43256
2020-07-23,CT,2020-07-16,2020-07-22,48211,575,4406,26,47636,43805
2020-07-30,CT,2020-07-23,2020-07-29,49540,1329,4425,19,48211,45115
2020-08-06,CT,2020-07-30,2020-08-05,50225,685,4436,11,49540,45789
2020-08-13,CT,2020-08-06,2020-08-12,50707,482,4449,13,50225,46258
2020-08-20,CT,2020-08-13,2020-08-19,51314,607,4455,6,50707,46859
2020-08-27,CT,2020-08-20,2020-08-26,52220,906,4462,7,51314,47758
2020-09-03,CT,2020-08-27,2020-09-02,53108,888,4467,5,52220,48641
2020-09-10,CT,2020-09-03,2020-09-09,53871,763,4474,7,53108,49397
2020-09-17,CT,2020-09-10,2020-09-16,55166,1295,4487,13,53871,50679
2020-09-24,CT,2020-09-17,2020-09-23,56315,1149,4497,10,55166,51818
2020-10-01,CT,2020-09-24,2020-09-30,57550,1235,4508,11,56315,53042
2020-10-08,CT,2020-10-01,2020-10-07,59364,1814,4522,14,57550,54842
2020-10-15,CT,2020-10-08,2020-10-14,61861,2497,4537,15,59364,57324
2020-10-22,CT,2020-10-15,2020-10-21,64871,3010,4567,30,61861,60304
2020-10-29,CT,2020-10-22,2020-10-28,69127,4256,4604,37,64871,64523
2020-11-05,CT,2020-10-29,2020-11-04,75373,6246,4645,41,69127,70728
2020-11-12,CT,2020-11-05,2020-11-11,84741,9368,4716,71,75373,80025
2020-11-19,CT,2020-11-12,2020-11-18,97028,12287,4784,68,84741,92244
2020-11-26,CT,2020-11-19,2020-11-25,109152,12124,4926,142,97028,104226
2020-12-03,CT,2020-11-26,2020-12-02,121426,12274,5091,165,109152,116335
2020-12-10,CT,2020-12-03,2020-12-09,140548,19122,5285,194,121426,135263
2020-12-17,CT,2020-12-10,2020-12-16,157781,17233,5506,221,140548,152275
2020-12-24,CT,2020-12-17,2020-12-23,170705,12924,5735,229,157781,164970
2020-12-31,CT,2020-12-24,2020-12-30,183663,12958,5964,229,170705,177699
2021-01-07,CT,2020-12-31,2021-01-06,199454,15791,6230,266,183663,193224
2021-01-14,CT,2021-01-07,2021-01-13,220576,21122,6536,306,199454,214040
2021-01-21,CT,2021-01-14,2021-01-20,234134,13558,6726,190,220576,227408
2021-01-28,CT,2021-01-21,2021-01-27,247339,13205,6976,250,234134,240363
2021-02-04,CT,2021-01-28,2021-02-03,257004,9665,7157,181,247339,249847
2021-02-11,CT,2021-02-04,2021-02-10,265496,8492,7326,169,257004,258170
2021-02-18,CT,2021-02-11,2021-02-17,270367,4871,7476,150,265496,262891
2021-02-25,CT,2021-02-18,2021-02-24,275705,5338,7593,117,270367,268112
2021-03-04,CT,2021-02-25,2021-03-03,281408,5703,7678,85,275705,273730
2021-03-11,CT,2021-03-04,2021-03-10,286790,5382,7752,74,281408,279038
2021-03-18,CT,2021-03-11,2021-03-17,293020,6230,7805,53,286790,285215
2021-03-25,CT,2021-03-18,2021-03-24,300164,7144,7851,46,293020,292313
2021-04-01,CT,2021-03-25,2021-03-31,309286,9122,7890,39,300164,301396
2021-04-08,CT,2021-04-01,2021-04-07,318092,8806,7934,44,309286,310158
2021-04-15,CT,2021-04-08,2021-04-14,325846,7754,7984,50,318092,317862
2021-04-22,CT,2021-04-15,2021-04-21,332799,6953,8027,43,325846,324772
2021-04-29,CT,2021-04-22,2021-04-28,338469,5670,8080,53,332799,330389
2021-05-06,CT,2021-04-29,2021-05-05,342389,3920,8124,44,338469,334265
2021-05-13,CT,2021-05-06,2021-05-12,344552,2163,8161,37,342389,336391
2021-05-20,CT,2021-05-13,2021-05-19,345790,1238,8204,43,344552,337586
2021-05-27,CT,2021-05-20,2021-05-26,346980,1190,8227,23,345790,338753
2021-06-03,CT,2021-05-27,2021-06-02,347678,698,8245,18,346980,339433
2021-06-10,CT,2021-06-03,2021-06-09,348262,584,8257,12,347678,340005
2021-06-17,CT,2021-06-10,2021-06-16,348561,299,8264,7,348262,340297
2021-06-24,CT,2021-06-17,2021-06-23,348840,279,8270,6,348561,340570
2021-07-01,CT,2021-06-24,2021-06-30,349353,513,8276,6,348840,341077
2021-07-08,CT,2021-07-01,2021-07-07,349744,391,8277,1,349353,341467
2021-07-15,CT,2021-07-08,2021-07-14,350387,643,8278,1,349744,342109
2021-07-22,CT,2021-07-15,2021-07-21,351530,1143,8281,3,350387,343249
2021-07-29,CT,2021-07-22,2021-07-28,353505,1975,8286,5,351530,345219
2021-08-05,CT,2021-07-29,2021-08-04,356701,3196,8292,6,353505,348409
2021-08-12,CT,2021-08-05,2021-08-11,360552,3851,8297,5,356701,352255
2021-08-19,CT,2021-08-12,2021-08-18,364891,4339,8308,11,360552,356583
2021-08-26,CT,2021-08-19,2021-08-25,369132,4241,8335,27,364891,360797
2021-09-02,CT,2021-08-26,2021-09-01,373784,4652,8358,23,369132,365426
2021-09-09,CT,2021-09-02,2021-09-08,377682,3898,8415,57,373784,369267
2021-09-16,CT,2021-09-09,2021-09-15,381732,4050,8447,32,377682,373285
2021-09-23,CT,2021-09-16,2021-09-22,386672,4940,8484,37,381732,378188
2021-09-30,CT,2021-09-23,2021-09-29,390180,3508,8629,145,386672,381551
2021-10-07,CT,2021-09-30,2021-10-06,392951,2771,8667,38,390180,384284
2021-10-14,CT,2021-10-07,2021-10-13,395721,2770,8705,38,392951,387016
2021-10-21,CT,2021-10-14,2021-10-20,399363,3642,8721,16,395721,390642
2021-10-28,CT,2021-10-21,2021-10-27,401716,2353,8752,31,399363,392964
2021-11-04,CT,2021-10-28,2021-11-03,404218,2502,8776,24,401716,395442
2021-11-11,CT,2021-11-04,2021-11-10,406752,2534,8809,33,404218,397943
2021-11-18,CT,2021-11-11,2021-11-17,411311,4559,8834,25,406752,402477
2021-11-25,CT,2021-11-18,2021-11-24,416573,5262,8865,31,411311,407708
2021-12-02,CT,2021-11-25,2021-12-01,422785,6212,8909,44,416573,413876
2021-12-09,CT,2021-12-02,2021-12-08,433464,10679,8946,37,422785,424518
2021-12-16,CT,2021-12-09,2021-12-15,452038,18574,9002,56,433464,443036
2021-12-23,CT,2021-12-16,2021-12-22,471141,19103,9077,75,452038,462064
2021-12-30,CT,2021-12-23,2021-12-29,502484,31343,9160,83,471141,493324
2022-01-06,CT,2021-12-30,2022-01-05,554812,52328,9281,121,502484,545531
2022-01-13,CT,2022-01-06,2022-01-12,619185,64373,9443,162,554812,609742
2022-01-20,CT,2022-01-13,2022-01-19,666705,47520,9670,227,619185,657035
2022-01-27,CT,2022-01-20,2022-01-26,693561,26856,9901,231,666705,683660
2022-02-03,CT,2022-01-27,2022-02-02,710393,16832,10083,182,693561,700310
2022-02-10,CT,2022-02-03,2022-02-09,718536,8143,10214,131,710393,708322
2022-02-17,CT,2022-02-10,2022-02-16,724065,5529,10325,111,718536,713740
2022-02-24,CT,2022-02-17,2022-02-23,727840,3775,10438,113,724065,717402
2022-03-03,CT,2022-02-24,2022-03-02,730425,2585,10512,74,727840,719913
2022-03-10,CT,2022-03-03,2022-03-09,732492,2067,10609,97,730425,721883
2022-03-17,CT,2022-03-10,2022-03-16,734385,1893,10676,67,732492,723709
2022-03-24,CT,2022-03-17,2022-03-23,736536,2151,10742,66,734385,725794
2022-03-31,CT,2022-03-24,2022-03-30,739137,2601,10779,37,736536,728358
2022-04-07,CT,2022-03-31,2022-04-06,742287,3150,10795,16,739137,731492
2022-04-14,CT,2022-04-07,2022-04-13,746063,3776,10809,14,742287,735254
2022-04-21,CT,2022-04-14,2022-04-20,750805,4742,10825,16,746063,739980
2022-04-28,CT,2022-04-21,2022-04-27,755971,5166,10839,14,750805,745132
2022-05-05,CT,2022-04-28,2022-05-04,763149,7178,10858,19,755971,752291
2022-05-12,CT,2022-05-05,2022-05-11,777066,13917,10882,24,763149,766184
2022-05-19,CT,2022-05-12,2022-05-18,789266,12200,10922,40,777066,778344
2022-05-26,CT,2022-05-19,2022-05-25,800506,11240,10937,15,789266,789569
2022-06-02,CT,2022-05-26,2022-06-01,808846,8340,10973,36,800506,797873
2022-06-09,CT,2022-06-02,2022-06-08,814957,6111,10999,26,808846,803958
2022-06-16,CT,2022-06-09,2022-06-15,821751,6794,11015,16,814957,810736
2022-06-23,CT,2022-06-16,2022-06-22,826418,4667,11034,19,821751,815384
2022-06-30,CT,2022-06-23,2022-06-29,830617,4199,11045,11,826418,819572
2022-07-07,CT,2022-06-30,2022-07-06,835637,5020,11051,6,830617,824586
2022-07-14,CT,2022-07-07,2022-07-13,840721,5084,11084,33,835637,829637
2022-07-21,CT,2022-07-14,2022-07-20,846008,5287,11092,8,840721,834916
2022-07-28,CT,2022-07-21,2022-07-27,851842,5834,11102,10,846008,840740
2022-08-04,CT,2022-07-28,2022-08-03,857252,5410,11130,28,851842,846122
2022-08-11,CT,2022-08-04,2022-08-10,862619,5367,11164,34,857252,851455
2022-08-18,CT,2022-08-11,2022-08-17,867759,5140,11180,16,862619,856579
2022-08-25,CT,2022-08-18,2022-08-24,872027,4268,11195,15,867759,860832
2022-09-01,CT,2022-08-25,2022-08-31,876017,3990,11269,74,872027,864748
2022-09-08,CT,2022-09-01,2022-09-07,879861,3844,11294,25,876017,868567
2022-09-15,CT,2022-09-08,2022-09-14,883805,3944,11316,22,879861,872489
2022-09-22,CT,2022-09-15,2022-09-21,888422,4617,11342,26,883805,877080
2022-09-29,CT,2022-09-22,2022-09-28,893199,4777,11365,23,888422,881834
2022-10-06,CT,2022-09-29,2022-10-05,897920,4721,11385,20,893199,886535
2022-10-13,CT,2022-10-06,2022-10-12,902149,4229,11402,17,897920,890747
2022-10-20,CT,2022-10-13,2022-10-19,906158,4009,11423,21,902149,894735
2022-10-27,CT,2022-10-20,2022-10-26,909653,3495,11448,25,906158,898205
2022-11-03,CT,2022-10-27,2022-11-02,913275,3622,11478,30,909653,901797
2022-11-10,CT,2022-11-03,2022-11-09,916482,3207,11527,49,913275,904955
2022-11-17,CT,2022-11-10,2022-11-16,919421,2939,11559,32,916482,907862
2022-11-24,CT,2022-11-17,2022-11-23,922349,2928,11572,13,919421,910777
2022-12-01,CT,2022-11-24,2022-11-30,925336,2987,11587,15,922349,913749
2022-12-08,CT,2022-12-01,2022-12-07,930053,4717,11603,16,925336,918450
2022-12-15,CT,2022-12-08,2022-12-14,934666,4613,11658,55,930053,923008
2022-12-22,CT,2022-12-15,2022-12-21,939539,4873,11733,75,934666,927806
2022-12-29,CT,2022-12-22,2022-12-28,945020,5481,11766,33,939539,933254
2023-01-05,CT,2022-12-29,2023-01-04,950809,5789,11803,37,945020,939006
2023-01-12,CT,2023-01-05,2023-01-11,956128,5319,11863,60,950809,944265
2023-01-19,CT,2023-01-12,2023-01-18,960321,4193,11895,32,956128,948426
2023-01-26,CT,2023-01-19,2023-01-25,963705,3384,11941,46,960321,951764
2023-02-02,CT,2023-01-26,2023-02-01,966744,3039,11963,22,963705,954781
2023-02-09,CT,2023-02-02,2023-02-08,969413,2669,12035,72,966744,957378
2023-02-16,CT,2023-02-09,2023-02-15,971664,2251,12061,26,969413,959603
2023-02-23,CT,2023-02-16,2023-02-22,973587,1923,12144,83,971664,961443
2023-03-02,CT,2023-02-23,2023-03-01,975178,1591,12179,35,973587,962999
2023-03-09,CT,2023-03-02,2023-03-08,976440,1262,12196,17,975178,964244
2023-03-16,CT,2023-03-09,2023-03-15,977502,1062,12230,34,976440,965272
2023-03-23,CT,2023-03-16,2023-03-22,978367,865,12258,28,977502,966109
2023-03-30,CT,2023-03-23,2023-03-29,979167,800,12272,14,978367,966895
2023-04-06,CT,2023-03-30,2023-04-05,979879,712,12292,20,979167,967587
2023-04-13,CT,2023-04-06,2023-04-12,980563,684,12301,9,979879,968262
2023-04-20,CT,2023-04-13,2023-04-19,981069,506,12302,1,980563,968767
2023-04-27,CT,2023-04-20,2023-04-26,981501,432,12304,2,981069,969197
2023-05-04,CT,2023-04-27,2023-05-03,981947,446,12334,30,981501,969613
2023-05-11,CT,2023-05-04,2023-05-10,982335,388,12337,3,981947,969998
2020-01-23,DC,2020-01-16,2020-01-22,0,0,0,0,0,0
2020-01-30,DC,2020-01-23,2020-01-29,0,0,0,0,0,0
2020-02-06,DC,2020-01-30,2020-02-05,0,0,0,0,0,0
2020-02-13,DC,2020-02-06,2020-02-12,0,0,0,0,0,0
2020-02-20,DC,2020-02-13,2020-02-19,0,0,0,0,0,0
2020-02-27,DC,2020-02-20,2020-02-26,0,0,0,0,0,0
2020-03-05,DC,2020-02-27,2020-03-04,0,0,0,0,0,0
2020-03-12,DC,2020-03-05,2020-03-11,2,2,0,0,0,2
2020-03-19,DC,2020-03-12,2020-03-18,39,37,0,0,2,39
2020-03-26,DC,2020-03-19,2020-03-25,231,192,3,3,39,228
2020-04-02,DC,2020-03-26,2020-04-01,586,355,11,8,231,575
2020-04-09,DC,2020-04-02,2020-04-08,1440,854,27,16,586,1413
2020-04-16,DC,2020-04-09,2020-04-15,2197,757,72,45,1440,2125
2020-04-23,DC,2020-04-16,2020-04-22,3206,1009,127,55,2197,3079
2020-04-30,DC,2020-04-23,2020-04-29,4106,900,205,78,3206,3901
2020-05-07,DC,2020-04-30,2020-05-06,5461,1355,277,72,4106,5184
2020-05-14,DC,2020-05-07,2020-05-13,6584,1123,350,73,5461,6234
2020-05-21,DC,2020-05-14,2020-05-20,7551,967,407,57,6584,7144
2020-05-28,DC,2020-05-21,2020-05-27,8406,855,445,38,7551,7961
2020-06-04,DC,2020-05-28,2020-06-03,9016,610,473,28,8406,8543
2020-06-11,DC,2020-06-04,2020-06-10,9537,521,499,26,9016,9038
2020-06-18,DC,2020-06-11,2020-06-17,9847,310,523,24,9537,9324
2020-06-25,DC,2020-06-18,2020-06-24,10128,281,541,18,9847,9587
2020-07-02,DC,2020-06-25,2020-07-01,10365,237,553,12,10128,9812
2020-07-09,DC,2020-07-02,2020-07-08,10642,277,564,11,10365,10078
2020-07-16,DC,2020-07-09,2020-07-15,11026,384,571,7,10642,10455
2020-07-23,DC,2020-07-16,2020-07-22,11529,503,580,9,11026,10949
2020-07-30,DC,2020-07-23,2020-07-29,11999,470,584,4,11529,11415
2020-08-06,DC,2020-07-30,2020-08-05,12443,444,587,3,11999,11856
2020-08-13,DC,2020-08-06,2020-08-12,12959,516,593,6,12443,12366
2020-08-20,DC,2020-08-13,2020-08-19,13354,395,600,7,12959,12754
2020-08-27,DC,2020-08-20,2020-08-26,13722,368,605,5,13354,13117
2020-09-03,DC,2020-08-27,2020-09-02,14077,355,608,3,13722,13469
2020-09-10,DC,2020-09-03,2020-09-09,14387,310,615,7,14077,13772
2020-09-17,DC,2020-09-10,2020-09-16,14743,356,617,2,14387,14126
2020-09-24,DC,2020-09-17,2020-09-23,15050,307,621,4,14743,14429
2020-10-01,DC,2020-09-24,2020-09-30,15326,276,627,6,15050,14699
2020-10-08,DC,2020-10-01,2020-10-07,15697,371,632,5,15326,15065
2020-10-15,DC,2020-10-08,2020-10-14,16132,435,638,6,15697,15494
2020-10-22,DC,2020-10-15,2020-10-21,16498,366,642,4,16132,15856
2020-10-29,DC,2020-10-22,2020-10-28,16973,475,644,2,16498,16329
2020-11-05,DC,2020-10-29,2020-11-04,17601,628,647,3,16973,16954
2020-11-12,DC,2020-11-05,2020-11-11,18379,778,657,10,17601,17722
2020-11-19,DC,2020-11-12,2020-11-18,19465,1086,665,8,18379,18800
2020-11-26,DC,2020-11-19,2020-11-25,20516,1051,677,12,19465,19839
2020-12-03,DC,2020-11-26,2020-12-02,21842,1326,690,13,20516,21152
2020-12-10,DC,2020-12-03,2020-12-09,23854,2012,704,14,21842,23150
2020-12-17,DC,2020-12-10,2020-12-16,25602,1748,720,16,23854,24882
2020-12-24,DC,2020-12-17,2020-12-23,27226,1624,751,31,25602,26475
2020-12-31,DC,2020-12-24,2020-12-30,28758,1532,780,29,27226,27978
2021-01-07,DC,2020-12-31,2021-01-06,30482,1724,806,26,28758,29676
2021-01-14,DC,2021-01-07,2021-01-13,32600,2118,831,25,30482,31769
2021-01-21,DC,2021-01-14,2021-01-20,34403,1803,863,32,32600,33540
2021-01-28,DC,2021-01-21,2021-01-27,35865,1462,895,32,34403,34970
2021-02-04,DC,2021-01-28,2021-02-03,37199,1334,926,31,35865,36273
2021-02-11,DC,2021-02-04,2021-02-10,38348,1149,965,39,37199,37383
2021-02-18,DC,2021-02-11,2021-02-17,39180,832,985,20,38348,38195
2021-02-25,DC,2021-02-18,2021-02-24,39943,763,1001,16,39180,38942
2021-03-04,DC,2021-02-25,2021-03-03,40818,875,1023,22,39943,39795
2021-03-11,DC,2021-03-04,2021-03-10,42006,1188,1037,14,40818,40969
2021-03-18,DC,2021-03-11,2021-03-17,42811,805,1044,7,42006,41767
2021-03-25,DC,2021-03-18,2021-03-24,43595,784,1053,9,42811,42542
2021-04-01,DC,2021-03-25,2021-03-31,44513,918,1064,11,43595,43449
2021-04-08,DC,2021-04-01,2021-04-07,45328,815,1076,12,44513,44252
2021-04-15,DC,2021-04-08,2021-04-14,46209,881,1088,12,45328,45121
2021-04-22,DC,2021-04-15,2021-04-21,46941,732,1097,9,46209,45844
2021-04-29,DC,2021-04-22,2021-04-28,47533,592,1104,7,46941,46429
2021-05-06,DC,2021-04-29,2021-05-05,48041,508,1109,5,47533,46932
2021-05-13,DC,2021-05-06,2021-05-12,48336,295,1115,6,48041,47221
2021-05-20,DC,2021-05-13,2021-05-19,48634,298,1124,9,48336,47510
2021-05-27,DC,2021-05-20,2021-05-26,48822,188,1131,7,48634,47691
2021-06-03,DC,2021-05-27,2021-06-02,49011,189,1135,4,48822,47876
2021-06-10,DC,2021-06-03,2021-06-09,49127,116,1137,2,49011,47990
2021-06-17,DC,2021-06-10,2021-06-16,49223,96,1139,2,49127,48084
2021-06-24,DC,2021-06-17,2021-06-23,49284,61,1141,2,49223,48143
2021-07-01,DC,2021-06-24,2021-06-30,49355,71,1141,0,49284,48214
2021-07-08,DC,2021-07-01,2021-07-07,49423,68,1143,2,49355,48280
2021-07-15,DC,2021-07-08,2021-07-14,49574,151,1145,2,49423,48429
2021-07-22,DC,2021-07-15,2021-07-21,49858,284,1146,1,49574,48712
2021-07-29,DC,2021-07-22,2021-07-28,50268,410,1148,2,49858,49120
2021-08-05,DC,2021-07-29,2021-08-04,50858,590,1149,1,50268,49709
2021-08-12,DC,2021-08-05,2021-08-11,51853,995,1149,0,50858,50704
2021-08-19,DC,2021-08-12,2021-08-18,53024,1171,1153,4,51853,51871
2021-08-26,DC,2021-08-19,2021-08-25,54156,1132,1155,2,53024,53001
2021-09-02,DC,2021-08-26,2021-09-01,55570,1414,1161,6,54156,54409
2021-09-09,DC,2021-09-02,2021-09-08,56694,1124,1163,2,55570,55531
2021-09-16,DC,2021-09-09,2021-09-15,58440,1746,1167,4,56694,57273
2021-09-23,DC,2021-09-16,2021-09-22,59849,1409,1171,4,58440,58678
2021-09-30,DC,2021-09-23,2021-09-29,60996,1147,1174,3,59849,59822
2021-10-07,DC,2021-09-30,2021-10-06,61978,982,1180,6,60996,60798
2021-10-14,DC,2021-10-07,2021-10-13,62750,772,1183,3,61978,61567
2021-10-21,DC,2021-10-14,2021-10-20,63400,650,1185,2,62750,62215
2021-10-28,DC,2021-10-21,2021-10-27,63990,590,1187,2,63400,62803
2021-11-04,DC,2021-10-28,2021-11-03,64602,612,1193,6,63990,63409
2021-11-11,DC,2021-11-04,2021-11-10,65159,557,1193,0,64602,63966
2021-11-18,DC,2021-11-11,2021-11-17,65793,634,1195,2,65159,64598
2021-11-25,DC,2021-11-18,2021-11-24,66510,717,1196,1,65793,65314
2021-12-02,DC,2021-11-25,2021-12-01,67047,537,1196,0,66510,65851
2021-12-09,DC,2021-12-02,2021-12-08,68262,1215,1197,1,67047,67065
2021-12-16,DC,2021-12-09,2021-12-15,69867,1605,1203,6,68262,68664
2021-12-23,DC,2021-12-16,2021-12-22,77661,7794,1207,4,69867,76454
2021-12-30,DC,2021-12-23,2021-12-29,92045,14384,1210,3,77661,90835
2022-01-06,DC,2021-12-30,2022-01-05,106819,14774,1222,12,92045,105597
2022-01-13,DC,2022-01-06,2022-01-12,118802,11983,1240,18,106819,117562
2022-01-20,DC,2022-01-13,2022-01-19,126187,7385,1263,23,118802,124924
2022-01-27,DC,2022-01-20,2022-01-26,129479,3292,1282,19,126187,128197
2022-02-03,DC,2022-01-27,2022-02-02,131093,1614,1290,8,129479,129803
2022-02-10,DC,2022-02-03,2022-02-09,132628,1535,1305,15,131093,131323
2022-02-17,DC,2022-02-10,2022-02-16,133459,831,1311,6,132628,132148
2022-02-24,DC,2022-02-17,2022-02-23,134114,655,1317,6,133459,132797
2022-03-03,DC,2022-02-24,2022-03-02,134678,564,1321,4,134114,133357
2022-03-10,DC,2022-03-03,2022-03-09,135086,408,1324,3,134678,133762
2022-03-17,DC,2022-03-10,2022-03-16,135575,489,1327,3,135086,134248
2022-03-24,DC,2022-03-17,2022-03-23,136062,487,1329,2,135575,134733
2022-03-31,DC,2022-03-24,2022-03-30,136598,536,1331,2,136062,135267
2022-04-07,DC,2022-03-31,2022-04-06,137603,1005,1332,1,136598,136271
2022-04-14,DC,2022-04-07,2022-04-13,139160,1557,1333,1,137603,137827
2022-04-21,DC,2022-04-14,2022-04-20,140674,1514,1333,0,139160,139341
2022-04-28,DC,2022-04-21,2022-04-27,141943,1269,1340,7,140674,140603
2022-05-05,DC,2022-04-28,2022-05-04,141943,0,1340,0,141943,140603
2022-05-12,DC,2022-05-05,2022-05-11,143005,1062,1340,0,141943,141665
2022-05-19,DC,2022-05-12,2022-05-18,146163,3158,1342,2,143005,144821
2022-05-26,DC,2022-05-19,2022-05-25,148270,2107,1342,0,146163,146928
2022-06-02,DC,2022-05-26,2022-06-01,150303,2033,1343,1,148270,148960
2022-06-09,DC,2022-06-02,2022-06-08,151978,1675,1348,5,150303,150630
2022-06-16,DC,2022-06-09,2022-06-15,153436,1458,1348,0,151978,152088
2022-06-23,DC,2022-06-16,2022-06-22,155026,1590,1349,1,153436,153677
2022-06-30,DC,2022-06-23,2022-06-29,156557,1531,1349,0,155026,155208
2022-07-07,DC,2022-06-30,2022-07-06,157303,746,1351,2,156557,155952
2022-07-14,DC,2022-07-07,2022-07-13,159289,1986,1354,3,157303,157935
2022-07-21,DC,2022-07-14,2022-07-20,160723,1434,1363,9,159289,159360
2022-07-28,DC,2022-07-21,2022-07-27,162098,1375,1363,0,160723,160735
2022-08-04,DC,2022-07-28,2022-08-03,163192,1094,1364,1,162098,161828
2022-08-11,DC,2022-08-04,2022-08-10,164022,830,1369,5,163192,162653
2022-08-18,DC,2022-08-11,2022-08-17,164724,702,1374,5,164022,163350
2022-08-25,DC,2022-08-18,2022-08-24,165573,849,1376,2,164724,164197
2022-09-01,DC,2022-08-25,2022-08-31,166166,593,1381,5,165573,164785
2022-09-08,DC,2022-09-01,2022-09-07,166724,558,1382,1,166166,165342
2022-09-15,DC,2022-09-08,2022-09-14,167242,518,1382,0,166724,165860
2022-09-22,DC,2022-09-15,2022-09-21,167857,615,1383,1,167242,166474
2022-09-29,DC,2022-09-22,2022-09-28,168359,502,1383,0,167857,166976
2022-10-06,DC,2022-09-29,2022-10-05,168642,283,1392,9,168359,167250
2022-10-13,DC,2022-10-06,2022-10-12,168760,118,1392,0,168642,167368
2022-10-20,DC,2022-10-13,2022-10-19,169436,676,1392,0,168760,168044
2022-10-27,DC,2022-10-20,2022-10-26,169709,273,1392,0,169436,168317
2022-11-03,DC,2022-10-27,2022-11-02,170041,332,1397,0,169709,168644
2022-11-10,DC,2022-11-03,2022-11-09,170482,441,1402,0,170041,169080
2022-11-17,DC,2022-11-10,2022-11-16,170750,268,1403,1,170482,169347
2022-11-24,DC,2022-11-17,2022-11-23,171317,567,1403,0,170750,169914
2022-12-01,DC,2022-11-24,2022-11-30,171608,291,1407,4,171317,170201
2022-12-08,DC,2022-12-01,2022-12-07,172044,436,1407,0,171608,170637
2022-12-15,DC,2022-12-08,2022-12-14,172626,582,1407,0,172044,171219
2022-12-22,DC,2022-12-15,2022-12-21,173386,760,1411,4,172626,171975
2022-12-29,DC,2022-12-22,2022-12-28,174010,624,1411,0,173386,172599
2023-01-05,DC,2022-12-29,2023-01-04,174559,549,1411,0,174010,173148
2023-01-12,DC,2023-01-05,2023-01-11,175014,455,1415,4,174559,173599
2023-01-19,DC,2023-01-12,2023-01-18,175569,555,1421,6,175014,174148
2023-01-26,DC,2023-01-19,2023-01-25,176012,443,1422,1,175569,174590
2023-02-02,DC,2023-01-26,2023-02-01,176425,413,1422,0,176012,175003
2023-02-09,DC,2023-02-02,2023-02-08,176845,420,1425,3,176425,175420
2023-02-16,DC,2023-02-09,2023-02-15,177215,370,1426,1,176845,175789
2023-02-23,DC,2023-02-16,2023-02-22,177504,289,1427,1,177215,176077
2023-03-02,DC,2023-02-23,2023-03-01,177714,210,1430,3,177504,176284
2023-03-09,DC,2023-03-02,2023-03-08,177945,231,1432,2,177714,176513
2023-03-16,DC,2023-03-09,2023-03-15,178106,161,1432,0,177945,176674
2023-03-23,DC,2023-03-16,2023-03-22,178226,120,1432,0,178106,176794
2023-03-30,DC,2023-03-23,2023-03-29,178362,136,1432,0,178226,176930
2023-04-06,DC,2023-03-30,2023-04-05,178502,140,1433,1,178362,177069
2023-04-13,DC,2023-04-06,2023-04-12,178596,94,1434,1,178502,177162
2023-04-20,DC,2023-04-13,2023-04-19,178667,71,1434,0,178596,177233
2023-04-27,DC,2023-04-20,2023-04-26,178747,80,1434,0,178667,177313
2023-05-04,DC,2023-04-27,2023-05-03,178829,82,1434,0,178747,177395
2023-05-11,DC,2023-05-04,2023-05-10,178904,75,1435,1,178829,177469
2020-01-23,DE,2020-01-16,2020-01-22,5,5,0,0,0,5
2020-01-30,DE,2020-01-23,2020-01-29,5,0,0,0,5,5
2020-02-06,DE,2020-01-30,2020-02-05,9,4,0,0,5,9
2020-02-13,DE,2020-02-06,2020-02-12,10,1,0,0,9,10
2020-02-20,DE,2020-02-13,2020-02-19,11,1,0,0,10,11
2020-02-27,DE,2020-02-20,2020-02-26,13,2,0,0,11,13
2020-03-05,DE,2020-02-27,2020-03-04,13,0,0,0,13,13
2020-03-12,DE,2020-03-05,2020-03-11,17,4,0,0,13,17
2020-03-19,DE,2020-03-12,2020-03-18,37,20,0,0,17,37
2020-03-26,DE,2020-03-19,2020-03-25,167,130,2,2,37,165
2020-04-02,DE,2020-03-26,2020-04-01,467,300,13,11,167,454
2020-04-09,DE,2020-04-02,2020-04-08,1231,764,32,19,467,1199
2020-04-16,DE,2020-04-09,2020-04-15,2131,900,67,35,1231,2064
2020-04-23,DE,2020-04-16,2020-04-22,3439,1308,119,52,2131,3320
2020-04-30,DE,2020-04-23,2020-04-29,4857,1418,207,88,3439,4650
2020-05-07,DE,2020-04-30,2020-05-06,6195,1338,273,66,4857,5922
2020-05-14,DE,2020-05-07,2020-05-13,7375,1180,356,83,6195,7019
2020-05-21,DE,2020-05-14,2020-05-20,8517,1142,427,71,7375,8090
2020-05-28,DE,2020-05-21,2020-05-27,9269,752,477,50,8517,8792
2020-06-04,DE,2020-05-28,2020-06-03,9877,608,507,30,9269,9370
2020-06-11,DE,2020-06-04,2020-06-10,10303,426,536,29,9877,9767
2020-06-18,DE,2020-06-11,2020-06-17,10714,411,551,15,10303,10163
2020-06-25,DE,2020-06-18,2020-06-24,11137,423,566,15,10714,10571
2020-07-02,DE,2020-06-25,2020-07-01,11921,784,575,9,11137,11346
2020-07-09,DE,2020-07-02,2020-07-08,12712,791,584,9,11921,12128
2020-07-16,DE,2020-07-09,2020-07-15,13549,837,596,12,12712,12953
2020-07-23,DE,2020-07-16,2020-07-22,14301,752,605,9,13549,13696
2020-07-30,DE,2020-07-23,2020-07-29,15002,701,613,8,14301,14389
2020-08-06,DE,2020-07-30,2020-08-05,15595,593,622,9,15002,14973
2020-08-13,DE,2020-08-06,2020-08-12,16079,484,624,2,15595,15455
2020-08-20,DE,2020-08-13,2020-08-19,16543,464,628,4,16079,15915
2020-08-27,DE,2020-08-20,2020-08-26,17047,504,631,3,16543,16416
2020-09-03,DE,2020-08-27,2020-09-02,17767,720,639,8,17047,17128
2020-09-10,DE,2020-09-03,2020-09-09,18420,653,646,7,17767,17774
2020-09-17,DE,2020-09-10,2020-09-16,19130,710,652,6,18420,18478
2020-09-24,DE,2020-09-17,2020-09-23,19841,711,658,6,19130,19183
2020-10-01,DE,2020-09-24,2020-09-30,20662,821,670,12,19841,19992
2020-10-08,DE,2020-10-01,2020-10-07,21574,912,684,14,20662,20890
2020-10-15,DE,2020-10-08,2020-10-14,22467,893,698,14,21574,21769
2020-10-22,DE,2020-10-15,2020-10-21,23430,963,719,21,22467,22711
2020-10-29,DE,2020-10-22,2020-10-28,24444,1014,743,24,23430,23701
2020-11-05,DE,2020-10-29,2020-11-04,25626,1182,767,24,24444,24859
2020-11-12,DE,2020-11-05,2020-11-11,27395,1769,785,18,25626,26610
2020-11-19,DE,2020-11-12,2020-11-18,30005,2610,806,21,27395,29199
2020-11-26,DE,2020-11-19,2020-11-25,33388,3383,833,27,30005,32555
2020-12-03,DE,2020-11-26,2020-12-02,37329,3941,864,31,33388,36465
2020-12-10,DE,2020-12-03,2020-12-09,42891,5562,914,50,37329,41977
2020-12-17,DE,2020-12-10,2020-12-16,48830,5939,976,62,42891,47854
2020-12-24,DE,2020-12-17,2020-12-23,53174,4344,1050,74,48830,52124
2020-12-31,DE,2020-12-24,2020-12-30,57682,4508,1128,78,53174,56554
2021-01-07,DE,2020-12-31,2021-01-06,63317,5635,1193,65,57682,62124
2021-01-14,DE,2021-01-07,2021-01-13,68564,5247,1278,85,63317,67286
2021-01-21,DE,2021-01-14,2021-01-20,73102,4538,1356,78,68564,71746
2021-01-28,DE,2021-01-21,2021-01-27,77060,3958,1436,80,73102,75624
2021-02-04,DE,2021-01-28,2021-02-03,79789,2729,1497,61,77060,78292
2021-02-11,DE,2021-02-04,2021-02-10,82545,2756,1549,52,79789,80996
2021-02-18,DE,2021-02-11,2021-02-17,84571,2026,1594,45,82545,82977
2021-02-25,DE,2021-02-18,2021-02-24,86462,1891,1618,24,84571,84844
2021-03-04,DE,2021-02-25,2021-03-03,88354,1892,1642,24,86462,86712
2021-03-11,DE,2021-03-04,2021-03-10,89754,1400,1669,27,88354,88085
2021-03-18,DE,2021-03-11,2021-03-17,91153,1399,1685,16,89754,89468
2021-03-25,DE,2021-03-18,2021-03-24,92660,1507,1698,13,91153,90962
2021-04-01,DE,2021-03-25,2021-03-31,94783,2123,1709,11,92660,93074
2021-04-08,DE,2021-04-01,2021-04-07,96885,2102,1729,20,94783,95156
2021-04-15,DE,2021-04-08,2021-04-14,99315,2430,1757,28,96885,97558
2021-04-22,DE,2021-04-15,2021-04-21,101645,2330,1766,9,99315,99879
2021-04-29,DE,2021-04-22,2021-04-28,103376,1731,1783,17,101645,101593
2021-05-06,DE,2021-04-29,2021-05-05,104825,1449,1796,13,103376,103029
2021-05-13,DE,2021-05-06,2021-05-12,105825,1000,1807,11,104825,104018
2021-05-20,DE,2021-05-13,2021-05-19,106597,772,1818,11,105825,104779
2021-05-27,DE,2021-05-20,2021-05-26,107175,578,1824,6,106597,105351
2021-06-03,DE,2021-05-27,2021-06-02,107527,352,1832,8,107175,105695
2021-06-10,DE,2021-06-03,2021-06-09,107817,290,1837,5,107527,105980
2021-06-17,DE,2021-06-10,2021-06-16,108030,213,1843,6,107817,106187
2021-06-24,DE,2021-06-17,2021-06-23,108182,152,1849,6,108030,106333
2021-07-01,DE,2021-06-24,2021-06-30,108324,142,1852,3,108182,106472
2021-07-08,DE,2021-07-01,2021-07-07,108489,165,1853,1,108324,106636
2021-07-15,DE,2021-07-08,2021-07-14,108763,274,1858,5,108489,106905
2021-07-22,DE,2021-07-15,2021-07-21,109089,326,1861,3,108763,107228
2021-07-29,DE,2021-07-22,2021-07-28,109592,503,1865,4,109089,107727
2021-08-05,DE,2021-07-29,2021-08-04,110514,922,1871,6,109592,108643
2021-08-12,DE,2021-08-05,2021-08-11,111986,1472,1879,8,110514,110107
2021-08-19,DE,2021-08-12,2021-08-18,114087,2101,1891,12,111986,112196
2021-08-26,DE,2021-08-19,2021-08-25,116394,2307,1915,24,114087,114479
2021-09-02,DE,2021-08-26,2021-09-01,119077,2683,1927,12,116394,117150
2021-09-09,DE,2021-09-02,2021-09-08,121663,2586,1949,22,119077,119714
2021-09-16,DE,2021-09-09,2021-09-15,124933,3270,1981,32,121663,122952
2021-09-23,DE,2021-09-16,2021-09-22,128194,3261,2014,33,124933,126180
2021-09-30,DE,2021-09-23,2021-09-29,131219,3025,2044,30,128194,129175
2021-10-07,DE,2021-09-30,2021-10-06,134412,3193,2074,30,131219,132338
2021-10-14,DE,2021-10-07,2021-10-13,137193,2781,2096,22,134412,135097
2021-10-21,DE,2021-10-14,2021-10-20,139557,2364,2129,33,137193,137428
2021-10-28,DE,2021-10-21,2021-10-27,141502,1945,2149,20,139557,139353
2021-11-04,DE,2021-10-28,2021-11-03,143236,1734,2175,26,141502,141061
2021-11-11,DE,2021-11-04,2021-11-10,144972,1736,2194,19,143236,142778
2021-11-18,DE,2021-11-11,2021-11-17,147211,2239,2207,13,144972,145004
2021-11-25,DE,2021-11-18,2021-11-24,149802,2591,2236,29,147211,147566
2021-12-02,DE,2021-11-25,2021-12-01,152570,2768,2257,21,149802,150313
2021-12-09,DE,2021-12-02,2021-12-08,156654,4084,2284,27,152570,154370
2021-12-16,DE,2021-12-09,2021-12-15,161046,4392,2312,28,156654,158734
2021-12-23,DE,2021-12-16,2021-12-22,166618,5572,2351,39,161046,164267
2021-12-30,DE,2021-12-23,2021-12-29,176263,9645,2390,39,166618,173873
2022-01-06,DE,2021-12-30,2022-01-05,194331,18068,2461,71,176263,191870
2022-01-13,DE,2022-01-06,2022-01-12,218307,23976,2528,67,194331,215779
2022-01-20,DE,2022-01-13,2022-01-19,233269,14962,2617,89,218307,230652
2022-01-27,DE,2022-01-20,2022-01-26,244327,11058,2685,68,233269,241642
2022-02-03,DE,2022-01-27,2022-02-02,249405,5078,2751,66,244327,246654
2022-02-10,DE,2022-02-03,2022-02-09,252196,2791,2808,57,249405,249388
2022-02-17,DE,2022-02-10,2022-02-16,253955,1759,2841,33,252196,251114
2022-02-24,DE,2022-02-17,2022-02-23,254978,1023,2863,22,253955,252115
2022-03-03,DE,2022-02-24,2022-03-02,255672,694,2879,16,254978,252793
2022-03-10,DE,2022-03-03,2022-03-09,256296,624,2896,17,255672,253400
2022-03-17,DE,2022-03-10,2022-03-16,256748,452,2904,8,256296,253844
2022-03-24,DE,2022-03-17,2022-03-23,257174,426,2919,15,256748,254255
2022-03-31,DE,2022-03-24,2022-03-30,257670,496,2929,10,257174,254741
2022-04-07,DE,2022-03-31,2022-04-06,258298,628,2938,9,257670,255360
2022-04-14,DE,2022-04-07,2022-04-13,259183,885,2940,2,258298,256243
2022-04-21,DE,2022-04-14,2022-04-20,260296,1113,2943,3,259183,257353
2022-04-28,DE,2022-04-21,2022-04-27,261622,1326,2952,9,260296,258670
2022-05-05,DE,2022-04-28,2022-05-04,263420,1798,2960,8,261622,260460
2022-05-12,DE,2022-05-05,2022-05-11,266178,2758,2965,5,263420,263213
2022-05-19,DE,2022-05-12,2022-05-18,270133,3955,2970,5,266178,267163
2022-05-26,DE,2022-05-19,2022-05-25,274045,3912,2982,12,270133,271063
2022-06-02,DE,2022-05-26,2022-06-01,277068,3023,2987,5,274045,274081
2022-06-09,DE,2022-06-02,2022-06-08,279570,2502,2997,10,277068,276573
2022-06-16,DE,2022-06-09,2022-06-15,281408,1838,3003,6,279570,278405
2022-06-23,DE,2022-06-16,2022-06-22,283154,1746,3011,8,281408,280143
2022-06-30,DE,2022-06-23,2022-06-29,284868,1714,3022,11,283154,281846
2022-07-07,DE,2022-06-30,2022-07-06,286528,1660,3029,7,284868,283499
2022-07-14,DE,2022-07-07,2022-07-13,288646,2118,3038,9,286528,285608
2022-07-21,DE,2022-07-14,2022-07-20,290943,2297,3049,11,288646,287894
2022-07-28,DE,2022-07-21,2022-07-27,293301,2358,3060,11,290943,290241
2022-08-04,DE,2022-07-28,2022-08-03,295667,2366,3071,11,293301,292596
2022-08-11,DE,2022-08-04,2022-08-10,297735,2068,3082,11,295667,294653
2022-08-18,DE,2022-08-11,2022-08-17,299686,1951,3086,4,297735,296600
2022-08-25,DE,2022-08-18,2022-08-24,301459,1773,3099,13,299686,298360
2022-09-01,DE,2022-08-25,2022-08-31,302891,1432,3106,7,301459,299785
2022-09-08,DE,2022-09-01,2022-09-07,304096,1205,3112,6,302891,300984
2022-09-15,DE,2022-09-08,2022-09-14,305486,1390,3117,5,304096,302369
2022-09-22,DE,2022-09-15,2022-09-21,306953,1467,3134,17,305486,303819
2022-09-29,DE,2022-09-22,2022-09-28,308321,1368,3142,8,306953,305179
2022-10-06,DE,2022-09-29,2022-10-05,309473,1152,3152,10,308321,306321
2022-10-13,DE,2022-10-06,2022-10-12,310491,1018,3157,5,309473,307334
2022-10-20,DE,2022-10-13,2022-10-19,311495,1004,3165,8,310491,308330
2022-10-27,DE,2022-10-20,2022-10-26,312512,1017,3170,5,311495,309342
2022-11-03,DE,2022-10-27,2022-11-02,313395,883,3175,5,312512,310220
2022-11-10,DE,2022-11-03,2022-11-09,314312,917,3183,8,313395,311129
2022-11-17,DE,2022-11-10,2022-11-16,315054,742,3193,10,314312,311861
2022-11-24,DE,2022-11-17,2022-11-23,315802,748,3202,9,315054,312600
2022-12-01,DE,2022-11-24,2022-11-30,316742,940,3210,8,315802,313532
2022-12-08,DE,2022-12-01,2022-12-07,317890,1148,3217,7,316742,314673
2022-12-15,DE,2022-12-08,2022-12-14,319018,1128,3231,14,317890,315787
2022-12-22,DE,2022-12-15,2022-12-21,320453,1435,3245,14,319018,317208
2022-12-29,DE,2022-12-22,2022-12-28,321905,1452,3253,8,320453,318652
2023-01-05,DE,2022-12-29,2023-01-04,323584,1679,3263,10,321905,320321
2023-01-12,DE,2023-01-05,2023-01-11,325131,1547,3272,9,323584,321859
2023-01-19,DE,2023-01-12,2023-01-18,326181,1050,3287,15,325131,322894
2023-01-26,DE,2023-01-19,2023-01-25,327192,1011,3303,16,326181,323889
2023-02-02,DE,2023-01-26,2023-02-01,328193,1001,3319,16,327192,324874
2023-02-09,DE,2023-02-02,2023-02-08,329199,1006,3328,9,328193,325871
2023-02-16,DE,2023-02-09,2023-02-15,330125,926,3338,10,329199,326787
2023-02-23,DE,2023-02-16,2023-02-22,330907,782,3348,10,330125,327559
2023-03-02,DE,2023-02-23,2023-03-01,331411,504,3355,7,330907,328056
2023-03-09,DE,2023-03-02,2023-03-08,331850,439,3363,8,331411,328487
2023-03-16,DE,2023-03-09,2023-03-15,332235,385,3368,5,331850,328867
2023-03-23,DE,2023-03-16,2023-03-22,332591,356,3376,8,332235,329215
2023-03-30,DE,2023-03-23,2023-03-29,332881,290,3383,7,332591,329498
2023-04-06,DE,2023-03-30,2023-04-05,333113,232,3387,4,332881,329726
2023-04-13,DE,2023-04-06,2023-04-12,333253,140,3391,4,333113,329862
2023-04-20,DE,2023-04-13,2023-04-19,333443,190,3393,2,333253,330050
2023-04-27,DE,2023-04-20,2023-04-26,333558,115,3394,1,333443,330164
2023-05-04,DE,2023-04-27,2023-05-03,333661,103,3394,0,333558,330267
2023-05-11,DE,2023-05-04,2023-05-10,333772,111,3394,0,333661,330378
2020-01-23,FL,2020-01-16,2020-01-22,0,0,0,0,0,0
2020-01-30,FL,2020-01-23,2020-01-29,0,0,0,0,0,0
2020-02-06,FL,2020-01-30,2020-02-05,0,0,0,0,0,0
2020-02-13,FL,2020-02-06,2020-02-12,0,0,0,0,0,0
2020-02-20,FL,2020-02-13,2020-02-19,0,0,0,0,0,0
2020-02-27,FL,2020-02-20,2020-02-26,0,0,0,0,0,0
2020-03-05,FL,2020-02-27,2020-03-04,0,0,0,0,0,0
2020-03-12,FL,2020-03-05,2020-03-11,8,8,2,2,0,6
2020-03-19,FL,2020-03-12,2020-03-18,30,22,7,5,8,23
2020-03-26,FL,2020-03-19,2020-03-25,388,358,23,16,30,365
2020-04-02,FL,2020-03-26,2020-04-01,2547,2159,87,64,388,2460
2020-04-09,FL,2020-04-02,2020-04-08,8849,6302,309,222,2547,8540
2020-04-16,FL,2020-04-09,2020-04-15,16300,7451,596,287,8849,15704
2020-04-23,FL,2020-04-16,2020-04-22,22875,6575,893,297,16300,21982
2020-04-30,FL,2020-04-23,2020-04-29,28923,6048,1218,325,22875,27705
2020-05-07,FL,2020-04-30,2020-05-06,33527,4604,1536,318,28923,31991
2020-05-14,FL,2020-05-07,2020-05-13,37744,4217,1827,291,33527,35917
2020-05-21,FL,2020-05-14,2020-05-20,42660,4916,2095,268,37744,40565
2020-05-28,FL,2020-05-21,2020-05-27,47818,5158,2318,223,42660,45500
2020-06-04,FL,2020-05-28,2020-06-03,52880,5062,2564,246,47818,50316
2020-06-11,FL,2020-06-04,2020-06-10,59314,6434,2800,236,52880,56514
2020-06-18,FL,2020-06-11,2020-06-17,68697,9383,3018,218,59314,65679
2020-06-25,FL,2020-06-18,2020-06-24,86243,17546,3283,265,68697,82960
2020-07-02,FL,2020-06-25,2020-07-01,120757,34514,3552,269,86243,117205
2020-07-09,FL,2020-07-02,2020-07-08,175247,54490,3890,338,120757,171357
2020-07-16,FL,2020-07-09,2020-07-15,240076,64829,4521,631,175247,235555
2020-07-23,FL,2020-07-16,2020-07-22,321248,81172,5346,825,240076,315902
2020-07-30,FL,2020-07-23,2020-07-29,394934,73686,6333,987,321248,388601
2020-08-06,FL,2020-07-30,2020-08-05,461404,66470,7627,1294,394934,453777
2020-08-13,FL,2020-08-06,2020-08-12,507943,46539,8765,1138,461404,499178
2020-08-20,FL,2020-08-13,2020-08-19,551913,43970,9932,1167,507943,541981
2020-08-27,FL,2020-08-20,2020-08-26,581336,29423,10733,801,551913,570603
2020-09-03,FL,2020-08-27,2020-09-02,603121,21785,11500,767,581336,591621
2020-09-10,FL,2020-09-03,2020-09-09,626762,23641,12108,608,603121,614654
2020-09-17,FL,2020-09-10,2020-09-16,644712,17950,12937,829,626762,631775
2020-09-24,FL,2020-09-17,2020-09-23,663282,18570,13616,679,644712,649666
2020-10-01,FL,2020-09-24,2020-09-30,681188,17906,14313,697,663282,666875
2020-10-08,FL,2020-10-01,2020-10-07,697243,16055,14907,594,681188,682336
2020-10-15,FL,2020-10-08,2020-10-14,714143,16900,15595,688,697243,698548
2020-10-22,FL,2020-10-15,2020-10-21,733203,19060,16208,613,714143,716995
2020-10-29,FL,2020-10-22,2020-10-28,756373,23170,16566,358,733203,739807
2020-11-05,FL,2020-10-29,2020-11-04,784366,27993,16920,354,756373,767446
2020-11-12,FL,2020-11-05,2020-11-11,816258,31892,17300,380,784366,798958
2020-11-19,FL,2020-11-12,2020-11-18,853464,37206,17732,432,816258,835732
2020-11-26,FL,2020-11-19,2020-11-25,905357,51893,18247,515,853464,887110
2020-12-03,FL,2020-11-26,2020-12-02,959268,53911,18778,531,905357,940490
2020-12-10,FL,2020-12-03,2020-12-09,1018528,59260,19473,695,959268,999055
2020-12-17,FL,2020-12-10,2020-12-16,1084358,65830,20196,723,1018528,1064162
2020-12-24,FL,2020-12-17,2020-12-23,1158530,74172,20880,684,1084358,1137650
2020-12-31,FL,2020-12-24,2020-12-30,1233862,75332,21544,664,1158530,1212318
2021-01-07,FL,2020-12-31,2021-01-06,1317624,83762,22316,772,1233862,1295308
2021-01-14,FL,2021-01-07,2021-01-13,1420393,102769,23396,1080,1317624,1396997
2021-01-21,FL,2021-01-14,2021-01-20,1517493,97100,24581,1185,1420393,1492912
2021-01-28,FL,2021-01-21,2021-01-27,1595444,77951,25833,1252,1517493,1569611
2021-02-04,FL,2021-01-28,2021-02-03,1665357,69913,27022,1189,1595444,1638335
2021-02-11,FL,2021-02-04,2021-02-10,1728158,62801,28209,1187,1665357,1699949
2021-02-18,FL,2021-02-11,2021-02-17,1777905,49747,29314,1105,1728158,1748591
2021-02-25,FL,2021-02-18,2021-02-24,1820028,42123,30350,1036,1777905,1789678
2021-03-04,FL,2021-02-25,2021-03-03,1861316,41288,31263,913,1820028,1830053
2021-03-11,FL,2021-03-04,2021-03-10,1897556,36240,31966,703,1861316,1865590
2021-03-18,FL,2021-03-11,2021-03-17,1929438,31882,32505,539,1897556,1896933
2021-03-25,FL,2021-03-18,2021-03-24,1960630,31192,32854,349,1929438,1927776
2021-04-01,FL,2021-03-25,2021-03-31,1994902,34272,33418,564,1960630,1961484
2021-04-08,FL,2021-04-01,2021-04-07,2032481,37579,33809,391,1994902,1998672
2021-04-15,FL,2021-04-08,2021-04-14,2073050,40569,34167,358,2032481,2038883
2021-04-22,FL,2021-04-15,2021-04-21,2117159,44109,34606,439,2073050,2082553
2021-04-29,FL,2021-04-22,2021-04-28,2156090,38931,35030,424,2117159,2121060
2021-05-06,FL,2021-04-29,2021-05-05,2193320,37230,35485,455,2156090,2157835
2021-05-13,FL,2021-05-06,2021-05-12,2223120,29800,35882,397,2193320,2187238
2021-05-20,FL,2021-05-13,2021-05-19,2246723,23603,36282,400,2223120,2210441
2021-05-27,FL,2021-05-20,2021-05-26,2265402,18679,36642,360,2246723,2228760
2021-06-03,FL,2021-05-27,2021-06-02,2281340,15938,36925,283,2265402,2244415
2021-06-10,FL,2021-06-03,2021-06-09,2292747,11407,36985,60,2281340,2255762
2021-06-17,FL,2021-06-10,2021-06-16,2304779,12032,37265,280,2292747,2267514
2021-06-24,FL,2021-06-17,2021-06-23,2315426,10647,37555,290,2304779,2277871
2021-07-01,FL,2021-06-24,2021-06-30,2327425,11999,37772,217,2315426,2289653
2021-07-08,FL,2021-07-01,2021-07-07,2343551,16126,37985,213,2327425,2305566
2021-07-15,FL,2021-07-08,2021-07-14,2366852,23301,38157,172,2343551,2328695
2021-07-22,FL,2021-07-15,2021-07-21,2412586,45734,38388,231,2366852,2374198
2021-07-29,FL,2021-07-22,2021-07-28,2486313,73727,38670,282,2412586,2447643
2021-08-05,FL,2021-07-29,2021-08-04,2598062,111749,39079,409,2486313,2558983
2021-08-12,FL,2021-08-05,2021-08-11,2734818,136756,40171,1092,2598062,2694647
2021-08-19,FL,2021-08-12,2021-08-18,2887848,153030,41138,967,2734818,2846710
2021-08-26,FL,2021-08-19,2021-08-25,3038973,151125,42252,1114,2887848,2996721
2021-09-02,FL,2021-08-26,2021-09-01,3192243,153270,43979,1727,3038973,3148264
2021-09-09,FL,2021-09-02,2021-09-08,3325024,132781,46324,2345,3192243,3278700
2021-09-16,FL,2021-09-09,2021-09-15,3424456,99432,48772,2448,3325024,3375684
2021-09-23,FL,2021-09-16,2021-09-22,3500598,76142,51240,2468,3424456,3449358
2021-09-30,FL,2021-09-23,2021-09-29,3555492,54894,53579,2339,3500598,3501913
2021-10-07,FL,2021-09-30,2021-10-06,3593890,38398,55288,1709,3555492,3538602
2021-10-14,FL,2021-10-07,2021-10-13,3619970,26080,56649,1361,3593890,3563321
2021-10-21,FL,2021-10-14,2021-10-20,3639953,19983,57856,1207,3619970,3582097
2021-10-28,FL,2021-10-21,2021-10-27,3655587,15634,58800,944,3639953,3596787
2021-11-04,FL,2021-10-28,2021-11-03,3668844,13257,59604,804,3655587,3609240
2021-11-11,FL,2021-11-04,2021-11-10,3680347,11503,60305,701,3668844,3620042
2021-11-18,FL,2021-11-11,2021-11-17,3691041,10694,60696,391,3680347,3630345
2021-11-25,FL,2021-11-18,2021-11-24,3702425,11384,61053,357,3691041,3641372
2021-12-02,FL,2021-11-25,2021-12-01,3712423,9998,61486,433,3702425,3650937
2021-12-09,FL,2021-12-02,2021-12-08,3723812,11389,61697,211,3712423,3662115
2021-12-16,FL,2021-12-09,2021-12-15,3738081,14269,62010,313,3723812,3676071
2021-12-23,FL,2021-12-16,2021-12-22,3772099,34018,62207,197,3738081,3709892
2021-12-30,FL,2021-12-23,2021-12-29,3900279,128180,62338,131,3772099,3837941
2022-01-06,FL,2021-12-30,2022-01-05,4196596,296317,62470,132,3900279,4134126
2022-01-13,FL,2022-01-06,2022-01-12,4590335,393739,62683,213,4196596,4527652
2022-01-20,FL,2022-01-13,2022-01-19,5018805,428470,63131,448,4590335,4955674
2022-01-27,FL,2022-01-20,2022-01-26,5305952,287147,63757,626,5018805,5242195
2022-02-03,FL,2022-01-27,2022-02-02,5503413,197461,64953,1196,5305952,5438460
2022-02-10,FL,2022-02-03,2022-02-09,5633177,129764,66273,1320,5503413,5566904
2022-02-17,FL,2022-02-10,2022-02-16,5733016,99839,67571,1298,5633177,5665445
2022-02-24,FL,2022-02-17,2022-02-23,5775345,42329,68889,1318,5733016,5706456
2022-03-03,FL,2022-02-24,2022-03-02,5800846,25501,69789,900,5775345,5731057
2022-03-10,FL,2022-03-03,2022-03-09,5814954,14108,70997,1208,5800846,5743957
2022-03-17,FL,2022-03-10,2022-03-16,5825177,10223,72242,1245,5814954,5752935
2022-03-24,FL,2022-03-17,2022-03-23,5833201,8024,72595,353,5825177,5760606
2022-03-31,FL,2022-03-24,2022-03-30,5842014,8813,73010,415,5833201,5769004
2022-04-07,FL,2022-03-31,2022-04-06,5852170,10156,73269,259,5842014,5778901
2022-04-14,FL,2022-04-07,2022-04-13,5863446,11276,73526,257,5852170,5789920
2022-04-21,FL,2022-04-14,2022-04-20,5879018,15572,73683,157,5863446,5805335
2022-04-28,FL,2022-04-21,2022-04-27,5899784,20766,73811,128,5879018,5825973
2022-05-05,FL,2022-04-28,2022-05-04,5926284,26500,73942,131,5899784,5852342
2022-05-12,FL,2022-05-05,2022-05-11,5959229,32945,74045,103,5926284,5885184
2022-05-19,FL,2022-05-12,2022-05-18,5998614,39385,74166,121,5959229,5924448
2022-05-26,FL,2022-05-19,2022-05-25,6058762,60148,74315,149,5998614,5984447
2022-06-02,FL,2022-05-26,2022-06-01,6125558,66796,74455,140,6058762,6051103
2022-06-09,FL,2022-06-02,2022-06-08,6197203,71645,74575,120,6125558,6122628
2022-06-16,FL,2022-06-09,2022-06-15,6271539,74336,74841,266,6197203,6196698
2022-06-23,FL,2022-06-16,2022-06-22,6345779,74240,75080,239,6271539,6270699
2022-06-30,FL,2022-06-23,2022-06-29,6419521,73742,75475,395,6345779,6344046
2022-07-07,FL,2022-06-30,2022-07-06,6493978,74457,75860,385,6419521,6418118
2022-07-14,FL,2022-07-07,2022-07-13,6561698,67720,76143,283,6493978,6485555
2022-07-21,FL,2022-07-14,2022-07-20,6639883,78185,76566,423,6561698,6563317
2022-07-28,FL,2022-07-21,2022-07-27,6715686,75803,76974,408,6639883,6638712
2022-08-04,FL,2022-07-28,2022-08-03,6789001,73315,77550,576,6715686,6711451
2022-08-11,FL,2022-08-04,2022-08-10,6854576,65575,78012,462,6789001,6776564
2022-08-18,FL,2022-08-11,2022-08-17,6908841,54265,78480,468,6854576,6830361
2022-08-25,FL,2022-08-18,2022-08-24,6954186,45345,78896,416,6908841,6875290
2022-09-01,FL,2022-08-25,2022-08-31,6997836,43650,79571,675,6954186,6918265
2022-09-08,FL,2022-09-01,2022-09-07,7036754,38918,80029,458,6997836,6956725
2022-09-15,FL,2022-09-08,2022-09-14,7065554,28800,80385,356,7036754,6985169
2022-09-22,FL,2022-09-15,2022-09-21,7088389,22835,80782,397,7065554,7007607
2022-09-29,FL,2022-09-22,2022-09-28,7105803,17414,81138,356,7088389,7024665
2022-10-06,FL,2022-09-29,2022-10-05,7117600,11797,81416,278,7105803,7036184
2022-10-13,FL,2022-10-06,2022-10-12,7128367,10767,81659,243,7117600,7046708
2022-10-20,FL,2022-10-13,2022-10-19,7138260,9893,81910,251,7128367,7056350
2022-10-27,FL,2022-10-20,2022-10-26,7148361,10101,82173,263,7138260,7066188
2022-11-03,FL,2022-10-27,2022-11-02,7159132,10771,82360,187,7148361,7076772
2022-11-10,FL,2022-11-03,2022-11-09,7171491,12359,82537,177,7159132,7088954
2022-11-17,FL,2022-11-10,2022-11-16,7183265,11774,82718,181,7171491,7100547
2022-11-24,FL,2022-11-17,2022-11-23,7194875,11610,82872,154,7183265,7112003
2022-12-01,FL,2022-11-24,2022-11-30,7207036,12161,83098,226,7194875,7123938
2022-12-08,FL,2022-12-01,2022-12-07,7225803,18767,83197,99,7207036,7142606
2022-12-15,FL,2022-12-08,2022-12-14,7245693,19890,83384,187,7225803,7162309
2022-12-22,FL,2022-12-15,2022-12-21,7268262,22569,83602,218,7245693,7184660
2022-12-29,FL,2022-12-22,2022-12-28,7293317,25055,83908,306,7268262,7209409
2023-01-05,FL,2022-12-29,2023-01-04,7317254,23937,84019,111,7293317,7233235
2023-01-12,FL,2023-01-05,2023-01-11,7349274,32020,84175,156,7317254,7265099
2023-01-19,FL,2023-01-12,2023-01-18,7377897,28623,84607,432,7349274,7293290
2023-01-26,FL,2023-01-19,2023-01-25,7400186,22289,84925,318,7377897,7315261
2023-02-02,FL,2023-01-26,2023-02-01,7421550,21364,85365,440,7400186,7336185
2023-02-09,FL,2023-02-02,2023-02-08,7440633,19083,85697,332,7421550,7354936
2023-02-16,FL,2023-02-09,2023-02-15,7457678,17045,85995,298,7440633,7371683
2023-02-23,FL,2023-02-16,2023-02-22,7471773,14095,86274,279,7457678,7385499
2023-03-02,FL,2023-02-23,2023-03-01,7486831,15058,86433,159,7471773,7400398
2023-03-09,FL,2023-03-02,2023-03-08,7498093,11262,86687,254,7486831,7411406
2023-03-16,FL,2023-03-09,2023-03-15,7508044,9951,86738,51,7498093,7421306
2023-03-23,FL,2023-03-16,2023-03-22,7517059,9015,87139,401,7508044,7429920
2023-03-30,FL,2023-03-23,2023-03-29,7525616,8557,87139,0,7517059,7438477
2023-04-06,FL,2023-03-30,2023-04-05,7534987,9371,87139,0,7525616,7447848
2023-04-13,FL,2023-04-06,2023-04-12,7543465,8478,87139,0,7534987,7456326
2023-04-20,FL,2023-04-13,2023-04-19,7550960,7495,87139,0,7543465,7463821
2023-04-27,FL,2023-04-20,2023-04-26,7558324,7364,87139,0,7550960,7471185
2023-05-04,FL,2023-04-27,2023-05-03,7565345,7021,87139,0,7558324,7478206
2023-05-11,FL,2023-05-04,2023-05-10,7572282,6937,88248,0,7565345,7484034
2020-01-23,FSM,2020-01-16,2020-01-22,0,0,0,0,0,0
2020-01-30,FSM,2020-01-23,2020-01-29,0,0,0,0,0,0
2020-02-06,FSM,2020-01-30,2020-02-05,0,0,0,0,0,0
2020-02-13,FSM,2020-02-06,2020-02-12,0,0,0,0,0,0
2020-02-20,FSM,2020-02-13,2020-02-19,0,0,0,0,0,0
2020-02-27,FSM,2020-02-20,2020-02-26,0,0,0,0,0,0
2020-03-05,FSM,2020-02-27,2020-03-04,0,0,0,0,0,0
2020-03-12,FSM,2020-03-05,2020-03-11,0,0,0,0,0,0
2020-03-19,FSM,2020-03-12,2020-03-18,0,0,0,0,0,0
2020-03-26,FSM,2020-03-19,2020-03-25,0,0,0,0,0,0
2020-04-02,FSM,2020-03-26,2020-04-01,0,0,0,0,0,0
2020-04-09,FSM,2020-04-02,2020-04-08,0,0,0,0,0,0
2020-04-16,FSM,2020-04-09,2020-04-15,0,0,0,0,0,0
2020-04-23,FSM,2020-04-16,2020-04-22,0,0,0,0,0,0
2020-04-30,FSM,2020-04-23,2020-04-29,0,0,0,0,0,0
2020-05-07,FSM,2020-04-30,2020-05-06,0,0,0,0,0,0
2020-05-14,FSM,2020-05-07,2020-05-13,0,0,0,0,0,0
2020-05-21,FSM,2020-05-14,2020-05-20,0,0,0,0,0,0
2020-05-28,FSM,2020-05-21,2020-05-27,0,0,0,0,0,0
2020-06-04,FSM,2020-05-28,2020-06-03,0,0,0,0,0,0
2020-06-11,FSM,2020-06-04,2020-06-10,0,0,0,0,0,0
2020-06-18,FSM,2020-06-11,2020-06-17,0,0,0,0,0,0
2020-06-25,FSM,2020-06-18,2020-06-24,0,0,0,0,0,0
2020-07-02,FSM,2020-06-25,2020-07-01,0,0,0,0,0,0
2020-07-09,FSM,2020-07-02,2020-07-08,0,0,0,0,0,0
2020-07-16,FSM,2020-07-09,2020-07-15,0,0,0,0,0,0
2020-07-23,FSM,2020-07-16,2020-07-22,0,0,0,0,0,0
2020-07-30,FSM,2020-07-23,2020-07-29,0,0,0,0,0,0
2020-08-06,FSM,2020-07-30,2020-08-05,0,0,0,0,0,0
2020-08-13,FSM,2020-08-06,2020-08-12,0,0,0,0,0,0
2020-08-20,FSM,2020-08-13,2020-08-19,0,0,0,0,0,0
2020-08-27,FSM,2020-08-20,2020-08-26,0,0,0,0,0,0
2020-09-03,FSM,2020-08-27,2020-09-02,0,0,0,0,0,0
2020-09-10,FSM,2020-09-03,2020-09-09,0,0,0,0,0,0
2020-09-17,FSM,2020-09-10,2020-09-16,0,0,0,0,0,0
2020-09-24,FSM,2020-09-17,2020-09-23,0,0,0,0,0,0
2020-10-01,FSM,2020-09-24,2020-09-30,0,0,0,0,0,0
2020-10-08,FSM,2020-10-01,2020-10-07,0,0,0,0,0,0
2020-10-15,FSM,2020-10-08,2020-10-14,0,0,0,0,0,0
2020-10-22,FSM,2020-10-15,2020-10-21,0,0,0,0,0,0
2020-10-29,FSM,2020-10-22,2020-10-28,0,0,0,0,0,0
2020-11-05,FSM,2020-10-29,2020-11-04,0,0,0,0,0,0
2020-11-12,FSM,2020-11-05,2020-11-11,0,0,0,0,0,0
2020-11-19,FSM,2020-11-12,2020-11-18,0,0,0,0,0,0
2020-11-26,FSM,2020-11-19,2020-11-25,0,0,0,0,0,0
2020-12-03,FSM,2020-11-26,2020-12-02,0,0,0,0,0,0
2020-12-10,FSM,2020-12-03,2020-12-09,0,0,0,0,0,0
2020-12-17,FSM,2020-12-10,2020-12-16,0,0,0,0,0,0
2020-12-24,FSM,2020-12-17,2020-12-23,0,0,0,0,0,0
2020-12-31,FSM,2020-12-24,2020-12-30,0,0,0,0,0,0
2021-01-07,FSM,2020-12-31,2021-01-06,0,0,0,0,0,0
2021-01-14,FSM,2021-01-07,2021-01-13,1,1,0,0,0,1
2021-01-21,FSM,2021-01-14,2021-01-20,1,0,0,0,1,1
2021-01-28,FSM,2021-01-21,2021-01-27,1,0,0,0,1,1
2021-02-04,FSM,2021-01-28,2021-02-03,1,0,0,0,1,1
2021-02-11,FSM,2021-02-04,2021-02-10,1,0,0,0,1,1
2021-02-18,FSM,2021-02-11,2021-02-17,1,0,0,0,1,1
2021-02-25,FSM,2021-02-18,2021-02-24,1,0,0,0,1,1
2021-03-04,FSM,2021-02-25,2021-03-03,1,0,0,0,1,1
2021-03-11,FSM,2021-03-04,2021-03-10,1,0,0,0,1,1
2021-03-18,FSM,2021-03-11,2021-03-17,1,0,0,0,1,1
2021-03-25,FSM,2021-03-18,2021-03-24,1,0,0,0,1,1
2021-04-01,FSM,2021-03-25,2021-03-31,1,0,0,0,1,1
2021-04-08,FSM,2021-04-01,2021-04-07,1,0,0,0,1,1
2021-04-15,FSM,2021-04-08,2021-04-14,1,0,0,0,1,1
2021-04-22,FSM,2021-04-15,2021-04-21,1,0,0,0,1,1
2021-04-29,FSM,2021-04-22,2021-04-28,1,0,0,0,1,1
2021-05-06,FSM,2021-04-29,2021-05-05,1,0,0,0,1,1
2021-05-13,FSM,2021-05-06,2021-05-12,1,0,0,0,1,1
2021-05-20,FSM,2021-05-13,2021-05-19,1,0,0,0,1,1
2021-05-27,FSM,2021-05-20,2021-05-26,1,0,0,0,1,1
2021-06-03,FSM,2021-05-27,2021-06-02,1,0,0,0,1,1
2021-06-10,FSM,2021-06-03,2021-06-09,1,0,0,0,1,1
2021-06-17,FSM,2021-06-10,2021-06-16,1,0,0,0,1,1
2021-06-24,FSM,2021-06-17,2021-06-23,1,0,0,0,1,1
2021-07-01,FSM,2021-06-24,2021-06-30,1,0,0,0,1,1
2021-07-08,FSM,2021-07-01,2021-07-07,5,4,0,0,1,5
2021-07-15,FSM,2021-07-08,2021-07-14,5,0,0,0,5,5
2021-07-22,FSM,2021-07-15,2021-07-21,6,1,0,0,5,6
2021-07-29,FSM,2021-07-22,2021-07-28,7,1,0,0,6,7
2021-08-05,FSM,2021-07-29,2021-08-04,7,0,0,0,7,7
2021-08-12,FSM,2021-08-05,2021-08-11,7,0,0,0,7,7
2021-08-19,FSM,2021-08-12,2021-08-18,7,0,0,0,7,7
2021-08-26,FSM,2021-08-19,2021-08-25,7,0,0,0,7,7
2021-09-02,FSM,2021-08-26,2021-09-01,7,0,0,0,7,7
2021-09-09,FSM,2021-09-02,2021-09-08,7,0,0,0,7,7
2021-09-16,FSM,2021-09-09,2021-09-15,7,0,0,0,7,7
2021-09-23,FSM,2021-09-16,2021-09-22,7,0,0,0,7,7
2021-09-30,FSM,2021-09-23,2021-09-29,7,0,0,0,7,7
2021-10-07,FSM,2021-09-30,2021-10-06,7,0,0,0,7,7
2021-10-14,FSM,2021-10-07,2021-10-13,7,0,0,0,7,7
2021-10-21,FSM,2021-10-14,2021-10-20,7,0,0,0,7,7
2021-10-28,FSM,2021-10-21,2021-10-27,7,0,0,0,7,7
2021-11-04,FSM,2021-10-28,2021-11-03,7,0,0,0,7,7
2021-11-11,FSM,2021-11-04,2021-11-10,7,0,0,0,7,7
2021-11-18,FSM,2021-11-11,2021-11-17,7,0,0,0,7,7
2021-11-25,FSM,2021-11-18,2021-11-24,7,0,0,0,7,7
2021-12-02,FSM,2021-11-25,2021-12-01,7,0,0,0,7,7
2021-12-09,FSM,2021-12-02,2021-12-08,7,0,0,0,7,7
2021-12-16,FSM,2021-12-09,2021-12-15,7,0,0,0,7,7
2021-12-23,FSM,2021-12-16,2021-12-22,7,0,0,0,7,7
2021-12-30,FSM,2021-12-23,2021-12-29,7,0,0,0,7,7
2022-01-06,FSM,2021-12-30,2022-01-05,7,0,0,0,7,7
2022-01-13,FSM,2022-01-06,2022-01-12,7,0,0,0,7,7
2022-01-20,FSM,2022-01-13,2022-01-19,7,0,0,0,7,7
2022-01-27,FSM,2022-01-20,2022-01-26,7,0,0,0,7,7
2022-02-03,FSM,2022-01-27,2022-02-02,7,0,0,0,7,7
2022-02-10,FSM,2022-02-03,2022-02-09,7,0,0,0,7,7
2022-02-17,FSM,2022-02-10,2022-02-16,7,0,0,0,7,7
2022-02-24,FSM,2022-02-17,2022-02-23,7,0,0,0,7,7
2022-03-03,FSM,2022-02-24,2022-03-02,7,0,0,0,7,7
2022-03-10,FSM,2022-03-03,2022-03-09,7,0,0,0,7,7
2022-03-17,FSM,2022-03-10,2022-03-16,7,0,0,0,7,7
2022-03-24,FSM,2022-03-17,2022-03-23,7,0,0,0,7,7
2022-03-31,FSM,2022-03-24,2022-03-30,7,0,0,0,7,7
2022-04-07,FSM,2022-03-31,2022-04-06,7,0,0,0,7,7
2022-04-14,FSM,2022-04-07,2022-04-13,7,0,0,0,7,7
2022-04-21,FSM,2022-04-14,2022-04-20,7,0,0,0,7,7
2022-04-28,FSM,2022-04-21,2022-04-27,9,2,0,0,7,9
2022-05-05,FSM,2022-04-28,2022-05-04,14,5,0,0,9,14
2022-05-12,FSM,2022-05-05,2022-05-11,14,0,0,0,14,14
2022-05-19,FSM,2022-05-12,2022-05-18,14,0,0,0,14,14
2022-05-26,FSM,2022-05-19,2022-05-25,30,16,0,0,14,30
2022-06-02,FSM,2022-05-26,2022-06-01,30,0,0,0,30,30
2022-06-09,FSM,2022-06-02,2022-06-08,34,4,0,0,30,34
2022-06-16,FSM,2022-06-09,2022-06-15,38,4,0,0,34,38
2022-06-23,FSM,2022-06-16,2022-06-22,38,0,0,0,38,38
2022-06-30,FSM,2022-06-23,2022-06-29,38,0,0,0,38,38
2022-07-07,FSM,2022-06-30,2022-07-06,38,0,0,0,38,38
2022-07-14,FSM,2022-07-07,2022-07-13,38,0,0,0,38,38
2022-07-21,FSM,2022-07-14,2022-07-20,188,150,0,0,38,188
2022-07-28,FSM,2022-07-21,2022-07-27,2769,2581,4,4,188,2765
2022-08-04,FSM,2022-07-28,2022-08-03,6291,3522,11,7,2769,6280
2022-08-11,FSM,2022-08-04,2022-08-10,6903,612,19,8,6291,6884
2022-08-18,FSM,2022-08-11,2022-08-17,6903,0,21,2,6903,6882
2022-08-25,FSM,2022-08-18,2022-08-24,6925,22,22,1,6903,6903
2022-09-01,FSM,2022-08-25,2022-08-31,7632,707,26,4,6925,7606
2022-09-08,FSM,2022-09-01,2022-09-07,9221,1589,28,2,7632,9193
2022-09-15,FSM,2022-09-08,2022-09-14,9933,712,30,2,9221,9903
2022-09-22,FSM,2022-09-15,2022-09-21,10057,124,31,1,9933,10026
2022-09-29,FSM,2022-09-22,2022-09-28,10814,757,31,0,10057,10783
2022-10-06,FSM,2022-09-29,2022-10-05,18857,8043,46,15,10814,18811
2022-10-13,FSM,2022-10-06,2022-10-12,21815,2958,55,9,18857,21760
2022-10-20,FSM,2022-10-13,2022-10-19,21815,0,55,0,21815,21760
2022-10-27,FSM,2022-10-20,2022-10-26,21815,0,55,0,21815,21760
2022-11-03,FSM,2022-10-27,2022-11-02,22032,217,55,0,21815,21977
2022-11-10,FSM,2022-11-03,2022-11-09,22032,0,55,0,22032,21977
2022-11-17,FSM,2022-11-10,2022-11-16,22032,0,55,0,22032,21977
2022-11-24,FSM,2022-11-17,2022-11-23,22034,2,55,0,22032,21979
2022-12-01,FSM,2022-11-24,2022-11-30,22035,1,58,3,22034,21977
2022-12-08,FSM,2022-12-01,2022-12-07,22036,1,58,0,22035,21978
2022-12-15,FSM,2022-12-08,2022-12-14,22036,0,58,0,22036,21978
2022-12-22,FSM,2022-12-15,2022-12-21,22048,12,58,0,22036,21990
2022-12-29,FSM,2022-12-22,2022-12-28,22069,21,58,0,22048,22011
2023-01-05,FSM,2022-12-29,2023-01-04,22069,0,58,0,22069,22011
2023-01-12,FSM,2023-01-05,2023-01-11,22247,178,58,0,22069,22189
2023-01-19,FSM,2023-01-12,2023-01-18,22247,0,58,0,22247,22189
2023-01-26,FSM,2023-01-19,2023-01-25,22676,429,58,0,22247,22618
2023-02-02,FSM,2023-01-26,2023-02-01,22676,0,58,0,22676,22618
2023-02-09,FSM,2023-02-02,2023-02-08,22676,0,58,0,22676,22618
2023-02-16,FSM,2023-02-09,2023-02-15,23671,995,60,2,22676,23611
2023-02-23,FSM,2023-02-16,2023-02-22,23671,0,60,0,23671,23611
2023-03-02,FSM,2023-02-23,2023-03-01,23948,277,61,1,23671,23887
2023-03-09,FSM,2023-03-02,2023-03-08,24025,77,61,0,23948,23964
2023-03-16,FSM,2023-03-09,2023-03-15,24195,170,63,2,24025,24132
2023-03-23,FSM,2023-03-16,2023-03-22,24195,0,63,0,24195,24132
2023-03-30,FSM,2023-03-23,2023-03-29,25703,1508,63,0,24195,25640
2023-04-06,FSM,2023-03-30,2023-04-05,25705,2,64,1,25703,25641
2023-04-13,FSM,2023-04-06,2023-04-12,25929,224,64,0,25705,25865
2023-04-20,FSM,2023-04-13,2023-04-19,25929,0,64,0,25929,25865
2023-04-27,FSM,2023-04-20,2023-04-26,26049,120,64,0,25929,25985
2023-05-04,FSM,2023-04-27,2023-05-03,26080,31,64,0,26049,26016
2023-05-11,FSM,2023-05-04,2023-05-10,26453,373,64,0,26080,26389
2020-01-23,GA,2020-01-16,2020-01-22,0,0,0,0,0,0
2020-01-30,GA,2020-01-23,2020-01-29,0,0,0,0,0,0
2020-02-06,GA,2020-01-30,2020-02-05,0,0,0,0,0,0
2020-02-13,GA,2020-02-06,2020-02-12,0,0,0,0,0,0
2020-02-20,GA,2020-02-13,2020-02-19,0,0,0,0,0,0
2020-02-27,GA,2020-02-20,2020-02-26,0,0,0,0,0,0
2020-03-05,GA,2020-02-27,2020-03-04,2,2,0,0,0,2
2020-03-12,GA,2020-03-05,2020-03-11,23,21,0,0,2,23
2020-03-19,GA,2020-03-12,2020-03-18,200,177,3,3,23,197
2020-03-26,GA,2020-03-19,2020-03-25,1242,1042,40,37,200,1202
2020-04-02,GA,2020-03-26,2020-04-01,4639,3397,140,100,1242,4499
2020-04-09,GA,2020-04-02,2020-04-08,9888,5249,363,223,4639,9525
2020-04-16,GA,2020-04-09,2020-04-15,14988,5100,552,189,9888,14436
2020-04-23,GA,2020-04-16,2020-04-22,21203,6215,846,294,14988,20357
2020-04-30,GA,2020-04-23,2020-04-29,25761,4558,1097,251,21203,24664
2020-05-07,GA,2020-04-30,2020-05-06,30735,4974,1324,227,25761,29411
2020-05-14,GA,2020-05-07,2020-05-13,35414,4679,1505,181,30735,33909
2020-05-21,GA,2020-05-14,2020-05-20,39807,4393,1686,181,35414,38121
2020-05-28,GA,2020-05-21,2020-05-27,44595,4788,1925,239,39807,42670
2020-06-04,GA,2020-05-28,2020-06-03,48888,4293,2115,190,44595,46773
2020-06-11,GA,2020-06-04,2020-06-10,53957,5069,2328,213,48888,51629
2020-06-18,GA,2020-06-11,2020-06-17,60026,6069,2569,241,53957,57457
2020-06-25,GA,2020-06-18,2020-06-24,69391,9365,2702,133,60026,66689
2020-07-02,GA,2020-06-25,2020-07-01,84242,14851,2827,125,69391,81415
2020-07-09,GA,2020-07-02,2020-07-08,103892,19650,2922,95,84242,100970
2020-07-16,GA,2020-07-09,2020-07-15,127827,23935,3092,170,103892,124735
2020-07-23,GA,2020-07-16,2020-07-22,152293,24466,3337,245,127827,148956
2020-07-30,GA,2020-07-23,2020-07-29,178333,26040,3639,302,152293,174694
2020-08-06,GA,2020-07-30,2020-08-05,201715,23382,3985,346,178333,197730
2020-08-13,GA,2020-08-06,2020-08-12,226103,24388,4455,470,201715,221648
2020-08-20,GA,2020-08-13,2020-08-19,243981,17878,4849,394,226103,239132
2020-08-27,GA,2020-08-20,2020-08-26,260597,16616,5306,457,243981,255291
2020-09-03,GA,2020-08-27,2020-09-02,274599,14002,5791,485,260597,268808
2020-09-10,GA,2020-09-03,2020-09-09,287278,12679,6123,332,274599,281155
2020-09-17,GA,2020-09-10,2020-09-16,299043,11765,6416,293,287278,292627
2020-09-24,GA,2020-09-17,2020-09-23,310171,11128,6761,345,299043,303410
2020-10-01,GA,2020-09-24,2020-09-30,318033,7862,7016,255,310171,311017
2020-10-08,GA,2020-10-01,2020-10-07,326149,8116,7244,228,318033,318905
2020-10-15,GA,2020-10-08,2020-10-14,334587,8438,7467,223,326149,327120
2020-10-22,GA,2020-10-15,2020-10-21,343752,9165,7699,232,334587,336053
2020-10-29,GA,2020-10-22,2020-10-28,355034,11282,7873,174,343752,347161
2020-11-05,GA,2020-10-29,2020-11-04,395711,40677,8538,665,355034,387173
2020-11-12,GA,2020-11-05,2020-11-11,413881,18170,8800,262,395711,405081
2020-11-19,GA,2020-11-12,2020-11-18,433706,19825,9054,254,413881,424652
2020-11-26,GA,2020-11-19,2020-11-25,457910,24204,9296,242,433706,448614
2020-12-03,GA,2020-11-26,2020-12-02,482140,24230,9565,269,457910,472575
2020-12-10,GA,2020-12-03,2020-12-09,517785,35645,9920,355,482140,507865
2020-12-17,GA,2020-12-10,2020-12-16,560607,42822,10222,302,517785,550385
2020-12-24,GA,2020-12-17,2020-12-23,608291,47684,10519,297,560607,597772
2020-12-31,GA,2020-12-24,2020-12-30,654743,46452,10843,324,608291,643900
2021-01-07,GA,2020-12-31,2021-01-06,713842,59099,11165,322,654743,702677
2021-01-14,GA,2021-01-07,2021-01-13,782296,68454,11804,639,713842,770492
2021-01-21,GA,2021-01-14,2021-01-20,836720,54424,12779,975,782296,823941
2021-01-28,GA,2021-01-21,2021-01-27,885605,48885,13646,867,836720,871959
2021-02-04,GA,2021-01-28,2021-02-03,922357,36752,14587,941,885605,907770
2021-02-11,GA,2021-02-04,2021-02-10,950908,28551,15422,835,922357,935486
2021-02-18,GA,2021-02-11,2021-02-17,973250,22342,16272,850,950908,956978
2021-02-25,GA,2021-02-18,2021-02-24,994055,20805,17060,788,973250,976995
2021-03-04,GA,2021-02-25,2021-03-03,1014496,20441,17616,556,994055,996880
2021-03-11,GA,2021-03-04,2021-03-10,1028361,13865,18018,402,1014496,1010343
2021-03-18,GA,2021-03-11,2021-03-17,1038468,10107,18352,334,1028361,1020116
2021-03-25,GA,2021-03-18,2021-03-24,1049383,10915,18657,305,1038468,1030726
2021-04-01,GA,2021-03-25,2021-03-31,1059551,10168,19051,394,1049383,1040500
2021-04-08,GA,2021-04-01,2021-04-07,1068196,8645,19296,245,1059551,1048900
2021-04-15,GA,2021-04-08,2021-04-14,1078377,10181,19589,293,1068196,1058788
2021-04-22,GA,2021-04-15,2021-04-21,1087792,9415,19812,223,1078377,1067980
2021-04-29,GA,2021-04-22,2021-04-28,1097234,9442,20071,259,1087792,1077163
2021-05-06,GA,2021-04-29,2021-05-05,1105775,8541,20236,165,1097234,1085539
2021-05-13,GA,2021-05-06,2021-05-12,1112163,6388,20385,149,1105775,1091778
2021-05-20,GA,2021-05-13,2021-05-19,1117337,5174,20514,129,1112163,1096823
2021-05-27,GA,2021-05-20,2021-05-26,1121313,3976,20705,191,1117337,1100608
2021-06-03,GA,2021-05-27,2021-06-02,1124411,3098,20858,153,1121313,1103553
2021-06-10,GA,2021-06-03,2021-06-09,1127110,2699,21029,171,1124411,1106081
2021-06-17,GA,2021-06-10,2021-06-16,1129650,2540,21219,190,1127110,1108431
2021-06-24,GA,2021-06-17,2021-06-23,1131949,2299,21334,115,1129650,1110615
2021-07-01,GA,2021-06-24,2021-06-30,1134570,2621,21408,74,1131949,1113162
2021-07-08,GA,2021-07-01,2021-07-07,1137562,2992,21456,48,1134570,1116106
2021-07-15,GA,2021-07-08,2021-07-14,1143527,5965,21521,65,1137562,1122006
2021-07-22,GA,2021-07-15,2021-07-21,1153068,9541,21588,67,1143527,1131480
2021-07-29,GA,2021-07-22,2021-07-28,1171232,18164,21652,64,1153068,1149580
2021-08-05,GA,2021-07-29,2021-08-04,1199629,28397,21733,81,1171232,1177896
2021-08-12,GA,2021-08-05,2021-08-11,1238384,38755,21893,160,1199629,1216491
2021-08-19,GA,2021-08-12,2021-08-18,1287667,49283,22101,208,1238384,1265566
2021-08-26,GA,2021-08-19,2021-08-25,1348021,60354,22399,298,1287667,1325622
2021-09-02,GA,2021-08-26,2021-09-01,1413284,65263,22869,470,1348021,1390415
2021-09-09,GA,2021-09-02,2021-09-08,1468410,55126,23396,527,1413284,1445014
2021-09-16,GA,2021-09-09,2021-09-15,1513670,45260,24263,867,1468410,1489407
2021-09-23,GA,2021-09-16,2021-09-22,1548684,35014,25129,866,1513670,1523555
2021-09-30,GA,2021-09-23,2021-09-29,1573836,25152,25927,798,1548684,1547909
2021-10-07,GA,2021-09-30,2021-10-06,1593680,19844,26819,892,1573836,1566861
2021-10-14,GA,2021-10-07,2021-10-13,1611693,18013,27429,610,1593680,1584264
2021-10-21,GA,2021-10-14,2021-10-20,1622376,10683,28235,806,1611693,1594141
2021-10-28,GA,2021-10-21,2021-10-27,1631347,8971,28851,616,1622376,1602496
2021-11-04,GA,2021-10-28,2021-11-03,1638605,7258,29310,459,1631347,1609295
2021-11-11,GA,2021-11-04,2021-11-10,1644995,6390,29746,436,1638605,1615249
2021-11-18,GA,2021-11-11,2021-11-17,1651954,6959,30027,281,1644995,1621927
2021-11-25,GA,2021-11-18,2021-11-24,1659480,7526,30353,326,1651954,1629127
2021-12-02,GA,2021-11-25,2021-12-01,1666106,6626,30565,212,1659480,1635541
2021-12-09,GA,2021-12-02,2021-12-08,1675444,9338,30751,186,1666106,1644693
2021-12-16,GA,2021-12-09,2021-12-15,1686326,10882,30899,148,1675444,1655427
2021-12-23,GA,2021-12-16,2021-12-22,1714092,27766,31120,221,1686326,1682972
2021-12-30,GA,2021-12-23,2021-12-29,1792021,77929,31353,233,1714092,1760668
2022-01-06,GA,2021-12-30,2022-01-05,1928942,136921,31520,167,1792021,1897422
2022-01-13,GA,2022-01-06,2022-01-12,2010073,81131,31743,223,1928942,1978330
2022-01-20,GA,2022-01-13,2022-01-19,2123928,113855,31743,0,2010073,2092185
2022-01-27,GA,2022-01-20,2022-01-26,2306025,182097,32602,859,2123928,2273423
2022-02-03,GA,2022-01-27,2022-02-02,2386300,80275,33162,560,2306025,2353138
2022-02-10,GA,2022-02-03,2022-02-09,2424940,38640,33850,688,2386300,2391090
2022-02-17,GA,2022-02-10,2022-02-16,2446467,21527,34463,613,2424940,2412004
2022-02-24,GA,2022-02-17,2022-02-23,2458863,12396,35093,630,2446467,2423770
2022-03-03,GA,2022-02-24,2022-03-02,2467695,8832,35596,503,2458863,2432099
2022-03-10,GA,2022-03-03,2022-03-09,2473674,5979,36019,423,2467695,2437655
2022-03-17,GA,2022-03-10,2022-03-16,2479374,5700,36360,341,2473674,2443014
2022-03-24,GA,2022-03-17,2022-03-23,2483374,4000,36656,296,2479374,2446718
2022-03-31,GA,2022-03-24,2022-03-30,2495557,12183,36916,260,2483374,2458641
2022-04-07,GA,2022-03-31,2022-04-06,2501268,5711,37210,294,2495557,2464058
2022-04-14,GA,2022-04-07,2022-04-13,2504537,3269,37409,199,2501268,2467128
2022-04-21,GA,2022-04-14,2022-04-20,2508616,4079,37646,237,2504537,2470970
2022-04-28,GA,2022-04-21,2022-04-27,2514698,6082,37789,143,2508616,2476909
2022-05-05,GA,2022-04-28,2022-05-04,2521385,6687,37952,163,2514698,2483433
2022-05-12,GA,2022-05-05,2022-05-11,2530745,9360,38067,115,2521385,2492678
2022-05-19,GA,2022-05-12,2022-05-18,2541684,10939,38138,71,2530745,2503546
2022-05-26,GA,2022-05-19,2022-05-25,2556016,14332,38181,43,2541684,2517835
2022-06-02,GA,2022-05-26,2022-06-01,2571059,15043,38225,44,2556016,2532834
2022-06-09,GA,2022-06-02,2022-06-08,2588774,17715,38278,53,2571059,2550496
2022-06-16,GA,2022-06-09,2022-06-15,2608161,19387,38345,67,2588774,2569816
2022-06-23,GA,2022-06-16,2022-06-22,2626597,18436,38439,94,2608161,2588158
2022-06-30,GA,2022-06-23,2022-06-29,2647568,20971,38571,132,2626597,2608997
2022-07-07,GA,2022-06-30,2022-07-06,2667557,19989,38673,102,2647568,2628884
2022-07-14,GA,2022-07-07,2022-07-13,2694160,26603,38807,134,2667557,2655353
2022-07-21,GA,2022-07-14,2022-07-20,2721391,27231,38917,110,2694160,2682474
2022-07-28,GA,2022-07-21,2022-07-27,2750915,29524,39028,111,2721391,2711887
2022-08-04,GA,2022-07-28,2022-08-03,2778580,27665,39158,130,2750915,2739422
2022-08-11,GA,2022-08-04,2022-08-10,2803517,24937,39302,144,2778580,2764215
2022-08-18,GA,2022-08-11,2022-08-17,2829283,25766,39455,153,2803517,2789828
2022-08-25,GA,2022-08-18,2022-08-24,2852705,23422,39606,151,2829283,2813099
2022-09-01,GA,2022-08-25,2022-08-31,2870610,17905,39740,134,2852705,2830870
2022-09-08,GA,2022-09-01,2022-09-07,2883280,12670,39859,119,2870610,2843421
2022-09-15,GA,2022-09-08,2022-09-14,2892907,9627,40011,152,2883280,2852896
2022-09-22,GA,2022-09-15,2022-09-21,2900226,7319,40161,150,2892907,2860065
2022-09-29,GA,2022-09-22,2022-09-28,2905264,5038,40279,118,2900226,2864985
2022-10-06,GA,2022-09-29,2022-10-05,2909656,4392,40372,93,2905264,2869284
2022-10-13,GA,2022-10-06,2022-10-12,2913311,3655,40446,74,2909656,2872865
2022-10-20,GA,2022-10-13,2022-10-19,2917260,3949,40550,104,2913311,2876710
2022-10-27,GA,2022-10-20,2022-10-26,2920635,3375,40625,75,2917260,2880010
2022-11-03,GA,2022-10-27,2022-11-02,2924698,4063,40695,70,2920635,2884003
2022-11-10,GA,2022-11-03,2022-11-09,2929425,4727,40799,104,2924698,2888626
2022-11-17,GA,2022-11-10,2022-11-16,2933217,3792,40912,113,2929425,2892305
2022-11-24,GA,2022-11-17,2022-11-23,2937275,4058,41021,109,2933217,2896254
2022-12-01,GA,2022-11-24,2022-11-30,2943519,6244,41065,44,2937275,2902454
2022-12-08,GA,2022-12-01,2022-12-07,2953338,9819,41169,104,2943519,2912169
2022-12-15,GA,2022-12-08,2022-12-14,2963232,9894,41240,71,2953338,2921992
2022-12-22,GA,2022-12-15,2022-12-21,2974619,11387,41356,116,2963232,2933263
2022-12-29,GA,2022-12-22,2022-12-28,2985193,10574,41412,56,2974619,2943781
2023-01-05,GA,2022-12-29,2023-01-04,2998991,13798,41515,103,2985193,2957476
2023-01-12,GA,2023-01-05,2023-01-11,3011842,12851,41644,129,2998991,2970198
2023-01-19,GA,2023-01-12,2023-01-18,3020165,8323,41765,121,3011842,2978400
2023-01-26,GA,2023-01-19,2023-01-25,3027850,7685,41906,141,3020165,2985944
2023-02-02,GA,2023-01-26,2023-02-01,3035840,7990,42045,139,3027850,2993795
2023-02-09,GA,2023-02-02,2023-02-08,3042703,6863,42151,106,3035840,3000552
2023-02-16,GA,2023-02-09,2023-02-15,3049043,6340,42236,85,3042703,3006807
2023-02-23,GA,2023-02-16,2023-02-22,3061141,5298,42324,88,3055843,3018817
2023-03-02,GA,2023-02-23,2023-03-01,3065084,3943,42418,94,3061141,3022666
2023-03-09,GA,2023-03-02,2023-03-08,3068047,2963,42483,65,3065084,3025564
2023-03-16,GA,2023-03-09,2023-03-15,3070950,2903,42525,42,3068047,3028425
2023-03-23,GA,2023-03-16,2023-03-22,3073404,2454,42566,41,3070950,3030838
2023-03-30,GA,2023-03-23,2023-03-29,3076237,2833,42605,39,3073404,3033632
2023-04-06,GA,2023-03-30,2023-04-05,3078480,2243,42652,47,3076237,3035828
2023-04-13,GA,2023-04-06,2023-04-12,3080317,1837,42682,30,3078480,3037635
2023-04-20,GA,2023-04-13,2023-04-19,3082318,2001,42715,33,3080317,3039603
2023-04-27,GA,2023-04-20,2023-04-26,3084256,1938,42743,28,3082318,3041513
2023-05-04,GA,2023-04-27,2023-05-03,3086111,1855,42766,23,3084256,3043345
2023-05-11,GA,2023-05-04,2023-05-10,3087729,1618,42782,16,3086111,3044947
2020-01-23,GU,2020-01-16,2020-01-22,0,0,0,0,0,0
2020-01-30,GU,2020-01-23,2020-01-29,0,0,0,0,0,0
2020-02-06,GU,2020-01-30,2020-02-05,0,0,0,0,0,0
2020-02-13,GU,2020-02-06,2020-02-12,0,0,0,0,0,0
2020-02-20,GU,2020-02-13,2020-02-19,0,0,0,0,0,0
2020-02-27,GU,2020-02-20,2020-02-26,0,0,0,0,0,0
2020-03-05,GU,2020-02-27,2020-03-04,0,0,0,0,0,0
2020-03-12,GU,2020-03-05,2020-03-11,0,0,0,0,0,0
2020-03-19,GU,2020-03-12,2020-03-18,5,5,0,0,0,5
2020-03-26,GU,2020-03-19,2020-03-25,37,32,1,1,5,36
2020-04-02,GU,2020-03-26,2020-04-01,77,40,3,2,37,74
2020-04-09,GU,2020-04-02,2020-04-08,121,44,4,1,77,117
2020-04-16,GU,2020-04-09,2020-04-15,135,14,5,1,121,130
2020-04-23,GU,2020-04-16,2020-04-22,136,1,5,0,135,131
2020-04-30,GU,2020-04-23,2020-04-29,141,5,5,0,136,136
2020-05-07,GU,2020-04-30,2020-05-06,149,8,5,0,141,144
2020-05-14,GU,2020-05-07,2020-05-13,152,3,5,0,149,147
2020-05-21,GU,2020-05-14,2020-05-20,154,2,5,0,152,149
2020-05-28,GU,2020-05-21,2020-05-27,170,16,5,0,154,165
2020-06-04,GU,2020-05-28,2020-06-03,177,7,5,0,170,172
2020-06-11,GU,2020-06-04,2020-06-10,180,3,5,0,177,175
2020-06-18,GU,2020-06-11,2020-06-17,188,8,5,0,180,183
2020-06-25,GU,2020-06-18,2020-06-24,226,38,5,0,188,221
2020-07-02,GU,2020-06-25,2020-07-01,267,41,5,0,226,262
2020-07-09,GU,2020-07-02,2020-07-08,307,40,5,0,267,302
2020-07-16,GU,2020-07-09,2020-07-15,313,6,5,0,307,308
2020-07-23,GU,2020-07-16,2020-07-22,330,17,5,0,313,325
2020-07-30,GU,2020-07-23,2020-07-29,354,24,5,0,330,349
2020-08-06,GU,2020-07-30,2020-08-05,397,43,5,0,354,392
2020-08-13,GU,2020-08-06,2020-08-12,449,52,5,0,397,444
2020-08-20,GU,2020-08-13,2020-08-19,599,150,5,0,449,594
2020-08-27,GU,2020-08-20,2020-08-26,1120,521,9,4,599,1111
2020-09-03,GU,2020-08-27,2020-09-02,1494,374,13,4,1120,1481
2020-09-10,GU,2020-09-03,2020-09-09,1758,264,20,7,1494,1738
2020-09-17,GU,2020-09-10,2020-09-16,2013,255,29,9,1758,1984
2020-09-24,GU,2020-09-17,2020-09-23,2235,222,37,8,2013,2198
2020-10-01,GU,2020-09-24,2020-09-30,2488,253,49,12,2235,2439
2020-10-08,GU,2020-10-01,2020-10-07,2868,380,57,8,2488,2811
2020-10-15,GU,2020-10-08,2020-10-14,3341,473,61,4,2868,3280
2020-10-22,GU,2020-10-15,2020-10-21,3968,627,69,8,3341,3899
2020-10-29,GU,2020-10-22,2020-10-28,4466,498,77,8,3968,4389
2020-11-05,GU,2020-10-29,2020-11-04,4903,437,83,6,4466,4820
2020-11-12,GU,2020-11-05,2020-11-11,5755,852,91,8,4903,5664
2020-11-19,GU,2020-11-12,2020-11-18,6346,591,100,9,5755,6246
2020-11-26,GU,2020-11-19,2020-11-25,6705,359,109,9,6346,6596
2020-12-03,GU,2020-11-26,2020-12-02,6920,215,112,3,6705,6808
2020-12-10,GU,2020-12-03,2020-12-09,7039,119,113,1,6920,6926
2020-12-17,GU,2020-12-10,2020-12-16,7168,129,119,6,7039,7049
2020-12-24,GU,2020-12-17,2020-12-23,7257,89,121,2,7168,7136
2020-12-31,GU,2020-12-24,2020-12-30,7308,51,121,0,7257,7187
2021-01-07,GU,2020-12-31,2021-01-06,7378,70,123,2,7308,7255
2021-01-14,GU,2021-01-07,2021-01-13,7444,66,124,1,7378,7320
2021-01-21,GU,2021-01-14,2021-01-20,7521,77,128,4,7444,7393
2021-01-28,GU,2021-01-21,2021-01-27,7568,47,129,1,7521,7439
2021-02-04,GU,2021-01-28,2021-02-03,7618,50,129,0,7568,7489
2021-02-11,GU,2021-02-04,2021-02-10,7673,55,130,1,7618,7543
2021-02-18,GU,2021-02-11,2021-02-17,7703,30,130,0,7673,7573
2021-02-25,GU,2021-02-18,2021-02-24,7729,26,130,0,7703,7599
2021-03-04,GU,2021-02-25,2021-03-03,7745,16,131,1,7729,7614
2021-03-11,GU,2021-03-04,2021-03-10,7756,11,133,2,7745,7623
2021-03-18,GU,2021-03-11,2021-03-17,7776,20,134,1,7756,7642
2021-03-25,GU,2021-03-18,2021-03-24,7789,13,134,0,7776,7655
2021-04-01,GU,2021-03-25,2021-03-31,7807,18,134,0,7789,7673
2021-04-08,GU,2021-04-01,2021-04-07,7828,21,136,2,7807,7692
2021-04-15,GU,2021-04-08,2021-04-14,7856,28,136,0,7828,7720
2021-04-22,GU,2021-04-15,2021-04-21,7909,53,136,0,7856,7773
2021-04-29,GU,2021-04-22,2021-04-28,7959,50,136,0,7909,7823
2021-05-06,GU,2021-04-29,2021-05-05,8020,61,139,3,7959,7881
2021-05-13,GU,2021-05-06,2021-05-12,8063,43,139,0,8020,7924
2021-05-20,GU,2021-05-13,2021-05-19,8124,61,139,0,8063,7985
2021-05-27,GU,2021-05-20,2021-05-26,8154,30,139,0,8124,8015
2021-06-03,GU,2021-05-27,2021-06-02,8193,39,139,0,8154,8054
2021-06-10,GU,2021-06-03,2021-06-09,8230,37,139,0,8193,8091
2021-06-17,GU,2021-06-10,2021-06-16,8266,36,139,0,8230,8127
2021-06-24,GU,2021-06-17,2021-06-23,8316,50,139,0,8266,8177
2021-07-01,GU,2021-06-24,2021-06-30,8366,50,140,1,8316,8226
2021-07-08,GU,2021-07-01,2021-07-07,8423,57,140,0,8366,8283
2021-07-15,GU,2021-07-08,2021-07-14,8473,50,142,2,8423,8331
2021-07-22,GU,2021-07-15,2021-07-21,8500,27,143,1,8473,8357
2021-07-29,GU,2021-07-22,2021-07-28,8529,29,143,0,8500,8386
2021-08-05,GU,2021-07-29,2021-08-04,8652,123,143,0,8529,8509
2021-08-12,GU,2021-08-05,2021-08-11,8865,213,143,0,8652,8722
2021-08-19,GU,2021-08-12,2021-08-18,9200,335,144,1,8865,9056
2021-08-26,GU,2021-08-19,2021-08-25,9867,667,145,1,9200,9722
2021-09-02,GU,2021-08-26,2021-09-01,10909,1042,150,5,9867,10759
2021-09-09,GU,2021-09-02,2021-09-08,11819,910,154,4,10909,11665
2021-09-16,GU,2021-09-09,2021-09-15,13145,1326,174,20,11819,12971
2021-09-23,GU,2021-09-16,2021-09-22,14098,953,184,10,13145,13914
2021-09-30,GU,2021-09-23,2021-09-29,15041,943,197,13,14098,14844
2021-10-07,GU,2021-09-30,2021-10-06,15927,886,210,13,15041,15717
2021-10-14,GU,2021-10-07,2021-10-13,16690,763,222,12,15927,16468
2021-10-21,GU,2021-10-14,2021-10-20,17379,689,226,4,16690,17153
2021-10-28,GU,2021-10-21,2021-10-27,18040,661,235,9,17379,17805
2021-11-04,GU,2021-10-28,2021-11-03,18507,467,248,13,18040,18259
2021-11-11,GU,2021-11-04,2021-11-10,18840,333,258,10,18507,18582
2021-11-18,GU,2021-11-11,2021-11-17,19040,200,262,4,18840,18778
2021-11-25,GU,2021-11-18,2021-11-24,19146,106,263,1,19040,18883
2021-12-02,GU,2021-11-25,2021-12-01,19227,81,266,3,19146,18961
2021-12-09,GU,2021-12-02,2021-12-08,19300,73,267,1,19227,19033
2021-12-16,GU,2021-12-09,2021-12-15,19357,57,270,3,19300,19087
2021-12-23,GU,2021-12-16,2021-12-22,19427,70,270,0,19357,19157
2021-12-30,GU,2021-12-23,2021-12-29,19566,139,270,0,19427,19296
2022-01-06,GU,2021-12-30,2022-01-05,20351,785,272,2,19566,20079
2022-01-13,GU,2022-01-06,2022-01-12,22479,2128,274,2,20351,22205
2022-01-20,GU,2022-01-13,2022-01-19,25757,3278,276,2,22479,25481
2022-01-27,GU,2022-01-20,2022-01-26,30221,4464,284,8,25757,29937
2022-02-03,GU,2022-01-27,2022-02-02,34610,4389,296,12,30221,34314
2022-02-10,GU,2022-02-03,2022-02-09,38672,4062,305,9,34610,38367
2022-02-17,GU,2022-02-10,2022-02-16,41780,3108,315,10,38672,41465
2022-02-24,GU,2022-02-17,2022-02-23,43836,2056,321,6,41780,43515
2022-03-03,GU,2022-02-24,2022-03-02,45241,1405,331,10,43836,44910
2022-03-10,GU,2022-03-03,2022-03-09,46000,759,335,4,45241,45665
2022-03-17,GU,2022-03-10,2022-03-16,46650,650,340,5,46000,46310
2022-03-24,GU,2022-03-17,2022-03-23,47009,359,340,0,46650,46669
2022-03-31,GU,2022-03-24,2022-03-30,47265,256,346,6,47009,46919
2022-04-07,GU,2022-03-31,2022-04-06,47514,249,352,6,47265,47162
2022-04-14,GU,2022-04-07,2022-04-13,47682,168,354,2,47514,47328
2022-04-21,GU,2022-04-14,2022-04-20,47902,220,354,0,47682,47548
2022-04-28,GU,2022-04-21,2022-04-27,48113,211,354,0,47902,47759
2022-05-05,GU,2022-04-28,2022-05-04,48302,189,355,1,48113,47947
2022-05-12,GU,2022-05-05,2022-05-11,48469,167,358,3,48302,48111
2022-05-19,GU,2022-05-12,2022-05-18,48666,197,361,3,48469,48305
2022-05-26,GU,2022-05-19,2022-05-25,48907,241,362,1,48666,48545
2022-06-02,GU,2022-05-26,2022-06-01,49262,355,364,2,48907,48898
2022-06-09,GU,2022-06-02,2022-06-08,49779,517,367,3,49262,49412
2022-06-16,GU,2022-06-09,2022-06-15,50485,706,370,3,49779,50115
2022-06-23,GU,2022-06-16,2022-06-22,51084,599,371,1,50485,50713
2022-06-30,GU,2022-06-23,2022-06-29,51898,814,371,0,51084,51527
2022-07-07,GU,2022-06-30,2022-07-06,52644,746,371,0,51898,52273
2022-07-14,GU,2022-07-07,2022-07-13,53459,815,374,3,52644,53085
2022-07-21,GU,2022-07-14,2022-07-20,54163,704,377,3,53459,53786
2022-07-28,GU,2022-07-21,2022-07-27,55057,894,380,3,54163,54677
2022-08-04,GU,2022-07-28,2022-08-03,55822,765,382,2,55057,55440
2022-08-11,GU,2022-08-04,2022-08-10,56367,545,384,2,55822,55983
2022-08-18,GU,2022-08-11,2022-08-17,57104,737,389,5,56367,56715
2022-08-25,GU,2022-08-18,2022-08-24,57599,495,389,0,57104,57210
2022-09-01,GU,2022-08-25,2022-08-31,57981,382,390,1,57599,57591
2022-09-08,GU,2022-09-01,2022-09-07,58179,198,394,4,57981,57785
2022-09-15,GU,2022-09-08,2022-09-14,58352,173,394,0,58179,57958
2022-09-22,GU,2022-09-15,2022-09-21,58466,114,401,7,58352,58065
2022-09-29,GU,2022-09-22,2022-09-28,58564,98,401,0,58466,58163
2022-10-06,GU,2022-09-29,2022-10-05,58600,36,401,0,58564,58199
2022-10-13,GU,2022-10-06,2022-10-12,58647,47,401,0,58600,58246
2022-10-20,GU,2022-10-13,2022-10-19,58703,56,401,0,58647,58302
2022-10-27,GU,2022-10-20,2022-10-26,58751,48,401,0,58703,58350
2022-11-03,GU,2022-10-27,2022-11-02,58850,99,403,2,58751,58447
2022-11-10,GU,2022-11-03,2022-11-09,58990,140,406,3,58850,58584
2022-11-17,GU,2022-11-10,2022-11-16,59039,49,406,0,58990,58633
2022-11-24,GU,2022-11-17,2022-11-23,59189,150,407,1,59039,58782
2022-12-01,GU,2022-11-24,2022-11-30,59330,141,409,2,59189,58921
2022-12-08,GU,2022-12-01,2022-12-07,59460,130,409,0,59330,59051
2022-12-15,GU,2022-12-08,2022-12-14,59574,114,410,1,59460,59164
2022-12-22,GU,2022-12-15,2022-12-21,59758,184,411,1,59574,59347
2022-12-29,GU,2022-12-22,2022-12-28,59926,168,411,0,59758,59515
2023-01-05,GU,2022-12-29,2023-01-04,60087,161,411,0,59926,59676
2023-01-12,GU,2023-01-05,2023-01-11,60311,224,414,3,60087,59897
2023-01-19,GU,2023-01-12,2023-01-18,60526,215,415,1,60311,60111
2023-01-26,GU,2023-01-19,2023-01-25,60705,179,415,0,60526,60290
2023-02-02,GU,2023-01-26,2023-02-01,60806,101,415,0,60705,60391
2023-02-09,GU,2023-02-02,2023-02-08,60866,60,415,0,60806,60451
2023-02-16,GU,2023-02-09,2023-02-15,60920,54,415,0,60866,60505
2023-02-23,GU,2023-02-16,2023-02-22,60964,44,415,0,60920,60549
2023-03-02,GU,2023-02-23,2023-03-01,60997,33,415,0,60964,60582
2023-03-09,GU,2023-03-02,2023-03-08,61019,22,415,0,60997,60604
2023-03-16,GU,2023-03-09,2023-03-15,61089,70,415,0,61019,60674
2023-03-23,GU,2023-03-16,2023-03-22,61116,27,415,0,61089,60701
2023-03-30,GU,2023-03-23,2023-03-29,61148,32,415,0,61116,60733
2023-04-06,GU,2023-03-30,2023-04-05,61183,35,415,0,61148,60768
2023-04-13,GU,2023-04-06,2023-04-12,61237,54,415,0,61183,60822
2023-04-20,GU,2023-04-13,2023-04-19,61290,53,415,0,61237,60875
2023-04-27,GU,2023-04-20,2023-04-26,61382,92,415,0,61290,60967
2023-05-04,GU,2023-04-27,2023-05-03,61479,97,415,0,61382,61064
2023-05-11,GU,2023-05-04,2023-05-10,61642,163,415,0,61479,61227
2020-01-23,HI,2020-01-16,2020-01-22,0,0,0,0,0,0
2020-01-30,HI,2020-01-23,2020-01-29,0,0,0,0,0,0
2020-02-06,HI,2020-01-30,2020-02-05,0,0,0,0,0,0
2020-02-13,HI,2020-02-06,2020-02-12,0,0,0,0,0,0
2020-02-20,HI,2020-02-13,2020-02-19,0,0,0,0,0,0
2020-02-27,HI,2020-02-20,2020-02-26,0,0,0,0,0,0
2020-03-05,HI,2020-02-27,2020-03-04,0,0,0,0,0,0
2020-03-12,HI,2020-03-05,2020-03-11,4,4,1,1,0,3
2020-03-19,HI,2020-03-12,2020-03-18,19,15,1,0,4,18
2020-03-26,HI,2020-03-19,2020-03-25,105,86,1,0,19,104
2020-04-02,HI,2020-03-26,2020-04-01,257,152,5,4,105,252
2020-04-09,HI,2020-04-02,2020-04-08,406,149,10,5,257,396
2020-04-16,HI,2020-04-09,2020-04-15,488,82,13,3,406,475
2020-04-23,HI,2020-04-16,2020-04-22,551,63,13,0,488,538
2020-04-30,HI,2020-04-23,2020-04-29,583,32,14,1,551,569
2020-05-07,HI,2020-04-30,2020-05-06,607,24,14,0,583,593
2020-05-14,HI,2020-05-07,2020-05-13,623,16,14,0,607,609
2020-05-21,HI,2020-05-14,2020-05-20,638,15,14,0,623,624
2020-05-28,HI,2020-05-21,2020-05-27,647,9,14,0,638,633
2020-06-04,HI,2020-05-28,2020-06-03,659,12,15,1,647,644
2020-06-11,HI,2020-06-04,2020-06-10,684,25,16,1,659,668
2020-06-18,HI,2020-06-11,2020-06-17,747,63,16,0,684,731
2020-06-25,HI,2020-06-18,2020-06-24,835,88,19,3,747,816
2020-07-02,HI,2020-06-25,2020-07-01,936,101,22,3,835,914
2020-07-09,HI,2020-07-02,2020-07-08,1087,151,23,1,936,1064
2020-07-16,HI,2020-07-09,2020-07-15,1284,197,28,5,1087,1256
2020-07-23,HI,2020-07-16,2020-07-22,1444,160,29,1,1284,1415
2020-07-30,HI,2020-07-23,2020-07-29,1798,354,33,4,1444,1765
2020-08-06,HI,2020-07-30,2020-08-05,2645,847,47,14,1798,2598
2020-08-13,HI,2020-08-06,2020-08-12,3874,1229,69,22,2645,3805
2020-08-20,HI,2020-08-13,2020-08-19,5512,1638,106,37,3874,5406
2020-08-27,HI,2020-08-20,2020-08-26,7203,1691,155,49,5512,7048
2020-09-03,HI,2020-08-27,2020-09-02,8999,1796,200,45,7203,8799
2020-09-10,HI,2020-09-03,2020-09-09,10265,1266,229,29,8999,10036
2020-09-17,HI,2020-09-10,2020-09-16,11120,855,252,23,10265,10868
2020-09-24,HI,2020-09-17,2020-09-23,11762,642,272,20,11120,11490
2020-10-01,HI,2020-09-24,2020-09-30,12539,777,288,16,11762,12251
2020-10-08,HI,2020-10-01,2020-10-07,13204,665,305,17,12539,12899
2020-10-15,HI,2020-10-08,2020-10-14,13819,615,320,15,13204,13499
2020-10-22,HI,2020-10-15,2020-10-21,14421,602,331,11,13819,14090
2020-10-29,HI,2020-10-22,2020-10-28,15039,618,335,4,14421,14704
2020-11-05,HI,2020-10-29,2020-11-04,15629,590,340,5,15039,15289
2020-11-12,HI,2020-11-05,2020-11-11,16376,747,350,10,15629,16026
2020-11-19,HI,2020-11-12,2020-11-18,17007,631,360,10,16376,16647
2020-11-26,HI,2020-11-19,2020-11-25,17783,776,373,13,17007,17410
2020-12-03,HI,2020-11-26,2020-12-02,18338,555,374,1,17783,17964
2020-12-10,HI,2020-12-03,2020-12-09,19071,733,377,3,18338,18694
2020-12-17,HI,2020-12-10,2020-12-16,19927,856,385,8,19071,19542
2020-12-24,HI,2020-12-17,2020-12-23,20824,897,399,14,19927,20425
2020-12-31,HI,2020-12-24,2020-12-30,21511,687,407,8,20824,21104
2021-01-07,HI,2020-12-31,2021-01-06,22642,1131,428,21,21511,22214
2021-01-14,HI,2021-01-07,2021-01-13,24004,1362,440,12,22642,23564
2021-01-21,HI,2021-01-14,2021-01-20,24893,889,447,7,24004,24446
2021-01-28,HI,2021-01-21,2021-01-27,25710,817,456,9,24893,25254
2021-02-04,HI,2021-01-28,2021-02-03,26323,613,463,7,25710,25860
2021-02-11,HI,2021-02-04,2021-02-10,26806,483,465,2,26323,26341
2021-02-18,HI,2021-02-11,2021-02-17,27133,327,469,4,26806,26664
2021-02-25,HI,2021-02-18,2021-02-24,27479,346,472,3,27133,27007
2021-03-04,HI,2021-02-25,2021-03-03,27796,317,477,5,27479,27319
2021-03-11,HI,2021-03-04,2021-03-10,28202,406,480,3,27796,27722
2021-03-18,HI,2021-03-11,2021-03-17,28657,455,485,5,28202,28172
2021-03-25,HI,2021-03-18,2021-03-24,29303,646,488,3,28657,28815
2021-04-01,HI,2021-03-25,2021-03-31,30130,827,490,2,29303,29640
2021-04-08,HI,2021-04-01,2021-04-07,30833,703,493,3,30130,30340
2021-04-15,HI,2021-04-08,2021-04-14,31495,662,497,4,30833,30998
2021-04-22,HI,2021-04-15,2021-04-21,32132,637,499,2,31495,31633
2021-04-29,HI,2021-04-22,2021-04-28,32736,604,501,2,32132,32235
2021-05-06,HI,2021-04-29,2021-05-05,33475,739,509,8,32736,32966
2021-05-13,HI,2021-05-06,2021-05-12,34097,622,515,6,33475,33582
2021-05-20,HI,2021-05-13,2021-05-19,34698,601,516,1,34097,34182
2021-05-27,HI,2021-05-20,2021-05-26,35073,375,526,10,34698,34547
2021-06-03,HI,2021-05-27,2021-06-02,35448,375,530,4,35073,34918
2021-06-10,HI,2021-06-03,2021-06-09,35820,372,530,0,35448,35290
2021-06-17,HI,2021-06-10,2021-06-16,36213,393,533,3,35820,35680
2021-06-24,HI,2021-06-17,2021-06-23,36522,309,533,0,36213,35989
2021-07-01,HI,2021-06-24,2021-06-30,36848,326,540,7,36522,36308
2021-07-08,HI,2021-07-01,2021-07-07,37226,378,546,6,36848,36680
2021-07-15,HI,2021-07-08,2021-07-14,37816,590,557,11,37226,37259
2021-07-22,HI,2021-07-15,2021-07-21,38811,995,572,15,37816,38239
2021-07-29,HI,2021-07-22,2021-07-28,40398,1587,582,10,38811,39816
2021-08-05,HI,2021-07-29,2021-08-04,43218,2820,613,31,40398,42605
2021-08-12,HI,2021-08-05,2021-08-11,47250,4032,663,50,43218,46587
2021-08-19,HI,2021-08-12,2021-08-18,52065,4815,718,55,47250,51347
2021-08-26,HI,2021-08-19,2021-08-25,57609,5544,776,58,52065,56833
2021-09-02,HI,2021-08-26,2021-09-01,63506,5897,853,77,57609,62653
2021-09-09,HI,2021-09-02,2021-09-08,68409,4903,905,52,63506,67504
2021-09-16,HI,2021-09-09,2021-09-15,72574,4165,960,55,68409,71614
2021-09-23,HI,2021-09-16,2021-09-22,75923,3349,1007,47,72574,74916
2021-09-30,HI,2021-09-23,2021-09-29,78355,2432,1034,27,75923,77321
2021-10-07,HI,2021-09-30,2021-10-06,80096,1741,1059,25,78355,79037
2021-10-14,HI,2021-10-07,2021-10-13,81244,1148,1075,16,80096,80169
2021-10-21,HI,2021-10-14,2021-10-20,82155,911,1084,9,81244,81071
2021-10-28,HI,2021-10-21,2021-10-27,83135,980,1095,11,82155,82040
2021-11-04,HI,2021-10-28,2021-11-03,83893,758,1104,9,83135,82789
2021-11-11,HI,2021-11-04,2021-11-10,84678,785,1109,5,83893,83569
2021-11-18,HI,2021-11-11,2021-11-17,85367,689,1115,6,84678,84252
2021-11-25,HI,2021-11-18,2021-11-24,86040,673,1121,6,85367,84919
2021-12-02,HI,2021-11-25,2021-12-01,86640,600,1126,5,86040,85514
2021-12-09,HI,2021-12-02,2021-12-08,87368,728,1131,5,86640,86237
2021-12-16,HI,2021-12-09,2021-12-15,88933,1565,1136,5,87368,87797
2021-12-23,HI,2021-12-16,2021-12-22,94730,5797,1148,12,88933,93582
2021-12-30,HI,2021-12-23,2021-12-29,107038,12308,1162,14,94730,105876
2022-01-06,HI,2021-12-30,2022-01-05,127173,20135,1184,22,107038,125989
2022-01-13,HI,2022-01-06,2022-01-12,159399,32226,1236,52,127173,158163
2022-01-20,HI,2022-01-13,2022-01-19,188894,29495,1295,59,159399,187599
2022-01-27,HI,2022-01-20,2022-01-26,211091,22197,1356,61,188894,209735
2022-02-03,HI,2022-01-27,2022-02-02,223781,12690,1387,31,211091,222394
2022-02-10,HI,2022-02-03,2022-02-09,230506,6725,1407,20,223781,229099
2022-02-17,HI,2022-02-10,2022-02-16,233894,3388,1420,13,230506,232474
2022-02-24,HI,2022-02-17,2022-02-23,235821,1927,1428,8,233894,234393
2022-03-03,HI,2022-02-24,2022-03-02,237105,1284,1435,7,235821,235670
2022-03-10,HI,2022-03-03,2022-03-09,238053,948,1439,4,237105,236614
2022-03-17,HI,2022-03-10,2022-03-16,238766,713,1444,5,238053,237322
2022-03-24,HI,2022-03-17,2022-03-23,239581,815,1444,0,238766,238137
2022-03-31,HI,2022-03-24,2022-03-30,240537,956,1444,0,239581,239093
2022-04-07,HI,2022-03-31,2022-04-06,241681,1144,1445,1,240537,240236
2022-04-14,HI,2022-04-07,2022-04-13,243128,1447,1447,2,241681,241681
2022-04-21,HI,2022-04-14,2022-04-20,245306,2178,1449,2,243128,243857
2022-04-28,HI,2022-04-21,2022-04-27,248362,3056,1454,5,245306,246908
2022-05-05,HI,2022-04-28,2022-05-04,252706,4344,1460,6,248362,251246
2022-05-12,HI,2022-05-05,2022-05-11,258839,6133,1468,8,252706,257371
2022-05-19,HI,2022-05-12,2022-05-18,266244,7405,1479,11,258839,264765
2022-05-26,HI,2022-05-19,2022-05-25,275057,8813,1495,16,266244,273562
2022-06-02,HI,2022-05-26,2022-06-01,283702,8645,1517,22,275057,282185
2022-06-09,HI,2022-06-02,2022-06-08,291909,8207,1535,18,283702,290374
2022-06-16,HI,2022-06-09,2022-06-15,298751,6842,1549,14,291909,297202
2022-06-23,HI,2022-06-16,2022-06-22,304559,5808,1566,17,298751,302993
2022-06-30,HI,2022-06-23,2022-06-29,309695,5136,1584,18,304559,308111
2022-07-07,HI,2022-06-30,2022-07-06,313978,4283,1594,10,309695,312384
2022-07-14,HI,2022-07-07,2022-07-13,318281,4303,1601,7,313978,316680
2022-07-21,HI,2022-07-14,2022-07-20,322528,4247,1609,8,318281,320919
2022-07-28,HI,2022-07-21,2022-07-27,326637,4109,1626,17,322528,325011
2022-08-04,HI,2022-07-28,2022-08-03,330291,3654,1631,5,326637,328660
2022-08-11,HI,2022-08-04,2022-08-10,333549,3258,1642,11,330291,331907
2022-08-18,HI,2022-08-11,2022-08-17,336333,2784,1648,6,333549,334685
2022-08-25,HI,2022-08-18,2022-08-24,338595,2262,1655,7,336333,336940
2022-09-01,HI,2022-08-25,2022-08-31,340326,1731,1658,3,338595,338668
2022-09-08,HI,2022-09-01,2022-09-07,341581,1255,1667,9,340326,339914
2022-09-15,HI,2022-09-08,2022-09-14,342906,1325,1675,8,341581,341231
2022-09-22,HI,2022-09-15,2022-09-21,344085,1179,1677,2,342906,342408
2022-09-29,HI,2022-09-22,2022-09-28,345128,1043,1679,2,344085,343449
2022-10-06,HI,2022-09-29,2022-10-05,346285,1157,1681,2,345128,344604
2022-10-13,HI,2022-10-06,2022-10-12,347263,978,1683,2,346285,345580
2022-10-20,HI,2022-10-13,2022-10-19,348406,1143,1684,1,347263,346722
2022-10-27,HI,2022-10-20,2022-10-26,349609,1203,1684,0,348406,347925
2022-11-03,HI,2022-10-27,2022-11-02,350619,1010,1685,1,349609,348934
2022-11-10,HI,2022-11-03,2022-11-09,351617,998,1685,0,350619,349932
2022-11-17,HI,2022-11-10,2022-11-16,352609,992,1691,6,351617,350918
2022-11-24,HI,2022-11-17,2022-11-23,353718,1109,1701,10,352609,352017
2022-12-01,HI,2022-11-24,2022-11-30,354680,962,1705,4,353718,352975
2022-12-08,HI,2022-12-01,2022-12-07,355977,1297,1712,7,354680,354265
2022-12-15,HI,2022-12-08,2022-12-14,357103,1126,1716,4,355977,355387
2022-12-22,HI,2022-12-15,2022-12-21,358213,1110,1725,9,357103,356488
2022-12-29,HI,2022-12-22,2022-12-28,359236,1023,1728,3,358213,357508
2023-01-05,HI,2022-12-29,2023-01-04,360458,1222,1732,4,359236,358726
2023-01-12,HI,2023-01-05,2023-01-11,361745,1287,1737,5,360458,360008
2023-01-19,HI,2023-01-12,2023-01-18,362752,1007,1742,5,361745,361010
2023-01-26,HI,2023-01-19,2023-01-25,363739,987,1753,11,362752,361986
2023-02-02,HI,2023-01-26,2023-02-01,364457,718,1764,11,363739,362693
2023-02-09,HI,2023-02-02,2023-02-08,365141,684,1772,8,364457,363369
2023-02-16,HI,2023-02-09,2023-02-15,365685,544,1788,16,365141,363897
2023-02-23,HI,2023-02-16,2023-02-22,366213,528,1800,12,365685,364413
2023-03-02,HI,2023-02-23,2023-03-01,366615,402,1800,0,366213,364815
2023-03-09,HI,2023-03-02,2023-03-08,367081,466,1807,7,366615,365274
2023-03-16,HI,2023-03-09,2023-03-15,367496,415,1815,8,367081,365681
2023-03-23,HI,2023-03-16,2023-03-22,367976,480,1819,4,367496,366157
2023-03-30,HI,2023-03-23,2023-03-29,369180,1204,1823,4,367976,367357
2023-04-06,HI,2023-03-30,2023-04-05,370188,1008,1829,6,369180,368359
2023-04-13,HI,2023-04-06,2023-04-12,371120,932,1833,4,370188,369287
2023-04-20,HI,2023-04-13,2023-04-19,372029,909,1842,9,371120,370187
2023-04-27,HI,2023-04-20,2023-04-26,372862,833,1847,5,372029,371015
2023-05-04,HI,2023-04-27,2023-05-03,373610,748,1852,5,372862,371758
2023-05-11,HI,2023-05-04,2023-05-10,374264,654,1856,4,373610,372408
2020-01-23,IA,2020-01-16,2020-01-22,0,0,0,0,0,0
2020-01-30,IA,2020-01-23,2020-01-29,0,0,0,0,0,0
2020-02-06,IA,2020-01-30,2020-02-05,0,0,0,0,0,0
2020-02-13,IA,2020-02-06,2020-02-12,0,0,0,0,0,0
2020-02-20,IA,2020-02-13,2020-02-19,0,0,0,0,0,0
2020-02-27,IA,2020-02-20,2020-02-26,0,0,0,0,0,0
2020-03-05,IA,2020-02-27,2020-03-04,0,0,0,0,0,0
2020-03-12,IA,2020-03-05,2020-03-11,13,13,0,0,0,13
2020-03-19,IA,2020-03-12,2020-03-18,38,25,0,0,13,38
2020-03-26,IA,2020-03-19,2020-03-25,146,108,1,1,38,145
2020-04-02,IA,2020-03-26,2020-04-01,546,400,9,8,146,537
2020-04-09,IA,2020-04-02,2020-04-08,1145,599,27,18,546,1118
2020-04-16,IA,2020-04-09,2020-04-15,1995,850,53,26,1145,1942
2020-04-23,IA,2020-04-16,2020-04-22,3745,1750,90,37,1995,3655
2020-04-30,IA,2020-04-23,2020-04-29,6842,3097,148,58,3745,6694
2020-05-07,IA,2020-04-30,2020-05-06,10404,3562,218,70,6842,10186
2020-05-14,IA,2020-05-07,2020-05-13,13282,2878,306,88,10404,12976
2020-05-21,IA,2020-05-14,2020-05-20,15623,2341,393,87,13282,15230
2020-05-28,IA,2020-05-21,2020-05-27,18368,2745,496,103,15623,17872
2020-06-04,IA,2020-05-28,2020-06-03,20305,1937,573,77,18368,19732
2020-06-11,IA,2020-06-04,2020-06-10,22624,2319,631,58,20305,21993
2020-06-18,IA,2020-06-11,2020-06-17,24463,1839,675,44,22624,23788
2020-06-25,IA,2020-06-18,2020-06-24,26602,2139,689,14,24463,25913
2020-07-02,IA,2020-06-25,2020-07-01,29514,2912,716,27,26602,28798
2020-07-09,IA,2020-07-02,2020-07-08,32626,3112,736,20,29514,31890
2020-07-16,IA,2020-07-09,2020-07-15,36540,3914,775,39,32626,35765
2020-07-23,IA,2020-07-16,2020-07-22,40210,3670,814,39,36540,39396
2020-07-30,IA,2020-07-23,2020-07-29,43626,3416,854,40,40210,42772
2020-08-06,IA,2020-07-30,2020-08-05,46753,3127,900,46,43626,45853
2020-08-13,IA,2020-08-06,2020-08-12,49777,3024,953,53,46753,48824
2020-08-20,IA,2020-08-13,2020-08-19,53559,3782,1010,57,49777,52549
2020-08-27,IA,2020-08-20,2020-08-26,58808,5249,1071,61,53559,57737
2020-09-03,IA,2020-08-27,2020-09-02,66466,7658,1132,61,58808,65334
2020-09-10,IA,2020-09-03,2020-09-09,71600,5134,1204,72,66466,70396
2020-09-17,IA,2020-09-10,2020-09-16,76652,5052,1248,44,71600,75404
2020-09-24,IA,2020-09-17,2020-09-23,82871,6219,1297,49,76652,81574
2020-10-01,IA,2020-09-24,2020-09-30,89249,6378,1357,60,82871,87892
2020-10-08,IA,2020-10-01,2020-10-07,95093,5844,1418,61,89249,93675
2020-10-15,IA,2020-10-08,2020-10-14,102903,7810,1503,85,95093,101400
2020-10-22,IA,2020-10-15,2020-10-21,110251,7348,1593,90,102903,108658
2020-10-29,IA,2020-10-22,2020-10-28,120635,10384,1690,97,110251,118945
2020-11-05,IA,2020-10-29,2020-11-04,137214,16579,1800,110,120635,135414
2020-11-12,IA,2020-11-05,2020-11-11,168453,31239,1924,124,137214,166529
2020-11-19,IA,2020-11-12,2020-11-18,197518,29065,2099,175,168453,195419
2020-11-26,IA,2020-11-19,2020-11-25,221286,23768,2300,201,197518,218986
2020-12-03,IA,2020-11-26,2020-12-02,236159,14873,2494,194,221286,233665
2020-12-10,IA,2020-12-03,2020-12-09,250280,14121,2676,182,236159,247604
2020-12-17,IA,2020-12-10,2020-12-16,260774,10494,3350,674,250280,257424
2020-12-24,IA,2020-12-17,2020-12-23,272112,11338,3667,317,260774,268445
2020-12-31,IA,2020-12-24,2020-12-30,280064,7952,3822,155,272112,276242
2021-01-07,IA,2020-12-31,2021-01-06,290777,10713,4060,238,280064,286717
2021-01-14,IA,2021-01-07,2021-01-13,301161,10384,4232,172,290777,296929
2021-01-21,IA,2021-01-14,2021-01-20,308788,7627,4394,162,301161,304394
2021-01-28,IA,2021-01-21,2021-01-27,316114,7326,4500,106,308788,311614
2021-02-04,IA,2021-01-28,2021-02-03,322308,6194,4975,475,316114,317333
2021-02-11,IA,2021-02-04,2021-02-10,327061,4753,5175,200,322308,321886
2021-02-18,IA,2021-02-11,2021-02-17,330907,3846,5306,131,327061,325601
2021-02-25,IA,2021-02-18,2021-02-24,334665,3758,5414,108,330907,329251
2021-03-04,IA,2021-02-25,2021-03-03,338162,3497,5499,85,334665,332663
2021-03-11,IA,2021-03-04,2021-03-10,341381,3219,5599,100,338162,335782
2021-03-18,IA,2021-03-11,2021-03-17,344270,2889,5665,66,341381,338605
2021-03-25,IA,2021-03-18,2021-03-24,347593,3323,5687,22,344270,341906
2021-04-01,IA,2021-03-25,2021-03-31,351404,3811,5741,54,347593,345663
2021-04-08,IA,2021-04-01,2021-04-07,355202,3798,5834,93,351404,349368
2021-04-15,IA,2021-04-08,2021-04-14,358389,3187,5856,22,355202,352533
2021-04-22,IA,2021-04-15,2021-04-21,361718,3329,5899,43,358389,355819
2021-04-29,IA,2021-04-22,2021-04-28,364297,2579,5931,32,361718,358366
2021-05-06,IA,2021-04-29,2021-05-05,366717,2420,5961,30,364297,360756
2021-05-13,IA,2021-05-06,2021-05-12,368710,1993,5993,32,366717,362717
2021-05-20,IA,2021-05-13,2021-05-19,370054,1344,6018,25,368710,364036
2021-05-27,IA,2021-05-20,2021-05-26,371027,973,6044,26,370054,364983
2021-06-03,IA,2021-05-27,2021-06-02,371614,587,6061,17,371027,365553
2021-06-10,IA,2021-06-03,2021-06-09,372187,573,6084,23,371614,366103
2021-06-17,IA,2021-06-10,2021-06-16,372761,574,6108,24,372187,366653
2021-06-24,IA,2021-06-17,2021-06-23,373218,457,6120,12,372761,367098
2021-07-01,IA,2021-06-24,2021-06-30,373732,514,6138,18,373218,367594
2021-07-08,IA,2021-07-01,2021-07-07,374383,651,6149,11,373732,368234
2021-07-15,IA,2021-07-08,2021-07-14,375278,895,6158,9,374383,369120
2021-07-22,IA,2021-07-15,2021-07-21,376673,1395,6170,12,375278,370503
2021-07-29,IA,2021-07-22,2021-07-28,378831,2158,6183,13,376673,372648
2021-08-05,IA,2021-07-29,2021-08-04,382401,3570,6193,10,378831,376208
2021-08-12,IA,2021-08-05,2021-08-11,387273,4872,6210,17,382401,381063
2021-08-19,IA,2021-08-12,2021-08-18,392970,5697,6226,16,387273,386744
2021-08-26,IA,2021-08-19,2021-08-25,400082,7112,6268,42,392970,393814
2021-09-02,IA,2021-08-26,2021-09-01,408390,8308,6307,39,400082,402083
2021-09-09,IA,2021-09-02,2021-09-08,417152,8762,6337,30,408390,410815
2021-09-16,IA,2021-09-09,2021-09-15,428517,11365,6401,64,417152,422116
2021-09-23,IA,2021-09-16,2021-09-22,440680,12163,6483,82,428517,434197
2021-09-30,IA,2021-09-23,2021-09-29,451492,10812,6563,80,440680,444929
2021-10-07,IA,2021-09-30,2021-10-06,461352,9860,6651,88,451492,454701
2021-10-14,IA,2021-10-07,2021-10-13,469519,8167,6748,97,461352,462771
2021-10-21,IA,2021-10-14,2021-10-20,476426,6907,6848,100,469519,469578
2021-10-28,IA,2021-10-21,2021-10-27,483409,6983,6965,117,476426,476444
2021-11-04,IA,2021-10-28,2021-11-03,491052,7643,7069,104,483409,483983
2021-11-11,IA,2021-11-04,2021-11-10,499279,8227,7166,97,491052,492113
2021-11-18,IA,2021-11-11,2021-11-17,508513,9234,7268,102,499279,501245
2021-11-25,IA,2021-11-18,2021-11-24,518859,10346,7354,86,508513,511505
2021-12-02,IA,2021-11-25,2021-12-01,528221,9362,7445,91,518859,520776
2021-12-09,IA,2021-12-02,2021-12-08,541033,12812,7445,0,528221,533588
2021-12-16,IA,2021-12-09,2021-12-15,552898,11865,7680,235,541033,545218
2021-12-23,IA,2021-12-16,2021-12-22,562463,9565,7799,119,552898,554664
2021-12-30,IA,2021-12-23,2021-12-29,573032,10569,7858,59,562463,565174
2022-01-06,IA,2021-12-30,2022-01-05,592028,18996,8019,161,573032,584009
2022-01-13,IA,2022-01-06,2022-01-12,626336,34308,8201,182,592028,618135
2022-01-20,IA,2022-01-13,2022-01-19,664910,38574,8317,116,626336,656593
2022-01-27,IA,2022-01-20,2022-01-26,699859,34949,8499,182,664910,691360
2022-02-03,IA,2022-01-27,2022-02-02,722589,22730,8657,158,699859,713932
2022-02-10,IA,2022-02-03,2022-02-09,735422,12833,8829,172,722589,726593
2022-02-17,IA,2022-02-10,2022-02-16,743285,7863,8948,119,735422,734337
2022-02-24,IA,2022-02-17,2022-02-23,747648,4363,9083,135,743285,738565
2022-03-03,IA,2022-02-24,2022-03-02,754486,6838,9170,87,747648,745316
2022-03-10,IA,2022-03-03,2022-03-09,756224,1738,9258,88,754486,746966
2022-03-17,IA,2022-03-10,2022-03-16,757229,1005,9341,83,756224,747888
2022-03-24,IA,2022-03-17,2022-03-23,757945,716,9385,44,757229,748560
2022-03-31,IA,2022-03-24,2022-03-30,758415,470,9429,44,757945,748986
2022-04-07,IA,2022-03-31,2022-04-06,759336,921,9453,24,758415,749883
2022-04-14,IA,2022-04-07,2022-04-13,760227,891,9474,21,759336,750753
2022-04-21,IA,2022-04-14,2022-04-20,761325,1098,9509,35,760227,751816
2022-04-28,IA,2022-04-21,2022-04-27,763053,1728,9528,19,761325,753525
2022-05-05,IA,2022-04-28,2022-05-04,765177,2124,9532,4,763053,755645
2022-05-12,IA,2022-05-05,2022-05-11,768338,3161,9554,22,765177,758784
2022-05-19,IA,2022-05-12,2022-05-18,772181,3843,9570,16,768338,762611
2022-05-26,IA,2022-05-19,2022-05-25,776136,3955,9586,16,772181,766550
2022-06-02,IA,2022-05-26,2022-06-01,779993,3857,9599,13,776136,770394
2022-06-09,IA,2022-06-02,2022-06-08,784269,4276,9614,15,779993,774655
2022-06-16,IA,2022-06-09,2022-06-15,788265,3996,9614,0,784269,778651
2022-06-23,IA,2022-06-16,2022-06-22,792208,3943,9679,65,788265,782529
2022-06-30,IA,2022-06-23,2022-06-29,796196,3988,9688,9,792208,786508
2022-07-07,IA,2022-06-30,2022-07-06,800176,3980,9702,14,796196,790474
2022-07-14,IA,2022-07-07,2022-07-13,805363,5187,9718,16,800176,795645
2022-07-21,IA,2022-07-14,2022-07-20,810664,5301,9759,41,805363,800905
2022-07-28,IA,2022-07-21,2022-07-27,816588,5924,9781,22,810664,806807
2022-08-04,IA,2022-07-28,2022-08-03,822356,5768,9816,35,816588,812540
2022-08-11,IA,2022-08-04,2022-08-10,828016,5660,9848,32,822356,818168
2022-08-18,IA,2022-08-11,2022-08-17,832937,4921,9880,32,828016,823057
2022-08-25,IA,2022-08-18,2022-08-24,837739,4802,9905,25,832937,827834
2022-09-01,IA,2022-08-25,2022-08-31,842647,4908,9939,34,837739,832708
2022-09-08,IA,2022-09-01,2022-09-07,846823,4176,9967,28,842647,836856
2022-09-15,IA,2022-09-08,2022-09-14,850932,4109,9993,26,846823,840939
2022-09-22,IA,2022-09-15,2022-09-21,853840,2908,10049,56,850932,843791
2022-09-29,IA,2022-09-22,2022-09-28,855931,2091,10075,26,853840,845856
2022-10-06,IA,2022-09-29,2022-10-05,857784,1853,10096,21,855931,847688
2022-10-13,IA,2022-10-06,2022-10-12,859502,1718,10124,28,857784,849378
2022-10-20,IA,2022-10-13,2022-10-19,861010,1508,10152,28,859502,850858
2022-10-27,IA,2022-10-20,2022-10-26,862925,1915,10177,25,861010,852748
2022-11-03,IA,2022-10-27,2022-11-02,864752,1827,10207,30,862925,854545
2022-11-10,IA,2022-11-03,2022-11-09,866615,1863,10229,22,864752,856386
2022-11-17,IA,2022-11-10,2022-11-16,868595,1980,10253,24,866615,858342
2022-11-24,IA,2022-11-17,2022-11-23,870897,2302,10276,23,868595,860621
2022-12-01,IA,2022-11-24,2022-11-30,873595,2698,10294,18,870897,863301
2022-12-08,IA,2022-12-01,2022-12-07,877066,3471,10315,21,873595,866751
2022-12-15,IA,2022-12-08,2022-12-14,880770,3704,10341,26,877066,870429
2022-12-22,IA,2022-12-15,2022-12-21,884263,3493,10386,45,880770,873877
2022-12-29,IA,2022-12-22,2022-12-28,886411,2148,10422,36,884263,875989
2023-01-05,IA,2022-12-29,2023-01-04,888664,2253,10462,40,886411,878202
2023-01-12,IA,2023-01-05,2023-01-11,890868,2204,10508,46,888664,880360
2023-01-19,IA,2023-01-12,2023-01-18,892554,1686,10537,29,890868,882017
2023-01-26,IA,2023-01-19,2023-01-25,894105,1551,10566,29,892554,883539
2023-02-02,IA,2023-01-26,2023-02-01,895619,1514,10597,31,894105,885022
2023-02-09,IA,2023-02-02,2023-02-08,897136,1517,10625,28,895619,886511
2023-02-16,IA,2023-02-09,2023-02-15,898762,1626,10653,28,897136,888109
2023-02-23,IA,2023-02-16,2023-02-22,900343,1581,10671,18,898762,889672
2023-03-02,IA,2023-02-23,2023-03-01,902075,1732,10700,29,900343,891375
2023-03-09,IA,2023-03-02,2023-03-08,903991,1916,10725,25,902075,893266
2023-03-16,IA,2023-03-09,2023-03-15,905744,1753,10742,17,903991,895002
2023-03-23,IA,2023-03-16,2023-03-22,907421,1677,10769,27,905744,896652
2023-03-30,IA,2023-03-23,2023-03-29,908936,1515,10797,28,907421,898139
2023-04-06,IA,2023-03-30,2023-04-05,908936,0,10797,0,908936,898139
2023-04-13,IA,2023-04-06,2023-04-12,908936,0,10797,0,908936,898139
2023-04-20,IA,2023-04-13,2023-04-19,908936,0,10797,0,908936,898139
2023-04-27,IA,2023-04-20,2023-04-26,908936,0,10797,0,908936,898139
2023-05-04,IA,2023-04-27,2023-05-03,908936,0,10797,0,908936,898139
2023-05-11,IA,2023-05-04,2023-05-10,908936,0,10797,0,908936,898139
2020-01-23,ID,2020-01-16,2020-01-22,0,0,0,0,0,0
2020-01-30,ID,2020-01-23,2020-01-29,0,0,0,0,0,0
2020-02-06,ID,2020-01-30,2020-02-05,0,0,0,0,0,0
2020-02-13,ID,2020-02-06,2020-02-12,0,0,0,0,0,0
2020-02-20,ID,2020-02-13,2020-02-19,0,0,0,0,0,0
2020-02-27,ID,2020-02-20,2020-02-26,0,0,0,0,0,0
2020-03-05,ID,2020-02-27,2020-03-04,0,0,0,0,0,0
2020-03-12,ID,2020-03-05,2020-03-11,0,0,0,0,0,0
2020-03-19,ID,2020-03-12,2020-03-18,9,9,0,0,0,9
2020-03-26,ID,2020-03-19,2020-03-25,90,81,0,0,9,90
2020-04-02,ID,2020-03-26,2020-04-01,566,476,9,9,90,557
2020-04-09,ID,2020-04-02,2020-04-08,1210,644,15,6,566,1195
2020-04-16,ID,2020-04-09,2020-04-15,1473,263,39,24,1210,1434
2020-04-23,ID,2020-04-16,2020-04-22,1766,293,51,12,1473,1715
2020-04-30,ID,2020-04-23,2020-04-29,1953,187,60,9,1766,1893
2020-05-07,ID,2020-04-30,2020-05-06,2158,205,66,6,1953,2092
2020-05-14,ID,2020-05-07,2020-05-13,2293,135,69,3,2158,2224
2020-05-21,ID,2020-05-14,2020-05-20,2506,213,76,7,2293,2430
2020-05-28,ID,2020-05-21,2020-05-27,2699,193,81,5,2506,2618
2020-06-04,ID,2020-05-28,2020-06-03,2933,234,83,2,2699,2850
2020-06-11,ID,2020-06-04,2020-06-10,3260,327,85,2,2933,3175
2020-06-18,ID,2020-06-11,2020-06-17,3632,372,87,2,3260,3545
2020-06-25,ID,2020-06-18,2020-06-24,4402,770,89,2,3632,4313
2020-07-02,ID,2020-06-25,2020-07-01,6370,1968,92,3,4402,6278
2020-07-09,ID,2020-07-02,2020-07-08,8968,2598,98,6,6370,8870
2020-07-16,ID,2020-07-09,2020-07-15,12448,3480,110,12,8968,12338
2020-07-23,ID,2020-07-16,2020-07-22,16321,3873,135,25,12448,16186
2020-07-30,ID,2020-07-23,2020-07-29,19673,3352,173,38,16321,19500
2020-08-06,ID,2020-07-30,2020-08-05,22707,3034,217,44,19673,22490
2020-08-13,ID,2020-08-06,2020-08-12,26134,3427,246,29,22707,25888
2020-08-20,ID,2020-08-13,2020-08-19,28680,2546,289,43,26134,28391
2020-08-27,ID,2020-08-20,2020-08-26,30771,2091,337,48,28680,30434
2020-09-03,ID,2020-08-27,2020-09-02,32666,1895,372,35,30771,32294
2020-09-10,ID,2020-09-03,2020-09-09,34301,1635,407,35,32666,33894
2020-09-17,ID,2020-09-10,2020-09-16,36094,1793,429,22,34301,35665
2020-09-24,ID,2020-09-17,2020-09-23,38743,2649,453,24,36094,38290
2020-10-01,ID,2020-09-24,2020-09-30,42048,3305,469,16,38743,41579
2020-10-08,ID,2020-10-01,2020-10-07,45753,3705,500,31,42048,45253
2020-10-15,ID,2020-10-08,2020-10-14,49892,4139,516,16,45753,49376
2020-10-22,ID,2020-10-15,2020-10-21,55650,5758,546,30,49892,55104
2020-10-29,ID,2020-10-22,2020-10-28,61787,6137,598,52,55650,61189
2020-11-05,ID,2020-10-29,2020-11-04,68314,6527,663,65,61787,67651
2020-11-12,ID,2020-11-05,2020-11-11,77121,8807,732,69,68314,76389
2020-11-19,ID,2020-11-12,2020-11-18,86435,9314,812,80,77121,85623
2020-11-26,ID,2020-11-19,2020-11-25,96504,10069,895,83,86435,95609
2020-12-03,ID,2020-11-26,2020-12-02,104735,8231,991,96,96504,103744
2020-12-10,ID,2020-12-03,2020-12-09,116203,11468,1102,111,104735,115101
2020-12-17,ID,2020-12-10,2020-12-16,125452,9249,1229,127,116203,124223
2020-12-24,ID,2020-12-17,2020-12-23,133985,8533,1324,95,125452,132661
2020-12-31,ID,2020-12-24,2020-12-30,139865,5880,1404,80,133985,138461
2021-01-07,ID,2020-12-31,2021-01-06,146110,6245,1488,84,139865,144622
2021-01-14,ID,2021-01-07,2021-01-13,152365,6255,1565,77,146110,150800
2021-01-21,ID,2021-01-14,2021-01-20,157588,5223,1635,70,152365,155953
2021-01-28,ID,2021-01-21,2021-01-27,161212,3624,1714,79,157588,159498
2021-02-04,ID,2021-01-28,2021-02-03,164163,2951,1748,34,161212,162415
2021-02-11,ID,2021-02-04,2021-02-10,166553,2390,1790,42,164163,164763
2021-02-18,ID,2021-02-11,2021-02-17,168354,1801,1816,26,166553,166538
2021-02-25,ID,2021-02-18,2021-02-24,170292,1938,1839,23,168354,168453
2021-03-04,ID,2021-02-25,2021-03-03,172288,1996,1875,36,170292,170413
2021-03-11,ID,2021-03-04,2021-03-10,174245,1957,1901,26,172288,172344
2021-03-18,ID,2021-03-11,2021-03-17,176461,2216,1934,33,174245,174527
2021-03-25,ID,2021-03-18,2021-03-24,178545,2084,1952,18,176461,176593
2021-04-01,ID,2021-03-25,2021-03-31,180538,1993,1962,10,178545,178576
2021-04-08,ID,2021-04-01,2021-04-07,182531,1993,1980,18,180538,180551
2021-04-15,ID,2021-04-08,2021-04-14,184348,1817,2006,26,182531,182342
2021-04-22,ID,2021-04-15,2021-04-21,185758,1410,2027,21,184348,183731
2021-04-29,ID,2021-04-22,2021-04-28,187267,1509,2043,16,185758,185224
2021-05-06,ID,2021-04-29,2021-05-05,188434,1167,2050,7,187267,186384
2021-05-13,ID,2021-05-06,2021-05-12,189586,1152,2064,14,188434,187522
2021-05-20,ID,2021-05-13,2021-05-19,190711,1125,2074,10,189586,188637
2021-05-27,ID,2021-05-20,2021-05-26,191736,1025,2087,13,190711,189649
2021-06-03,ID,2021-05-27,2021-06-02,192479,743,2096,9,191736,190383
2021-06-10,ID,2021-06-03,2021-06-09,193292,813,2115,19,192479,191177
2021-06-17,ID,2021-06-10,2021-06-16,193918,626,2122,7,193292,191796
2021-06-24,ID,2021-06-17,2021-06-23,194518,600,2140,18,193918,192378
2021-07-01,ID,2021-06-24,2021-06-30,194996,478,2152,12,194518,192844
2021-07-08,ID,2021-07-01,2021-07-07,195551,555,2162,10,194996,193389
2021-07-15,ID,2021-07-08,2021-07-14,196490,939,2165,3,195551,194325
2021-07-22,ID,2021-07-15,2021-07-21,197780,1290,2179,14,196490,195601
2021-07-29,ID,2021-07-22,2021-07-28,199516,1736,2190,11,197780,197326
2021-08-05,ID,2021-07-29,2021-08-04,202669,3153,2209,19,199516,200460
2021-08-12,ID,2021-08-05,2021-08-11,206523,3854,2235,26,202669,204288
2021-08-19,ID,2021-08-12,2021-08-18,211533,5010,2280,45,206523,209253
2021-08-26,ID,2021-08-19,2021-08-25,216061,4528,2315,35,211533,213746
2021-09-02,ID,2021-08-26,2021-09-01,222552,6491,2370,55,216061,220182
2021-09-09,ID,2021-09-02,2021-09-08,229597,7045,2426,56,222552,227171
2021-09-16,ID,2021-09-09,2021-09-15,238315,8718,2560,134,229597,235755
2021-09-23,ID,2021-09-16,2021-09-22,246749,8434,2687,127,238315,244062
2021-09-30,ID,2021-09-23,2021-09-29,255417,8668,2854,167,246749,252563
2021-10-07,ID,2021-09-30,2021-10-06,264662,9245,3040,186,255417,261622
2021-10-14,ID,2021-10-07,2021-10-13,272625,7963,3186,146,264662,269439
2021-10-21,ID,2021-10-14,2021-10-20,281470,8845,3346,160,272625,278124
2021-10-28,ID,2021-10-21,2021-10-27,288923,7453,3500,154,281470,285423
2021-11-04,ID,2021-10-28,2021-11-03,294485,5562,3600,100,288923,290885
2021-11-11,ID,2021-11-04,2021-11-10,298634,4149,3703,103,294485,294931
2021-11-18,ID,2021-11-11,2021-11-17,301843,3209,3801,98,298634,298042
2021-11-25,ID,2021-11-18,2021-11-24,305130,3287,3891,90,301843,301239
2021-12-02,ID,2021-11-25,2021-12-01,307562,2432,3949,58,305130,303613
2021-12-09,ID,2021-12-02,2021-12-08,310661,3099,4001,52,307562,306660
2021-12-16,ID,2021-12-09,2021-12-15,313041,2380,4057,56,310661,308984
2021-12-23,ID,2021-12-16,2021-12-22,315270,2229,4097,40,313041,311173
2021-12-30,ID,2021-12-23,2021-12-29,318458,3188,4160,63,315270,314298
2022-01-06,ID,2021-12-30,2022-01-05,323965,5507,4192,32,318458,319773
2022-01-13,ID,2022-01-06,2022-01-12,334086,10121,4259,67,323965,329827
2022-01-20,ID,2022-01-13,2022-01-19,348949,14863,4292,33,334086,344657
2022-01-27,ID,2022-01-20,2022-01-26,368665,19716,4357,65,348949,364308
2022-02-03,ID,2022-01-27,2022-02-02,384741,16076,4453,96,368665,380288
2022-02-10,ID,2022-02-03,2022-02-09,397868,13127,4536,83,384741,393332
2022-02-17,ID,2022-02-10,2022-02-16,409131,11263,4633,97,397868,404498
2022-02-24,ID,2022-02-17,2022-02-23,419168,10037,4713,80,409131,414455
2022-03-03,ID,2022-02-24,2022-03-02,429473,10305,4771,58,419168,424702
2022-03-10,ID,2022-03-03,2022-03-09,436019,6546,4806,35,429473,431213
2022-03-17,ID,2022-03-10,2022-03-16,440740,4721,4830,24,436019,435910
2022-03-24,ID,2022-03-17,2022-03-23,443274,2534,4859,29,440740,438415
2022-03-31,ID,2022-03-24,2022-03-30,443913,639,4871,12,443274,439042
2022-04-07,ID,2022-03-31,2022-04-06,444525,612,4890,19,443913,439635
2022-04-14,ID,2022-04-07,2022-04-13,444907,382,4903,13,444525,440004
2022-04-21,ID,2022-04-14,2022-04-20,445348,441,4916,13,444907,440432
2022-04-28,ID,2022-04-21,2022-04-27,445820,472,4921,5,445348,440899
2022-05-05,ID,2022-04-28,2022-05-04,446548,728,4926,5,445820,441622
2022-05-12,ID,2022-05-05,2022-05-11,447540,992,4927,1,446548,442613
2022-05-19,ID,2022-05-12,2022-05-18,448754,1214,4932,5,447540,443822
2022-05-26,ID,2022-05-19,2022-05-25,450337,1583,4934,2,448754,445403
2022-06-02,ID,2022-05-26,2022-06-01,452085,1748,4937,3,450337,447148
2022-06-09,ID,2022-06-02,2022-06-08,454577,2492,4942,5,452085,449635
2022-06-16,ID,2022-06-09,2022-06-15,457026,2449,4950,8,454577,452076
2022-06-23,ID,2022-06-16,2022-06-22,459524,2498,4957,7,457026,454567
2022-06-30,ID,2022-06-23,2022-06-29,462979,3455,4969,12,459524,458010
2022-07-07,ID,2022-06-30,2022-07-06,466007,3028,4983,14,462979,461024
2022-07-14,ID,2022-07-07,2022-07-13,470457,4450,4993,10,466007,465464
2022-07-21,ID,2022-07-14,2022-07-20,474150,3693,5010,17,470457,469140
2022-07-28,ID,2022-07-21,2022-07-27,477684,3534,5027,17,474150,472657
2022-08-04,ID,2022-07-28,2022-08-03,480606,2922,5046,19,477684,475560
2022-08-11,ID,2022-08-04,2022-08-10,483255,2649,5058,12,480606,478197
2022-08-18,ID,2022-08-11,2022-08-17,485489,2234,5080,22,483255,480409
2022-08-25,ID,2022-08-18,2022-08-24,487329,1840,5099,19,485489,482230
2022-09-01,ID,2022-08-25,2022-08-31,489400,2071,5114,15,487329,484286
2022-09-08,ID,2022-09-01,2022-09-07,490946,1546,5124,10,489400,485822
2022-09-15,ID,2022-09-08,2022-09-14,492580,1634,5140,16,490946,487440
2022-09-22,ID,2022-09-15,2022-09-21,494080,1500,5163,23,492580,488917
2022-09-29,ID,2022-09-22,2022-09-28,495484,1404,5170,7,494080,490314
2022-10-06,ID,2022-09-29,2022-10-05,496600,1116,5184,14,495484,491416
2022-10-13,ID,2022-10-06,2022-10-12,497710,1110,5197,13,496600,492513
2022-10-20,ID,2022-10-13,2022-10-19,498789,1079,5202,5,497710,493587
2022-10-27,ID,2022-10-20,2022-10-26,499828,1039,5215,13,498789,494613
2022-11-03,ID,2022-10-27,2022-11-02,500859,1031,5224,9,499828,495635
2022-11-10,ID,2022-11-03,2022-11-09,502105,1246,5234,10,500859,496871
2022-11-17,ID,2022-11-10,2022-11-16,503346,1241,5244,10,502105,498102
2022-11-24,ID,2022-11-17,2022-11-23,504770,1424,5249,5,503346,499521
2022-12-01,ID,2022-11-24,2022-11-30,506232,1462,5265,16,504770,500967
2022-12-08,ID,2022-12-01,2022-12-07,507870,1638,5277,12,506232,502593
2022-12-15,ID,2022-12-08,2022-12-14,509199,1329,5284,7,507870,503915
2022-12-22,ID,2022-12-15,2022-12-21,510535,1336,5299,15,509199,505236
2022-12-29,ID,2022-12-22,2022-12-28,511601,1066,5312,13,510535,506289
2023-01-05,ID,2022-12-29,2023-01-04,512725,1124,5316,4,511601,507409
2023-01-12,ID,2023-01-05,2023-01-11,513667,942,5334,18,512725,508333
2023-01-19,ID,2023-01-12,2023-01-18,514325,658,5341,7,513667,508984
2023-01-26,ID,2023-01-19,2023-01-25,515002,677,5354,13,514325,509648
2023-02-02,ID,2023-01-26,2023-02-01,515706,704,5370,16,515002,510336
2023-02-09,ID,2023-02-02,2023-02-08,516578,872,5375,5,515706,511203
2023-02-16,ID,2023-02-09,2023-02-15,517540,962,5386,11,516578,512154
2023-02-23,ID,2023-02-16,2023-02-22,518431,891,5390,4,517540,513041
2023-03-02,ID,2023-02-23,2023-03-01,519817,1386,5396,6,518431,514421
2023-03-09,ID,2023-03-02,2023-03-08,521119,1302,5412,16,519817,515707
2023-03-16,ID,2023-03-09,2023-03-15,522088,969,5419,7,521119,516669
2023-03-23,ID,2023-03-16,2023-03-22,522818,730,5438,19,522088,517380
2023-03-30,ID,2023-03-23,2023-03-29,523460,642,5452,14,522818,518008
2023-04-06,ID,2023-03-30,2023-04-05,524068,608,5459,7,523460,518609
2023-04-13,ID,2023-04-06,2023-04-12,524643,575,5459,0,524068,519184
2023-04-20,ID,2023-04-13,2023-04-19,525039,396,5465,6,524643,519574
2023-04-27,ID,2023-04-20,2023-04-26,525470,431,5472,7,525039,519998
2023-05-04,ID,2023-04-27,2023-05-03,525825,355,5478,6,525470,520347
2023-05-11,ID,2023-05-04,2023-05-10,526118,293,5479,1,525825,520639
2020-01-23,IL,2020-01-16,2020-01-22,0,0,0,0,0,0
2020-01-30,IL,2020-01-23,2020-01-29,1,1,0,0,0,1
2020-02-06,IL,2020-01-30,2020-02-05,2,1,0,0,1,2
2020-02-13,IL,2020-02-06,2020-02-12,2,0,0,0,2,2
2020-02-20,IL,2020-02-13,2020-02-19,2,0,0,0,2,2
2020-02-27,IL,2020-02-20,2020-02-26,2,0,0,0,2,2
2020-03-05,IL,2020-02-27,2020-03-04,4,2,0,0,2,4
2020-03-12,IL,2020-03-05,2020-03-11,25,21,0,0,4,25
2020-03-19,IL,2020-03-12,2020-03-18,273,248,1,1,25,272
2020-03-26,IL,2020-03-19,2020-03-25,1864,1591,19,18,273,1845
2020-04-02,IL,2020-03-26,2020-04-01,6982,5118,141,122,1864,6841
2020-04-09,IL,2020-04-02,2020-04-08,15085,8103,462,321,6982,14623
2020-04-16,IL,2020-04-09,2020-04-15,24595,9510,949,487,15085,23646
2020-04-23,IL,2020-04-16,2020-04-22,35113,10518,1565,616,24595,33548
2020-04-30,IL,2020-04-23,2020-04-29,50356,15243,2214,649,35113,48142
2020-05-07,IL,2020-04-30,2020-05-06,68231,17875,2974,760,50356,65257
2020-05-14,IL,2020-05-07,2020-05-13,84689,16458,3791,817,68231,80898
2020-05-21,IL,2020-05-14,2020-05-20,100418,15729,4524,733,84689,95894
2020-05-28,IL,2020-05-21,2020-05-27,114312,13894,5082,558,100418,109230
2020-06-04,IL,2020-05-28,2020-06-03,123823,9511,5620,538,114312,118203
2020-06-11,IL,2020-06-04,2020-06-10,129833,6010,6094,474,123823,123739
2020-06-18,IL,2020-06-11,2020-06-17,134184,4351,6484,390,129833,127700
2020-06-25,IL,2020-06-18,2020-06-24,138540,4356,6767,283,134184,131773
2020-07-02,IL,2020-06-25,2020-07-01,144010,5470,6949,182,138540,137061
2020-07-09,IL,2020-07-02,2020-07-08,150548,6538,7306,357,144010,143242
2020-07-16,IL,2020-07-09,2020-07-15,157813,7265,7425,119,150548,150388
2020-07-23,IL,2020-07-16,2020-07-22,166481,8668,7539,114,157813,158942
2020-07-30,IL,2020-07-23,2020-07-29,176364,9883,7654,115,166481,168710
2020-08-06,IL,2020-07-30,2020-08-05,187754,11390,7770,116,176364,179984
2020-08-13,IL,2020-08-06,2020-08-12,199918,12164,7880,110,187754,192038
2020-08-20,IL,2020-08-13,2020-08-19,213223,13305,8017,137,199918,205206
2020-08-27,IL,2020-08-20,2020-08-26,227047,13824,8163,146,213223,218884
2020-09-03,IL,2020-08-27,2020-09-02,240344,13297,8300,137,227047,232044
2020-09-10,IL,2020-09-03,2020-09-09,255614,15270,8433,133,240344,247181
2020-09-17,IL,2020-09-10,2020-09-16,268238,12624,8599,166,255614,259639
2020-09-24,IL,2020-09-17,2020-09-23,281303,13065,8744,145,268238,272559
2020-10-01,IL,2020-09-24,2020-09-30,295723,14420,8915,171,281303,286808
2020-10-08,IL,2020-10-01,2020-10-07,310337,14614,9126,211,295723,301211
2020-10-15,IL,2020-10-08,2020-10-14,330637,20300,9320,194,310337,321317
2020-10-22,IL,2020-10-15,2020-10-21,358800,28163,9603,283,330637,349197
2020-10-29,IL,2020-10-22,2020-10-28,393800,35000,9888,285,358800,383912
2020-11-05,IL,2020-10-29,2020-11-04,443803,50003,10217,329,393800,433586
2020-11-12,IL,2020-11-05,2020-11-11,523840,80037,10798,581,443803,513042
2020-11-19,IL,2020-11-12,2020-11-18,606771,82931,11470,672,523840,595301
2020-11-26,IL,2020-11-19,2020-11-25,685467,78696,12439,969,606771,673028
2020-12-03,IL,2020-11-26,2020-12-02,748603,63136,13397,958,685467,735206
2020-12-10,IL,2020-12-03,2020-12-09,812431,63828,14614,1217,748603,797817
2020-12-17,IL,2020-12-10,2020-12-16,870601,58170,15777,1163,812431,854824
2020-12-24,IL,2020-12-17,2020-12-23,918066,47465,16841,1064,870601,901225
2020-12-31,IL,2020-12-24,2020-12-30,955381,37315,17810,969,918066,937571
2021-01-07,IL,2020-12-31,2021-01-06,999288,43907,18735,925,955381,980553
2021-01-14,IL,2021-01-07,2021-01-13,1046030,46742,19618,883,999288,1026412
2021-01-21,IL,2021-01-14,2021-01-20,1081360,35330,20285,667,1046030,1061075
2021-01-28,IL,2021-01-21,2021-01-27,1112186,30826,20950,665,1081360,1091236
2021-02-04,IL,2021-01-28,2021-02-03,1134231,22045,21418,468,1112186,1112813
2021-02-11,IL,2021-02-04,2021-02-10,1152995,18764,21866,448,1134231,1131129
2021-02-18,IL,2021-02-11,2021-02-17,1166713,13718,22225,359,1152995,1144488
2021-02-25,IL,2021-02-18,2021-02-24,1179343,12630,22575,350,1166713,1156768
2021-03-04,IL,2021-02-25,2021-03-03,1191518,12175,22852,277,1179343,1168666
2021-03-11,IL,2021-03-04,2021-03-10,1202709,11191,23069,217,1191518,1179640
2021-03-18,IL,2021-03-11,2021-03-17,1213766,11057,23255,186,1202709,1190511
2021-03-25,IL,2021-03-18,2021-03-24,1227704,13938,23408,153,1213766,1204296
2021-04-01,IL,2021-03-25,2021-03-31,1244587,16883,23576,168,1227704,1221011
2021-04-08,IL,2021-04-01,2021-04-07,1265459,20872,23700,124,1244587,1241759
2021-04-15,IL,2021-04-08,2021-04-14,1288935,23476,23864,164,1265459,1265071
2021-04-22,IL,2021-04-15,2021-04-21,1309552,20617,24016,152,1288935,1285536
2021-04-29,IL,2021-04-22,2021-04-28,1328455,18903,24209,193,1309552,1304246
2021-05-06,IL,2021-04-29,2021-05-05,1346396,17941,24440,231,1328455,1321956
2021-05-13,IL,2021-05-06,2021-05-12,1359747,13351,24636,196,1346396,1335111
2021-05-20,IL,2021-05-13,2021-05-19,1370338,10591,24861,225,1359747,1345477
2021-05-27,IL,2021-05-20,2021-05-26,1378392,8054,25056,195,1370338,1353336
2021-06-03,IL,2021-05-27,2021-06-02,1383056,4664,25240,184,1378392,1357816
2021-06-10,IL,2021-06-03,2021-06-09,1386252,3196,25412,172,1383056,1360840
2021-06-17,IL,2021-06-10,2021-06-16,1388311,2059,25531,119,1386252,1362780
2021-06-24,IL,2021-06-17,2021-06-23,1389882,1571,25606,75,1388311,1364276
2021-07-01,IL,2021-06-24,2021-06-30,1391743,1861,25673,67,1389882,1366070
2021-07-08,IL,2021-07-01,2021-07-07,1394240,2497,25733,60,1391743,1368507
2021-07-15,IL,2021-07-08,2021-07-14,1398413,4173,25800,67,1394240,1372613
2021-07-22,IL,2021-07-15,2021-07-21,1404469,6056,25853,53,1398413,1378616
2021-07-29,IL,2021-07-22,2021-07-28,1415573,11104,25892,39,1404469,1389681
2021-08-05,IL,2021-07-29,2021-08-04,1430265,14692,25959,67,1415573,1404306
2021-08-12,IL,2021-08-05,2021-08-11,1451094,20829,26047,88,1430265,1425047
2021-08-19,IL,2021-08-12,2021-08-18,1474285,23191,26183,136,1451094,1448102
2021-08-26,IL,2021-08-19,2021-08-25,1499022,24737,26336,153,1474285,1472686
2021-09-02,IL,2021-08-26,2021-09-01,1528120,29098,26536,200,1499022,1501584
2021-09-09,IL,2021-09-02,2021-09-08,1554336,26216,26770,234,1528120,1527566
2021-09-16,IL,2021-09-09,2021-09-15,1582392,28056,27062,292,1554336,1555330
2021-09-23,IL,2021-09-16,2021-09-22,1605320,22928,27352,290,1582392,1577968
2021-09-30,IL,2021-09-23,2021-09-29,1624164,18844,27620,268,1605320,1596544
2021-10-07,IL,2021-09-30,2021-10-06,1643993,19829,27878,258,1624164,1616115
2021-10-14,IL,2021-10-07,2021-10-13,1660884,16891,28089,211,1643993,1632795
2021-10-21,IL,2021-10-14,2021-10-20,1675794,14910,28344,255,1660884,1647450
2021-10-28,IL,2021-10-21,2021-10-27,1690273,14479,28550,206,1675794,1661723
2021-11-04,IL,2021-10-28,2021-11-03,1705782,15509,28771,221,1690273,1677011
2021-11-11,IL,2021-11-04,2021-11-10,1727634,21852,28929,158,1705782,1698705
2021-11-18,IL,2021-11-11,2021-11-17,1752502,24868,29083,154,1727634,1723419
2021-11-25,IL,2021-11-18,2021-11-24,1784900,32398,29258,175,1752502,1755642
2021-12-02,IL,2021-11-25,2021-12-01,1815994,31094,29432,174,1784900,1786562
2021-12-09,IL,2021-12-02,2021-12-08,1867912,51918,29734,302,1815994,1838178
2021-12-16,IL,2021-12-09,2021-12-15,1921434,53522,30076,342,1867912,1891358
2021-12-23,IL,2021-12-16,2021-12-22,2002360,80926,30482,406,1921434,1971878
2021-12-30,IL,2021-12-23,2021-12-29,2119162,116802,30908,426,2002360,2088254
2022-01-06,IL,2021-12-30,2022-01-05,2295445,176283,31416,508,2119162,2264029
2022-01-13,IL,2022-01-06,2022-01-12,2522953,227508,32187,771,2295445,2490766
2022-01-20,IL,2022-01-13,2022-01-19,2709474,186521,33052,865,2522953,2676422
2022-01-27,IL,2022-01-20,2022-01-26,2867299,157825,34131,1079,2709474,2833168
2022-02-03,IL,2022-01-27,2022-02-02,2939099,71800,34965,834,2867299,2904134
2022-02-10,IL,2022-02-03,2022-02-09,2982076,42977,35598,633,2939099,2946478
2022-02-17,IL,2022-02-10,2022-02-16,3007921,25845,36194,596,2982076,2971727
2022-02-24,IL,2022-02-17,2022-02-23,3022577,14656,36608,414,3007921,2985969
2022-03-03,IL,2022-02-24,2022-03-02,3034631,12054,37006,398,3022577,2997625
2022-03-10,IL,2022-03-03,2022-03-09,3042445,7814,37211,205,3034631,3005234
2022-03-17,IL,2022-03-10,2022-03-16,3050569,8124,37415,204,3042445,3013154
2022-03-24,IL,2022-03-17,2022-03-23,3058129,7560,37551,136,3050569,3020578
2022-03-31,IL,2022-03-24,2022-03-30,3066583,8454,37644,93,3058129,3028939
2022-04-07,IL,2022-03-31,2022-04-06,3076574,9991,37738,94,3066583,3038836
2022-04-14,IL,2022-04-07,2022-04-13,3088682,12108,37800,62,3076574,3050882
2022-04-21,IL,2022-04-14,2022-04-20,3106609,17927,37840,40,3088682,3068769
2022-04-28,IL,2022-04-21,2022-04-27,3128136,21527,37881,41,3106609,3090255
2022-05-05,IL,2022-04-28,2022-05-04,3157453,29317,37934,53,3128136,3119519
2022-05-12,IL,2022-05-05,2022-05-11,3195246,37793,37994,60,3157453,3157252
2022-05-19,IL,2022-05-12,2022-05-18,3237289,42043,38041,47,3195246,3199248
2022-05-26,IL,2022-05-19,2022-05-25,3274357,37068,38114,73,3237289,3236243
2022-06-02,IL,2022-05-26,2022-06-01,3306763,32406,38161,47,3274357,3268602
2022-06-09,IL,2022-06-02,2022-06-08,3342542,35779,38270,109,3306763,3304272
2022-06-16,IL,2022-06-09,2022-06-15,3371262,28720,38368,98,3342542,3332894
2022-06-23,IL,2022-06-16,2022-06-22,3398128,26866,38462,94,3371262,3359666
2022-06-30,IL,2022-06-23,2022-06-29,3425979,27851,38569,107,3398128,3387410
2022-07-07,IL,2022-06-30,2022-07-06,3451749,25770,38633,64,3425979,3413116
2022-07-14,IL,2022-07-07,2022-07-13,3486089,34340,38707,74,3451749,3447382
2022-07-21,IL,2022-07-14,2022-07-20,3516370,30281,38785,78,3486089,3477585
2022-07-28,IL,2022-07-21,2022-07-27,3550590,34220,38846,61,3516370,3511744
2022-08-04,IL,2022-07-28,2022-08-03,3584009,33419,38923,77,3550590,3545086
2022-08-11,IL,2022-08-04,2022-08-10,3611415,27406,39059,136,3584009,3572356
2022-08-18,IL,2022-08-11,2022-08-17,3636062,24647,39145,86,3611415,3596917
2022-08-25,IL,2022-08-18,2022-08-24,3661342,25280,39235,90,3636062,3622107
2022-09-01,IL,2022-08-25,2022-08-31,3687549,26207,39328,93,3661342,3648221
2022-09-08,IL,2022-09-01,2022-09-07,3708917,21368,39406,78,3687549,3669511
2022-09-15,IL,2022-09-08,2022-09-14,3728300,19383,39496,90,3708917,3688804
2022-09-22,IL,2022-09-15,2022-09-21,3743789,15489,39597,101,3728300,3704192
2022-09-29,IL,2022-09-22,2022-09-28,3758295,14506,39664,67,3743789,3718631
2022-10-06,IL,2022-09-29,2022-10-05,3769280,10985,39743,79,3758295,3729537
2022-10-13,IL,2022-10-06,2022-10-12,3779983,10703,39800,57,3769280,3740183
2022-10-20,IL,2022-10-13,2022-10-19,3790174,10191,39873,73,3779983,3750301
2022-10-27,IL,2022-10-20,2022-10-26,3804664,14490,39944,71,3790174,3764720
2022-11-03,IL,2022-10-27,2022-11-02,3818330,13666,40027,83,3804664,3778303
2022-11-10,IL,2022-11-03,2022-11-09,3832738,14408,40078,51,3818330,3792660
2022-11-17,IL,2022-11-10,2022-11-16,3845952,13214,40169,91,3832738,3805783
2022-11-24,IL,2022-11-17,2022-11-23,3860866,14914,40241,72,3845952,3820625
2022-12-01,IL,2022-11-24,2022-11-30,3877441,16575,40296,55,3860866,3837145
2022-12-08,IL,2022-12-01,2022-12-07,3900000,22559,40378,82,3877441,3859622
2022-12-15,IL,2022-12-08,2022-12-14,3922622,22622,40458,80,3900000,3882164
2022-12-22,IL,2022-12-15,2022-12-21,3946917,24295,40559,101,3922622,3906358
2022-12-29,IL,2022-12-22,2022-12-28,3963196,16279,40631,72,3946917,3922565
2023-01-05,IL,2022-12-29,2023-01-04,3980564,17368,40733,102,3963196,3939831
2023-01-12,IL,2023-01-05,2023-01-11,3997877,17313,40880,147,3980564,3956997
2023-01-19,IL,2023-01-12,2023-01-18,4008844,10967,40975,95,3997877,3967869
2023-01-26,IL,2023-01-19,2023-01-25,4019767,10923,41085,110,4008844,3978682
2023-02-02,IL,2023-01-26,2023-02-01,4029905,10138,41178,93,4019767,3988727
2023-02-09,IL,2023-02-02,2023-02-08,4040139,10234,41258,80,4029905,3998881
2023-02-16,IL,2023-02-09,2023-02-15,4050951,10812,41334,76,4040139,4009617
2023-02-23,IL,2023-02-16,2023-02-22,4062200,11249,41379,45,4050951,4020821
2023-03-02,IL,2023-02-23,2023-03-01,4072972,10772,41443,64,4062200,4031529
2023-03-09,IL,2023-03-02,2023-03-08,4083291,10319,41496,53,4072972,4041795
2023-03-16,IL,2023-03-09,2023-03-15,4092258,8967,41573,77,4083291,4050685
2023-03-23,IL,2023-03-16,2023-03-22,4100818,8560,41618,45,4092258,4059200
2023-03-30,IL,2023-03-23,2023-03-29,4108995,8177,41697,79,4100818,4067298
2023-04-06,IL,2023-03-30,2023-04-05,4116279,7284,41757,60,4108995,4074522
2023-04-13,IL,2023-04-06,2023-04-12,4122046,5767,41805,48,4116279,4080241
2023-04-20,IL,2023-04-13,2023-04-19,4127624,5578,41866,61,4122046,4085758
2023-04-27,IL,2023-04-20,2023-04-26,4131816,4192,41970,60,4127624,4089846
2023-05-04,IL,2023-04-27,2023-05-03,4135808,3992,42005,35,4131816,4093803
2023-05-11,IL,2023-05-04,2023-05-10,4136659,851,42005,0,4135808,4094654
2020-01-23,IN,2020-01-16,2020-01-22,0,0,0,0,0,0
2020-01-30,IN,2020-01-23,2020-01-29,0,0,0,0,0,0
2020-02-06,IN,2020-01-30,2020-02-05,0,0,0,0,0,0
2020-02-13,IN,2020-02-06,2020-02-12,0,0,0,0,0,0
2020-02-20,IN,2020-02-13,2020-02-19,0,0,0,0,0,0
2020-02-27,IN,2020-02-20,2020-02-26,0,0,0,0,0,0
2020-03-05,IN,2020-02-27,2020-03-04,0,0,0,0,0,0
2020-03-12,IN,2020-03-05,2020-03-11,11,11,0,0,0,11
2020-03-19,IN,2020-03-12,2020-03-18,38,27,4,4,11,34
2020-03-26,IN,2020-03-19,2020-03-25,479,441,34,30,38,445
2020-04-02,IN,2020-03-26,2020-04-01,2563,2084,134,100,479,2429
2020-04-09,IN,2020-04-02,2020-04-08,5946,3383,338,204,2563,5608
2020-04-16,IN,2020-04-09,2020-04-15,8950,3004,567,229,5946,8383
2020-04-23,IN,2020-04-16,2020-04-22,12444,3494,837,270,8950,11607
2020-04-30,IN,2020-04-23,2020-04-29,17171,4727,1115,278,12444,16056
2020-05-07,IN,2020-04-30,2020-05-06,21870,4699,1421,306,17171,20449
2020-05-14,IN,2020-05-07,2020-05-13,25479,3609,1637,216,21870,23842
2020-05-21,IN,2020-05-14,2020-05-20,29277,3798,1878,241,25479,27399
2020-05-28,IN,2020-05-21,2020-05-27,32433,3156,2033,155,29277,30400
2020-06-04,IN,2020-05-28,2020-06-03,35713,3280,2177,144,32433,33536
2020-06-11,IN,2020-06-04,2020-06-10,38338,2625,2307,130,35713,36031
2020-06-18,IN,2020-06-11,2020-06-17,40990,2652,2418,111,38338,38572
2020-06-25,IN,2020-06-18,2020-06-24,43138,2148,2504,86,40990,40634
2020-07-02,IN,2020-06-25,2020-07-01,45951,2813,2581,77,43138,43370
2020-07-09,IN,2020-07-02,2020-07-08,49070,3119,2652,71,45951,46418
2020-07-16,IN,2020-07-09,2020-07-15,53361,4291,2720,68,49070,50641
2020-07-23,IN,2020-07-16,2020-07-22,58677,5316,2793,73,53361,55884
2020-07-30,IN,2020-07-23,2020-07-29,64296,5619,2864,71,58677,61432
2020-08-06,IN,2020-07-30,2020-08-05,69966,5670,2929,65,64296,67037
2020-08-13,IN,2020-08-06,2020-08-12,76528,6562,3021,92,69966,73507
2020-08-20,IN,2020-08-13,2020-08-19,82335,5807,3124,103,76528,79211
2020-08-27,IN,2020-08-20,2020-08-26,89362,7027,3202,78,82335,86160
2020-09-03,IN,2020-08-27,2020-09-02,95753,6391,3278,76,89362,92475
2020-09-10,IN,2020-09-03,2020-09-09,101487,5734,3362,84,95753,98125
2020-09-17,IN,2020-09-10,2020-09-16,107814,6327,3441,79,101487,104373
2020-09-24,IN,2020-09-17,2020-09-23,113335,5521,3531,90,107814,109804
2020-10-01,IN,2020-09-24,2020-09-30,120022,6687,3643,112,113335,116379
2020-10-08,IN,2020-10-01,2020-10-07,128239,8217,3764,121,120022,124475
2020-10-15,IN,2020-10-08,2020-10-14,139269,11030,3923,159,128239,135346
2020-10-22,IN,2020-10-15,2020-10-21,152396,13127,4143,220,139269,148253
2020-10-29,IN,2020-10-22,2020-10-28,169112,16716,4382,239,152396,164730
2020-11-05,IN,2020-10-29,2020-11-04,191764,22652,4680,298,169112,187084
2020-11-12,IN,2020-11-05,2020-11-11,224374,32610,5051,371,191764,219323
2020-11-19,IN,2020-11-12,2020-11-18,268222,43848,5480,429,224374,262742
2020-11-26,IN,2020-11-19,2020-11-25,312521,44299,6021,541,268222,306500
2020-12-03,IN,2020-11-26,2020-12-02,350974,38453,6617,596,312521,344357
2020-12-10,IN,2020-12-03,2020-12-09,398417,47443,7289,672,350974,391128
2020-12-17,IN,2020-12-10,2020-12-16,440850,42433,7980,691,398417,432870
2020-12-24,IN,2020-12-17,2020-12-23,476538,35688,8658,678,440850,467880
2020-12-31,IN,2020-12-24,2020-12-30,505020,28482,9314,656,476538,495706
2021-01-07,IN,2020-12-31,2021-01-06,539229,34209,9883,569,505020,529346
2021-01-14,IN,2021-01-07,2021-01-13,574119,34890,10334,451,539229,563785
2021-01-21,IN,2021-01-14,2021-01-20,598313,24194,10785,451,574119,587528
2021-01-28,IN,2021-01-21,2021-01-27,617176,18863,11137,352,598313,606039
2021-02-04,IN,2021-01-28,2021-02-03,631333,14157,11403,266,617176,619930
2021-02-11,IN,2021-02-04,2021-02-10,643305,11972,12000,597,631333,631305
2021-02-18,IN,2021-02-11,2021-02-17,651453,8148,12248,248,643305,639205
2021-02-25,IN,2021-02-18,2021-02-24,658045,6592,12467,219,651453,645578
2021-03-04,IN,2021-02-25,2021-03-03,663511,5466,12633,166,658045,650878
2021-03-11,IN,2021-03-04,2021-03-10,669165,5654,12777,144,663511,656388
2021-03-18,IN,2021-03-11,2021-03-17,674434,5269,12890,113,669165,661544
2021-03-25,IN,2021-03-18,2021-03-24,680041,5607,12973,83,674434,667068
2021-04-01,IN,2021-03-25,2021-03-31,686493,6452,13038,65,680041,673455
2021-04-08,IN,2021-04-01,2021-04-07,693453,6960,13098,60,686493,680355
2021-04-15,IN,2021-04-08,2021-04-14,701972,8519,13186,88,693453,688786
2021-04-22,IN,2021-04-15,2021-04-21,710611,8639,13246,60,701972,697365
2021-04-29,IN,2021-04-22,2021-04-28,717563,6952,13311,65,710611,704252
2021-05-06,IN,2021-04-29,2021-05-05,725359,7796,13373,62,717563,711986
2021-05-13,IN,2021-05-06,2021-05-12,731810,6451,13444,71,725359,718366
2021-05-20,IN,2021-05-13,2021-05-19,737282,5472,13518,74,731810,723764
2021-05-27,IN,2021-05-20,2021-05-26,741699,4417,13571,53,737282,728128
2021-06-03,IN,2021-05-27,2021-06-02,744479,2780,13636,65,741699,730843
2021-06-10,IN,2021-06-03,2021-06-09,747802,3323,13705,69,744479,734097
2021-06-17,IN,2021-06-10,2021-06-16,750168,2366,13761,56,747802,736407
2021-06-24,IN,2021-06-17,2021-06-23,752110,1942,13811,50,750168,738299
2021-07-01,IN,2021-06-24,2021-06-30,753928,1818,13848,37,752110,740080
2021-07-08,IN,2021-07-01,2021-07-07,756078,2150,13892,44,753928,742186
2021-07-15,IN,2021-07-08,2021-07-14,759061,2983,13937,45,756078,745124
2021-07-22,IN,2021-07-15,2021-07-21,762837,3776,13961,24,759061,748876
2021-07-29,IN,2021-07-22,2021-07-28,768625,5788,13993,32,762837,754632
2021-08-05,IN,2021-07-29,2021-08-04,777424,8799,14039,46,768625,763385
2021-08-12,IN,2021-08-05,2021-08-11,790926,13502,14110,71,777424,776816
2021-08-19,IN,2021-08-12,2021-08-18,809545,18619,14198,88,790926,795347
2021-08-26,IN,2021-08-19,2021-08-25,833968,24423,14340,142,809545,819628
2021-09-02,IN,2021-08-26,2021-09-01,862935,28967,14520,180,833968,848415
2021-09-09,IN,2021-09-02,2021-09-08,889249,26314,14709,189,862935,874540
2021-09-16,IN,2021-09-09,2021-09-15,918690,29441,15011,302,889249,903679
2021-09-23,IN,2021-09-16,2021-09-22,942129,23439,15316,305,918690,926813
2021-09-30,IN,2021-09-23,2021-09-29,961004,18875,15624,308,942129,945380
2021-10-07,IN,2021-09-30,2021-10-06,978751,17747,15918,294,961004,962833
2021-10-14,IN,2021-10-07,2021-10-13,993998,15247,16140,222,978751,977858
2021-10-21,IN,2021-10-14,2021-10-20,1006504,12506,16422,282,993998,990082
2021-10-28,IN,2021-10-21,2021-10-27,1017792,11288,16638,216,1006504,1001154
2021-11-04,IN,2021-10-28,2021-11-03,1029339,11547,16838,200,1017792,1012501
2021-11-11,IN,2021-11-04,2021-11-10,1043598,14259,16994,156,1029339,1026604
2021-11-18,IN,2021-11-11,2021-11-17,1061791,18193,17191,197,1043598,1044600
2021-11-25,IN,2021-11-18,2021-11-24,1084488,22697,17386,195,1061791,1067102
2021-12-02,IN,2021-11-25,2021-12-01,1107189,22701,17621,235,1084488,1089568
2021-12-09,IN,2021-12-02,2021-12-08,1140151,32962,17909,288,1107189,1122242
2021-12-16,IN,2021-12-09,2021-12-15,1170955,30804,18272,363,1140151,1152683
2021-12-23,IN,2021-12-16,2021-12-22,1200926,29971,18696,424,1170955,1182230
2021-12-30,IN,2021-12-23,2021-12-29,1234919,33993,18988,292,1200926,1215931
2022-01-06,IN,2021-12-30,2022-01-05,1299480,64561,19296,308,1234919,1280184
2022-01-13,IN,2022-01-06,2022-01-12,1393574,94094,20035,739,1299480,1373539
2022-01-20,IN,2022-01-13,2022-01-19,1490503,96929,20503,468,1393574,1470000
2022-01-27,IN,2022-01-20,2022-01-26,1574807,84304,21056,553,1490503,1553751
2022-02-03,IN,2022-01-27,2022-02-02,1636022,61215,21598,542,1574807,1614424
2022-02-10,IN,2022-02-03,2022-02-09,1655128,19106,21911,313,1636022,1633217
2022-02-17,IN,2022-02-10,2022-02-16,1671299,16171,22377,466,1655128,1648922
2022-02-24,IN,2022-02-17,2022-02-23,1678628,7329,22693,316,1671299,1655935
2022-03-03,IN,2022-02-24,2022-03-02,1682665,4037,22928,235,1678628,1659737
2022-03-10,IN,2022-03-03,2022-03-09,1685994,3329,23115,187,1682665,1662879
2022-03-17,IN,2022-03-10,2022-03-16,1687916,1922,23229,114,1685994,1664687
2022-03-24,IN,2022-03-17,2022-03-23,1689662,1746,23333,104,1687916,1666329
2022-03-31,IN,2022-03-24,2022-03-30,1691043,1381,23403,70,1689662,1667640
2022-04-07,IN,2022-03-31,2022-04-06,1692243,1200,23458,55,1691043,1668785
2022-04-14,IN,2022-04-07,2022-04-13,1693565,1322,23507,49,1692243,1670058
2022-04-21,IN,2022-04-14,2022-04-20,1695736,2171,23532,25,1693565,1672204
2022-04-28,IN,2022-04-21,2022-04-27,1700770,5034,23565,33,1695736,1677205
2022-05-05,IN,2022-04-28,2022-05-04,1705385,4615,23587,22,1700770,1681798
2022-05-12,IN,2022-05-05,2022-05-11,1711273,5888,23628,41,1705385,1687645
2022-05-19,IN,2022-05-12,2022-05-18,1718495,7222,23660,32,1711273,1694835
2022-05-26,IN,2022-05-19,2022-05-25,1727818,9323,23688,28,1718495,1704130
2022-06-02,IN,2022-05-26,2022-06-01,1735571,7753,23710,22,1727818,1711861
2022-06-09,IN,2022-06-02,2022-06-08,1745120,9549,23767,57,1735571,1721353
2022-06-16,IN,2022-06-09,2022-06-15,1753106,7986,23802,35,1745120,1729304
2022-06-23,IN,2022-06-16,2022-06-22,1762056,8950,23841,39,1753106,1738215
2022-06-30,IN,2022-06-23,2022-06-29,1772183,10127,23877,36,1762056,1748306
2022-07-07,IN,2022-06-30,2022-07-06,1782265,10082,23899,22,1772183,1758366
2022-07-14,IN,2022-07-07,2022-07-13,1794607,12342,23981,82,1782265,1770626
2022-07-21,IN,2022-07-14,2022-07-20,1807443,12836,24028,47,1794607,1783415
2022-07-28,IN,2022-07-21,2022-07-27,1823296,15853,24085,57,1807443,1799211
2022-08-04,IN,2022-07-28,2022-08-03,1837688,14392,24153,68,1823296,1813535
2022-08-11,IN,2022-08-04,2022-08-10,1854031,16343,24222,69,1837688,1829809
2022-08-18,IN,2022-08-11,2022-08-17,1867509,13478,24311,89,1854031,1843198
2022-08-25,IN,2022-08-18,2022-08-24,1882527,15018,24377,66,1867509,1858150
2022-09-01,IN,2022-08-25,2022-08-31,1895799,13272,24452,75,1882527,1871347
2022-09-08,IN,2022-09-01,2022-09-07,1905229,9430,24504,52,1895799,1880725
2022-09-15,IN,2022-09-08,2022-09-14,1912563,7334,24580,76,1905229,1887983
2022-09-22,IN,2022-09-15,2022-09-21,1917862,5299,24640,60,1912563,1893222
2022-09-29,IN,2022-09-22,2022-09-28,1921993,4131,24707,67,1917862,1897286
2022-10-06,IN,2022-09-29,2022-10-05,1925645,3652,24746,39,1921993,1900899
2022-10-13,IN,2022-10-06,2022-10-12,1925645,0,24746,0,1925645,1900899
2022-10-20,IN,2022-10-13,2022-10-19,1933102,7457,24862,116,1925645,1908240
2022-10-27,IN,2022-10-20,2022-10-26,1937565,4463,24899,37,1933102,1912666
2022-11-03,IN,2022-10-27,2022-11-02,1942708,5143,24950,51,1937565,1917758
2022-11-10,IN,2022-11-03,2022-11-09,1948019,5311,25013,63,1942708,1923006
2022-11-17,IN,2022-11-10,2022-11-16,1953497,5478,25079,66,1948019,1928418
2022-11-24,IN,2022-11-17,2022-11-23,1959421,5924,25138,59,1953497,1934283
2022-12-01,IN,2022-11-24,2022-11-30,1965757,6336,25164,26,1959421,1940593
2022-12-08,IN,2022-12-01,2022-12-07,1977292,11535,25230,66,1965757,1952062
2022-12-15,IN,2022-12-08,2022-12-14,1987017,9725,25303,73,1977292,1961714
2022-12-22,IN,2022-12-15,2022-12-21,1996253,9236,25386,83,1987017,1970867
2022-12-29,IN,2022-12-22,2022-12-28,2002760,6507,25469,83,1996253,1977291
2023-01-05,IN,2022-12-29,2023-01-04,2011911,9151,25558,89,2002760,1986353
2023-01-12,IN,2023-01-05,2023-01-11,2017978,6067,25722,164,2011911,1992256
2023-01-19,IN,2023-01-12,2023-01-18,2020938,2960,25796,74,2017978,1995142
2023-01-26,IN,2023-01-19,2023-01-25,2024969,4031,25861,65,2020938,1999108
2023-02-02,IN,2023-01-26,2023-02-01,2029459,4490,25901,40,2024969,2003558
2023-02-09,IN,2023-02-02,2023-02-08,2033879,4420,25954,53,2029459,2007925
2023-02-16,IN,2023-02-09,2023-02-15,2038725,4846,25998,44,2033879,2012727
2023-02-23,IN,2023-02-16,2023-02-22,2043069,4344,26045,47,2038725,2017024
2023-03-02,IN,2023-02-23,2023-03-01,2047622,4553,26091,46,2043069,2021531
2023-03-09,IN,2023-03-02,2023-03-08,2051104,3482,26115,24,2047622,2024989
2023-03-16,IN,2023-03-09,2023-03-15,2054533,3429,26179,64,2051104,2028354
2023-03-23,IN,2023-03-16,2023-03-22,2058043,3510,26229,50,2054533,2031814
2023-03-30,IN,2023-03-23,2023-03-29,2060430,2387,26262,33,2058043,2034168
2023-04-06,IN,2023-03-30,2023-04-05,2063114,2684,26307,45,2060430,2036807
2023-04-13,IN,2023-04-06,2023-04-12,2065880,2766,26328,21,2063114,2039552
2023-04-20,IN,2023-04-13,2023-04-19,2068253,2373,26356,28,2065880,2041897
2023-04-27,IN,2023-04-20,2023-04-26,2072430,4177,26392,36,2068253,2046038
2023-05-04,IN,2023-04-27,2023-05-03,2074630,2200,26421,29,2072430,2048209
2023-05-11,IN,2023-05-04,2023-05-10,2076326,1696,26446,25,2074630,2049880
2020-01-23,KS,2020-01-16,2020-01-22,0,0,0,0,0,0
2020-01-30,KS,2020-01-23,2020-01-29,0,0,0,0,0,0
2020-02-06,KS,2020-01-30,2020-02-05,0,0,0,0,0,0
2020-02-13,KS,2020-02-06,2020-02-12,0,0,0,0,0,0
2020-02-20,KS,2020-02-13,2020-02-19,0,0,0,0,0,0
2020-02-27,KS,2020-02-20,2020-02-26,0,0,0,0,0,0
2020-03-05,KS,2020-02-27,2020-03-04,0,0,0,0,0,0
2020-03-12,KS,2020-03-05,2020-03-11,1,1,0,0,0,1
2020-03-19,KS,2020-03-12,2020-03-18,20,19,1,1,1,19
2020-03-26,KS,2020-03-19,2020-03-25,133,113,3,2,20,130
2020-04-02,KS,2020-03-26,2020-04-01,484,351,10,7,133,474
2020-04-09,KS,2020-04-02,2020-04-08,1047,563,36,26,484,1011
2020-04-16,KS,2020-04-09,2020-04-15,1501,454,74,38,1047,1427
2020-04-23,KS,2020-04-16,2020-04-22,2317,816,113,39,1501,2204
2020-04-30,KS,2020-04-23,2020-04-29,3781,1464,136,23,2317,3645
2020-05-07,KS,2020-04-30,2020-05-06,5784,2003,166,30,3781,5618
2020-05-14,KS,2020-05-07,2020-05-13,7400,1616,191,25,5784,7209
2020-05-21,KS,2020-05-14,2020-05-20,8424,1024,208,17,7400,8216
2020-05-28,KS,2020-05-21,2020-05-27,9200,776,217,9,8424,8983
2020-06-04,KS,2020-05-28,2020-06-03,9940,740,228,11,9200,9712
2020-06-11,KS,2020-06-04,2020-06-10,10576,636,241,13,9940,10335
2020-06-18,KS,2020-06-11,2020-06-17,11456,880,249,8,10576,11207
2020-06-25,KS,2020-06-18,2020-06-24,12710,1254,263,14,11456,12447
2020-07-02,KS,2020-06-25,2020-07-01,14576,1866,279,16,12710,14297
2020-07-09,KS,2020-07-02,2020-07-08,17300,2724,292,13,14576,17008
2020-07-16,KS,2020-07-09,2020-07-15,20298,2998,307,15,17300,19991
2020-07-23,KS,2020-07-16,2020-07-22,23430,3132,322,15,20298,23108
2020-07-30,KS,2020-07-23,2020-07-29,26492,3062,353,31,23430,26139
2020-08-06,KS,2020-07-30,2020-08-05,29181,2689,376,23,26492,28805
2020-08-13,KS,2020-08-06,2020-08-12,31987,2806,402,26,29181,31585
2020-08-20,KS,2020-08-13,2020-08-19,35301,3314,429,27,31987,34872
2020-08-27,KS,2020-08-20,2020-08-26,39712,4411,455,26,35301,39257
2020-09-03,KS,2020-08-27,2020-09-02,43658,3946,474,19,39712,43184
2020-09-10,KS,2020-09-03,2020-09-09,47170,3512,513,39,43658,46657
2020-09-17,KS,2020-09-10,2020-09-16,50419,3249,600,87,47170,49819
2020-09-24,KS,2020-09-17,2020-09-23,56309,5890,641,41,50419,55668
2020-10-01,KS,2020-09-24,2020-09-30,60842,4533,699,58,56309,60143
2020-10-08,KS,2020-10-01,2020-10-07,65011,4169,745,46,60842,64266
2020-10-15,KS,2020-10-08,2020-10-14,70310,5299,857,112,65011,69453
2020-10-22,KS,2020-10-15,2020-10-21,75837,5527,968,111,70310,74869
2020-10-29,KS,2020-10-22,2020-10-28,83077,7240,1026,58,75837,82051
2020-11-05,KS,2020-10-29,2020-11-04,93246,10169,1110,84,83077,92136
2020-11-12,KS,2020-11-05,2020-11-11,110151,16905,1238,128,93246,108913
2020-11-19,KS,2020-11-12,2020-11-18,129733,19582,1358,120,110151,128375
2020-11-26,KS,2020-11-19,2020-11-25,149066,19333,1551,193,129733,147515
2020-12-03,KS,2020-11-26,2020-12-02,163674,14608,1729,178,149066,161945
2020-12-10,KS,2020-12-03,2020-12-09,181483,17809,2000,271,163674,179483
2020-12-17,KS,2020-12-10,2020-12-16,196503,15020,2306,306,181483,194197
2020-12-24,KS,2020-12-17,2020-12-23,211623,15120,2559,253,196503,209064
2020-12-31,KS,2020-12-24,2020-12-30,224074,12451,2800,241,211623,221274
2021-01-07,KS,2020-12-31,2021-01-06,238208,14134,3057,257,224074,235151
2021-01-14,KS,2021-01-07,2021-01-13,253194,14986,3404,347,238208,249790
2021-01-21,KS,2021-01-14,2021-01-20,264538,11344,3606,202,253194,260932
2021-01-28,KS,2021-01-21,2021-01-27,273819,9281,3749,143,264538,270070
2021-02-04,KS,2021-01-28,2021-02-03,280287,6468,3922,173,273819,276365
2021-02-11,KS,2021-02-04,2021-02-10,286223,5936,4306,384,280287,281917
2021-02-18,KS,2021-02-11,2021-02-17,290051,3828,4513,207,286223,285538
2021-02-25,KS,2021-02-18,2021-02-24,294139,4088,4684,171,290051,289455
2021-03-04,KS,2021-02-25,2021-03-03,296387,2248,4756,72,294139,291631
2021-03-11,KS,2021-03-04,2021-03-10,298461,2074,4785,29,296387,293676
2021-03-18,KS,2021-03-11,2021-03-17,300003,1542,4819,34,298461,295184
2021-03-25,KS,2021-03-18,2021-03-24,301428,1425,4863,44,300003,296565
2021-04-01,KS,2021-03-25,2021-03-31,302835,1407,4888,25,301428,297947
2021-04-08,KS,2021-04-01,2021-04-07,304223,1388,4906,18,302835,299317
2021-04-15,KS,2021-04-08,2021-04-14,305762,1539,4927,21,304223,300835
2021-04-22,KS,2021-04-15,2021-04-21,307249,1487,4948,21,305762,302301
2021-04-29,KS,2021-04-22,2021-04-28,308853,1604,4974,26,307249,303879
2021-05-06,KS,2021-04-29,2021-05-05,310399,1546,4993,19,308853,305406
2021-05-13,KS,2021-05-06,2021-05-12,311648,1249,5026,33,310399,306622
2021-05-20,KS,2021-05-13,2021-05-19,312861,1213,5048,22,311648,307813
2021-05-27,KS,2021-05-20,2021-05-26,313985,1124,5056,8,312861,308929
2021-06-03,KS,2021-05-27,2021-06-02,314834,849,5073,17,313985,309761
2021-06-10,KS,2021-06-03,2021-06-09,315758,924,5096,23,314834,310662
2021-06-17,KS,2021-06-10,2021-06-16,316562,804,5118,22,315758,311444
2021-06-24,KS,2021-06-17,2021-06-23,317346,784,5133,15,316562,312213
2021-07-01,KS,2021-06-24,2021-06-30,318398,1052,5150,17,317346,313248
2021-07-08,KS,2021-07-01,2021-07-07,319849,1451,5162,12,318398,314687
2021-07-15,KS,2021-07-08,2021-07-14,321431,1582,5184,22,319849,316247
2021-07-22,KS,2021-07-15,2021-07-21,324377,2946,5194,10,321431,319183
2021-07-29,KS,2021-07-22,2021-07-28,329155,4778,5245,51,324377,323910
2021-08-05,KS,2021-07-29,2021-08-04,333501,4346,5270,25,329155,328231
2021-08-12,KS,2021-08-05,2021-08-11,345281,11780,5372,102,333501,339909
2021-08-19,KS,2021-08-12,2021-08-18,352715,7434,5465,93,345281,347250
2021-08-26,KS,2021-08-19,2021-08-25,362666,9951,5544,79,352715,357122
2021-09-02,KS,2021-08-26,2021-09-01,373473,10807,5593,49,362666,367880
2021-09-09,KS,2021-09-02,2021-09-08,383169,9696,5705,112,373473,377464
2021-09-16,KS,2021-09-09,2021-09-15,393973,10804,5812,107,383169,388161
2021-09-23,KS,2021-09-16,2021-09-22,402226,8253,5934,122,393973,396292
2021-09-30,KS,2021-09-23,2021-09-29,409145,6919,6057,123,402226,403088
2021-10-07,KS,2021-09-30,2021-10-06,415681,6536,6116,59,409145,409565
2021-10-14,KS,2021-10-07,2021-10-13,421647,5966,6159,43,415681,415488
2021-10-21,KS,2021-10-14,2021-10-20,427166,5519,6191,32,421647,420975
2021-10-28,KS,2021-10-21,2021-10-27,433016,5850,6353,162,427166,426663
2021-11-04,KS,2021-10-28,2021-11-03,438449,5433,6453,100,433016,431996
2021-11-11,KS,2021-11-04,2021-11-10,445269,6820,6603,150,438449,438666
2021-11-18,KS,2021-11-11,2021-11-17,453089,7820,6628,25,445269,446461
2021-11-25,KS,2021-11-18,2021-11-24,461360,8271,6682,54,453089,454678
2021-12-02,KS,2021-11-25,2021-12-01,470053,8693,6782,100,461360,463271
2021-12-09,KS,2021-12-02,2021-12-08,482475,12422,6816,34,470053,475659
2021-12-16,KS,2021-12-09,2021-12-15,493628,11153,6912,96,482475,486716
2021-12-23,KS,2021-12-16,2021-12-22,505774,12146,6969,57,493628,498805
2021-12-30,KS,2021-12-23,2021-12-29,519887,14113,7022,53,505774,512865
2022-01-06,KS,2021-12-30,2022-01-05,549955,30068,7080,58,519887,542875
2022-01-13,KS,2022-01-06,2022-01-12,581822,31867,7137,57,549955,574685
2022-01-20,KS,2022-01-13,2022-01-19,660970,79148,7310,173,581822,653660
2022-01-27,KS,2022-01-20,2022-01-26,710042,49072,7410,100,660970,702632
2022-02-03,KS,2022-01-27,2022-02-02,739004,28962,7584,174,710042,731420
2022-02-10,KS,2022-02-03,2022-02-09,749075,10071,7729,145,739004,741346
2022-02-17,KS,2022-02-10,2022-02-16,760754,11679,7895,166,749075,752859
2022-02-24,KS,2022-02-17,2022-02-23,764263,3509,7936,41,760754,756327
2022-03-03,KS,2022-02-24,2022-03-02,766856,2593,7982,46,764263,758874
2022-03-10,KS,2022-03-03,2022-03-09,768217,1361,8008,26,766856,760209
2022-03-17,KS,2022-03-10,2022-03-16,769038,821,8100,92,768217,760938
2022-03-24,KS,2022-03-17,2022-03-23,769570,532,8206,106,769038,761364
2022-03-31,KS,2022-03-24,2022-03-30,770062,492,8301,95,769570,761761
2022-04-07,KS,2022-03-31,2022-04-06,770304,242,8403,102,770062,761901
2022-04-14,KS,2022-04-07,2022-04-13,771252,948,8509,106,770304,762743
2022-04-21,KS,2022-04-14,2022-04-20,772526,1274,8527,18,771252,763999
2022-04-28,KS,2022-04-21,2022-04-27,773934,1408,8599,72,772526,765335
2022-05-05,KS,2022-04-28,2022-05-04,775519,1585,8637,38,773934,766882
2022-05-12,KS,2022-05-05,2022-05-11,777396,1877,8691,54,775519,768705
2022-05-19,KS,2022-05-12,2022-05-18,782862,5466,8795,104,777396,774067
2022-05-26,KS,2022-05-19,2022-05-25,785995,3133,8888,93,782862,777107
2022-06-02,KS,2022-05-26,2022-06-01,789212,3217,8894,6,785995,780318
2022-06-09,KS,2022-06-02,2022-06-08,793878,4666,8896,2,789212,784982
2022-06-16,KS,2022-06-09,2022-06-15,797863,3985,8897,1,793878,788966
2022-06-23,KS,2022-06-16,2022-06-22,801966,4103,8905,8,797863,793061
2022-06-30,KS,2022-06-23,2022-06-29,807038,5072,8914,9,801966,798124
2022-07-07,KS,2022-06-30,2022-07-06,812428,5390,8921,7,807038,803507
2022-07-14,KS,2022-07-07,2022-07-13,819822,7394,8925,4,812428,810897
2022-07-21,KS,2022-07-14,2022-07-20,827463,7641,8934,9,819822,818529
2022-07-28,KS,2022-07-21,2022-07-27,834973,7510,8937,3,827463,826036
2022-08-04,KS,2022-07-28,2022-08-03,841688,6715,8938,1,834973,832750
2022-08-11,KS,2022-08-04,2022-08-10,848267,6579,8945,7,841688,839322
2022-08-18,KS,2022-08-11,2022-08-17,853688,5421,8952,7,848267,844736
2022-08-25,KS,2022-08-18,2022-08-24,858783,5095,8965,13,853688,849818
2022-09-01,KS,2022-08-25,2022-08-31,864520,5737,9021,56,858783,855499
2022-09-08,KS,2022-09-01,2022-09-07,869067,4547,9037,16,864520,860030
2022-09-15,KS,2022-09-08,2022-09-14,873069,4002,9078,41,869067,863991
2022-09-22,KS,2022-09-15,2022-09-21,875881,2812,9088,10,873069,866793
2022-09-29,KS,2022-09-22,2022-09-28,878474,2593,9554,-3,875881,868920
2022-10-06,KS,2022-09-29,2022-10-05,880118,1644,9573,19,878474,870545
2022-10-13,KS,2022-10-06,2022-10-12,883065,2947,9590,17,880118,873475
2022-10-20,KS,2022-10-13,2022-10-19,884977,1912,9602,12,883065,875375
2022-10-27,KS,2022-10-20,2022-10-26,887100,2123,9608,6,884977,877492
2022-11-03,KS,2022-10-27,2022-11-02,889485,2385,9622,13,887100,879863
2022-11-10,KS,2022-11-03,2022-11-09,892210,2725,9628,6,889485,882582
2022-11-17,KS,2022-11-10,2022-11-16,894792,2582,9654,26,892210,885138
2022-11-24,KS,2022-11-17,2022-11-23,897862,3070,9659,5,894792,888203
2022-12-01,KS,2022-11-24,2022-11-30,901450,3588,9679,20,897862,891771
2022-12-08,KS,2022-12-01,2022-12-07,905702,4252,9692,13,901450,896010
2022-12-15,KS,2022-12-08,2022-12-14,909830,4128,9702,10,905702,900128
2022-12-22,KS,2022-12-15,2022-12-21,914047,4217,9709,7,909830,904338
2022-12-29,KS,2022-12-22,2022-12-28,916756,2709,9715,6,914047,907041
2023-01-05,KS,2022-12-29,2023-01-04,919598,2842,9753,38,916756,909845
2023-01-12,KS,2023-01-05,2023-01-11,921933,2335,9834,81,919598,912099
2023-01-19,KS,2023-01-12,2023-01-18,923871,1938,9903,69,921933,913968
2023-01-26,KS,2023-01-19,2023-01-25,926022,2151,9944,41,923871,916078
2023-02-02,KS,2023-01-26,2023-02-01,928184,2162,9969,25,926022,918215
2023-02-09,KS,2023-02-02,2023-02-08,930147,1963,9995,26,928184,920152
2023-02-16,KS,2023-02-09,2023-02-15,932204,2057,10029,34,930147,922175
2023-02-23,KS,2023-02-16,2023-02-22,934179,1975,10034,5,932204,924145
2023-03-02,KS,2023-02-23,2023-03-01,936121,1942,10054,20,934179,926067
2023-03-09,KS,2023-03-02,2023-03-08,937868,1747,10066,12,936121,927802
2023-03-16,KS,2023-03-09,2023-03-15,939236,1368,10093,27,937868,929143
2023-03-23,KS,2023-03-16,2023-03-22,940525,1289,10112,19,939236,930413
2023-03-30,KS,2023-03-23,2023-03-29,941744,1219,10135,23,940525,931609
2023-04-06,KS,2023-03-30,2023-04-05,942750,1006,10154,19,941744,932596
2023-04-13,KS,2023-04-06,2023-04-12,943652,902,10167,13,942750,933485
2023-04-20,KS,2023-04-13,2023-04-19,944380,728,10172,5,943652,934208
2023-04-27,KS,2023-04-20,2023-04-26,944952,572,10183,11,944380,934769
2023-05-04,KS,2023-04-27,2023-05-03,945437,485,10196,13,944952,935241
2023-05-11,KS,2023-05-04,2023-05-10,945923,486,10214,18,945437,935709
2020-01-23,KY,2020-01-16,2020-01-22,0,0,0,0,0,0
2020-01-30,KY,2020-01-23,2020-01-29,0,0,0,0,0,0
2020-02-06,KY,2020-01-30,2020-02-05,0,0,0,0,0,0
2020-02-13,KY,2020-02-06,2020-02-12,0,0,0,0,0,0
2020-02-20,KY,2020-02-13,2020-02-19,0,0,0,0,0,0
2020-02-27,KY,2020-02-20,2020-02-26,0,0,0,0,0,0
2020-03-05,KY,2020-02-27,2020-03-04,0,0,0,0,0,0
2020-03-12,KY,2020-03-05,2020-03-11,8,8,0,0,0,8
2020-03-19,KY,2020-03-12,2020-03-18,28,20,1,1,8,27
2020-03-26,KY,2020-03-19,2020-03-25,194,166,5,4,28,189
2020-04-02,KY,2020-03-26,2020-04-01,621,427,18,13,194,603
2020-04-09,KY,2020-04-02,2020-04-08,1149,528,63,45,621,1086
2020-04-16,KY,2020-04-09,2020-04-15,2220,1071,115,52,1149,2105
2020-04-23,KY,2020-04-16,2020-04-22,3373,1153,185,70,2220,3188
2020-04-30,KY,2020-04-23,2020-04-29,4522,1149,234,49,3373,4288
2020-05-07,KY,2020-04-30,2020-05-06,5933,1411,283,49,4522,5650
2020-05-14,KY,2020-05-07,2020-05-13,6851,918,321,38,5933,6530
2020-05-21,KY,2020-05-14,2020-05-20,8172,1321,376,55,6851,7796
2020-05-28,KY,2020-05-21,2020-05-27,9073,901,400,24,8172,8673
2020-06-04,KY,2020-05-28,2020-06-03,10409,1336,450,50,9073,9959
2020-06-11,KY,2020-06-04,2020-06-10,11878,1469,483,33,10409,11395
2020-06-18,KY,2020-06-11,2020-06-17,12991,1113,515,32,11878,12476
2020-06-25,KY,2020-06-18,2020-06-24,14363,1372,536,21,12991,13827
2020-07-02,KY,2020-06-25,2020-07-01,15843,1480,570,34,14363,15273
2020-07-09,KY,2020-07-02,2020-07-08,17920,2077,605,35,15843,17315
2020-07-16,KY,2020-07-09,2020-07-15,20679,2759,642,37,17920,20037
2020-07-23,KY,2020-07-16,2020-07-22,24542,3863,673,31,20679,23869
2020-07-30,KY,2020-07-23,2020-07-29,28723,4181,720,47,24542,28003
2020-08-06,KY,2020-07-30,2020-08-05,32728,4005,748,28,28723,31980
2020-08-13,KY,2020-08-06,2020-08-12,36946,4218,789,41,32728,36157
2020-08-20,KY,2020-08-13,2020-08-19,40927,3981,841,52,36946,40086
2020-08-27,KY,2020-08-20,2020-08-26,45237,4310,901,60,40927,44336
2020-09-03,KY,2020-08-27,2020-09-02,49990,4753,966,65,45237,49024
2020-09-10,KY,2020-09-03,2020-09-09,53979,3989,1013,47,49990,52966
2020-09-17,KY,2020-09-10,2020-09-16,58746,4767,1081,68,53979,57665
2020-09-24,KY,2020-09-17,2020-09-23,63513,4767,1123,42,58746,62390
2020-10-01,KY,2020-09-24,2020-09-30,68841,5328,1173,50,63513,67668
2020-10-08,KY,2020-10-01,2020-10-07,76588,7747,1222,49,68841,75366
2020-10-15,KY,2020-10-08,2020-10-14,83013,6425,1275,53,76588,81738
2020-10-22,KY,2020-10-15,2020-10-21,90998,7985,1362,87,83013,89636
2020-10-29,KY,2020-10-22,2020-10-28,101496,10498,1441,79,90998,100055
2020-11-05,KY,2020-10-29,2020-11-04,113003,11507,1513,72,101496,111490
2020-11-12,KY,2020-11-05,2020-11-11,127345,14342,1604,91,113003,125741
2020-11-19,KY,2020-11-12,2020-11-18,144753,17408,1712,108,127345,143041
2020-11-26,KY,2020-11-19,2020-11-25,166140,21387,1835,123,144753,164305
2020-12-03,KY,2020-11-26,2020-12-02,186765,20625,1944,109,166140,184821
2020-12-10,KY,2020-12-03,2020-12-09,209135,22370,2118,174,186765,207017
2020-12-17,KY,2020-12-10,2020-12-16,230654,21519,2262,144,209135,228392
2020-12-24,KY,2020-12-17,2020-12-23,250056,19402,2464,202,230654,247592
2020-12-31,KY,2020-12-24,2020-12-30,264829,14773,2621,157,250056,262208
2021-01-07,KY,2020-12-31,2021-01-06,297050,32221,2771,150,264829,294279
2021-01-14,KY,2021-01-07,2021-01-13,322828,25778,2945,174,297050,319883
2021-01-21,KY,2021-01-14,2021-01-20,344126,21298,3194,249,322828,340932
2021-01-28,KY,2021-01-21,2021-01-27,362521,18395,3495,301,344126,359026
2021-02-04,KY,2021-01-28,2021-02-03,378185,15664,3812,317,362521,374373
2021-02-11,KY,2021-02-04,2021-02-10,391017,12832,4126,314,378185,386891
2021-02-18,KY,2021-02-11,2021-02-17,398696,7679,4318,192,391017,394378
2021-02-25,KY,2021-02-18,2021-02-24,406774,8078,4476,158,398696,402298
2021-03-04,KY,2021-02-25,2021-03-03,412531,5757,4671,195,406774,407860
2021-03-11,KY,2021-03-04,2021-03-10,417289,4758,4850,179,412531,412439
2021-03-18,KY,2021-03-11,2021-03-17,421341,4052,5029,179,417289,416312
2021-03-25,KY,2021-03-18,2021-03-24,425240,3899,5814,785,421341,419426
2021-04-01,KY,2021-03-25,2021-03-31,428910,3670,6064,250,425240,422846
2021-04-08,KY,2021-04-01,2021-04-07,432272,3362,6181,117,428910,426091
2021-04-15,KY,2021-04-08,2021-04-14,436457,4185,6259,78,432272,430198
2021-04-22,KY,2021-04-15,2021-04-21,440137,3680,6360,101,436457,433777
2021-04-29,KY,2021-04-22,2021-04-28,443722,3585,6473,113,440137,437249
2021-05-06,KY,2021-04-29,2021-05-05,447416,3694,6528,55,443722,440888
2021-05-13,KY,2021-05-06,2021-05-12,450474,3058,6615,87,447416,443859
2021-05-20,KY,2021-05-13,2021-05-19,453087,2613,6668,53,450474,446419
2021-05-27,KY,2021-05-20,2021-05-26,455181,2094,6721,53,453087,448460
2021-06-03,KY,2021-05-27,2021-06-02,456639,1458,7059,338,455181,449580
2021-06-10,KY,2021-06-03,2021-06-09,458125,1486,7104,45,456639,451021
2021-06-17,KY,2021-06-10,2021-06-16,459379,1254,7166,62,458125,452213
2021-06-24,KY,2021-06-17,2021-06-23,460460,1081,7189,23,459379,453271
2021-07-01,KY,2021-06-24,2021-06-30,461625,1165,7213,24,460460,454412
2021-07-08,KY,2021-07-01,2021-07-07,463043,1418,7242,29,461625,455801
2021-07-15,KY,2021-07-08,2021-07-14,465869,2826,7267,25,463043,458602
2021-07-22,KY,2021-07-15,2021-07-21,470541,4672,7301,34,465869,463240
2021-07-29,KY,2021-07-22,2021-07-28,478426,7885,7320,19,470541,471106
2021-08-05,KY,2021-07-29,2021-08-04,490684,12258,7348,28,478426,483336
2021-08-12,KY,2021-08-05,2021-08-11,508223,17539,7391,43,490684,500832
2021-08-19,KY,2021-08-12,2021-08-18,531948,23725,7457,66,508223,524491
2021-08-26,KY,2021-08-19,2021-08-25,561517,29569,7573,116,531948,553944
2021-09-02,KY,2021-08-26,2021-09-01,594709,33192,7761,188,561517,586948
2021-09-09,KY,2021-09-02,2021-09-08,625238,30529,7900,139,594709,617338
2021-09-16,KY,2021-09-09,2021-09-15,656478,31240,8092,192,625238,648386
2021-09-23,KY,2021-09-16,2021-09-22,682304,25826,8368,276,656478,673936
2021-09-30,KY,2021-09-23,2021-09-29,701499,19195,8633,265,682304,692866
2021-10-07,KY,2021-09-30,2021-10-06,717743,16244,8919,286,701499,708824
2021-10-14,KY,2021-10-07,2021-10-13,730072,12329,9182,263,717743,720890
2021-10-21,KY,2021-10-14,2021-10-20,738983,8911,9425,243,730072,729558
2021-10-28,KY,2021-10-21,2021-10-27,746669,7686,9665,240,738983,737004
2021-11-04,KY,2021-10-28,2021-11-03,753808,7139,9833,168,746669,743975
2021-11-11,KY,2021-11-04,2021-11-10,762326,8518,10062,229,753808,752264
2021-11-18,KY,2021-11-11,2021-11-17,771976,9650,10318,256,762326,761658
2021-11-25,KY,2021-11-18,2021-11-24,783595,11619,10760,442,771976,772835
2021-12-02,KY,2021-11-25,2021-12-01,796324,12729,10943,183,783595,785381
2021-12-09,KY,2021-12-02,2021-12-08,812669,16345,11347,404,796324,801322
2021-12-16,KY,2021-12-09,2021-12-15,828044,15375,11676,329,812669,816368
2021-12-23,KY,2021-12-16,2021-12-22,844821,16777,11883,207,828044,832938
2021-12-30,KY,2021-12-23,2021-12-29,872477,27656,12097,214,844821,860380
2022-01-06,KY,2021-12-30,2022-01-05,928658,56181,12255,158,872477,916403
2022-01-13,KY,2022-01-06,2022-01-12,1001559,72901,12434,179,928658,989125
2022-01-20,KY,2022-01-13,2022-01-19,1096748,95189,12614,180,1001559,1084134
2022-01-27,KY,2022-01-20,2022-01-26,1183605,86857,12786,172,1096748,1170819
2022-02-03,KY,2022-01-27,2022-02-02,1244844,61239,12974,188,1183605,1231870
2022-02-10,KY,2022-02-03,2022-02-09,1287017,42173,13182,208,1244844,1273835
2022-02-17,KY,2022-02-10,2022-02-16,1300258,13241,13449,267,1287017,1286809
2022-02-24,KY,2022-02-17,2022-02-23,1313545,13287,13664,215,1300258,1299881
2022-03-03,KY,2022-02-24,2022-03-02,1320714,7169,13900,236,1313545,1306814
2022-03-10,KY,2022-03-03,2022-03-09,1324978,4264,14097,197,1320714,1310881
2022-03-17,KY,2022-03-10,2022-03-16,1328007,3029,14380,283,1324978,1313627
2022-03-24,KY,2022-03-17,2022-03-23,1329862,1855,14659,279,1328007,1315203
2022-03-31,KY,2022-03-24,2022-03-30,1331271,1409,14895,236,1329862,1316376
2022-04-07,KY,2022-03-31,2022-04-06,1332611,1340,15028,133,1331271,1317583
2022-04-14,KY,2022-04-07,2022-04-13,1334189,1578,15028,0,1332611,1319161
2022-04-21,KY,2022-04-14,2022-04-20,1336280,2091,15028,0,1334189,1321252
2022-04-28,KY,2022-04-21,2022-04-27,1336711,431,15413,385,1336280,1321298
2022-05-05,KY,2022-04-28,2022-05-04,1340647,3936,15568,155,1336711,1325079
2022-05-12,KY,2022-05-05,2022-05-11,1346301,5654,15733,165,1340647,1330568
2022-05-19,KY,2022-05-12,2022-05-18,1353519,7218,15826,93,1346301,1337693
2022-05-26,KY,2022-05-19,2022-05-25,1362188,8669,15904,78,1353519,1346284
2022-06-02,KY,2022-05-26,2022-06-01,1369873,7685,15941,37,1362188,1353932
2022-06-09,KY,2022-06-02,2022-06-08,1379926,10053,16004,63,1369873,1363922
2022-06-16,KY,2022-06-09,2022-06-15,1389028,9102,16063,59,1379926,1372965
2022-06-23,KY,2022-06-16,2022-06-22,1398753,9725,16114,51,1389028,1382639
2022-06-30,KY,2022-06-23,2022-06-29,1410842,12089,16144,30,1398753,1394698
2022-07-07,KY,2022-06-30,2022-07-06,1423495,12653,16182,38,1410842,1407313
2022-07-14,KY,2022-07-07,2022-07-13,1439038,15543,16243,61,1423495,1422795
2022-07-21,KY,2022-07-14,2022-07-20,1456473,17435,16292,49,1439038,1440181
2022-07-28,KY,2022-07-21,2022-07-27,1473937,17464,16351,59,1456473,1457586
2022-08-04,KY,2022-07-28,2022-08-03,1490291,16354,16396,45,1473937,1473895
2022-08-11,KY,2022-08-04,2022-08-10,1505741,15450,16464,68,1490291,1489277
2022-08-18,KY,2022-08-11,2022-08-17,1522121,16380,16540,76,1505741,1505581
2022-08-25,KY,2022-08-18,2022-08-24,1542142,20021,16603,63,1522121,1525539
2022-09-01,KY,2022-08-25,2022-08-31,1561006,18864,16679,76,1542142,1544327
2022-09-08,KY,2022-09-01,2022-09-07,1574181,13175,16757,78,1561006,1557424
2022-09-15,KY,2022-09-08,2022-09-14,1583876,9695,16822,65,1574181,1567054
2022-09-22,KY,2022-09-15,2022-09-21,1590806,6930,16902,80,1583876,1573904
2022-09-29,KY,2022-09-22,2022-09-28,1595926,5120,16969,67,1590806,1578957
2022-10-06,KY,2022-09-29,2022-10-05,1600328,4402,17030,61,1595926,1583298
2022-10-13,KY,2022-10-06,2022-10-12,1604528,4200,17111,81,1600328,1587417
2022-10-20,KY,2022-10-13,2022-10-19,1608722,4194,17191,80,1604528,1591531
2022-10-27,KY,2022-10-20,2022-10-26,1613619,4897,17261,70,1608722,1596358
2022-11-03,KY,2022-10-27,2022-11-02,1619157,5538,17321,60,1613619,1601836
2022-11-10,KY,2022-11-03,2022-11-09,1624427,5270,17361,40,1619157,1607066
2022-11-17,KY,2022-11-10,2022-11-16,1628953,4526,17410,49,1624427,1611543
2022-11-24,KY,2022-11-17,2022-11-23,1634104,5151,17459,49,1628953,1616645
2022-12-01,KY,2022-11-24,2022-11-30,1640113,6009,17501,42,1634104,1622612
2022-12-08,KY,2022-12-01,2022-12-07,1646984,6871,17529,28,1640113,1629455
2022-12-15,KY,2022-12-08,2022-12-14,1654641,7657,17578,49,1646984,1637063
2022-12-22,KY,2022-12-15,2022-12-21,1662457,7816,17624,46,1654641,1644833
2022-12-29,KY,2022-12-22,2022-12-28,1668647,6190,17670,46,1662457,1650977
2023-01-05,KY,2022-12-29,2023-01-04,1675502,6855,17697,27,1668647,1657805
2023-01-12,KY,2023-01-05,2023-01-11,1682176,6674,17734,37,1675502,1664442
2023-01-19,KY,2023-01-12,2023-01-18,1688021,5845,17793,59,1682176,1670228
2023-01-26,KY,2023-01-19,2023-01-25,1694311,6290,17838,45,1688021,1676473
2023-02-02,KY,2023-01-26,2023-02-01,1700259,5948,17890,52,1694311,1682369
2023-02-09,KY,2023-02-02,2023-02-08,1706570,6311,17939,49,1700259,1688631
2023-02-16,KY,2023-02-09,2023-02-15,1712367,5797,18000,61,1706570,1694367
2023-02-23,KY,2023-02-16,2023-02-22,1717103,4736,18055,55,1712367,1699048
2023-03-02,KY,2023-02-23,2023-03-01,1721201,4098,18094,39,1717103,1703107
2023-03-09,KY,2023-03-02,2023-03-08,1724417,3216,18130,36,1721201,1706287
2023-03-16,KY,2023-03-09,2023-03-15,1727410,2993,18177,47,1724417,1709233
2023-03-23,KY,2023-03-16,2023-03-22,1730558,3148,18243,66,1727410,1712315
2023-03-30,KY,2023-03-23,2023-03-29,1733583,3025,18292,49,1730558,1715291
2023-04-06,KY,2023-03-30,2023-04-05,1735800,2217,18349,57,1733583,1717451
2023-04-13,KY,2023-04-06,2023-04-12,1737620,1820,18404,55,1735800,1719216
2023-04-20,KY,2023-04-13,2023-04-19,1739338,1718,18455,51,1737620,1720883
2023-04-27,KY,2023-04-20,2023-04-26,1740761,1423,18512,57,1739338,1722249
2023-05-04,KY,2023-04-27,2023-05-03,1742065,1304,18567,55,1740761,1723498
2023-05-11,KY,2023-05-04,2023-05-10,1743117,1052,18623,56,1742065,1724494
2020-01-23,LA,2020-01-16,2020-01-22,0,0,0,0,0,0
2020-01-30,LA,2020-01-23,2020-01-29,0,0,0,0,0,0
2020-02-06,LA,2020-01-30,2020-02-05,0,0,0,0,0,0
2020-02-13,LA,2020-02-06,2020-02-12,0,0,0,0,0,0
2020-02-20,LA,2020-02-13,2020-02-19,0,0,0,0,0,0
2020-02-27,LA,2020-02-20,2020-02-26,0,0,0,0,0,0
2020-03-05,LA,2020-02-27,2020-03-04,0,0,0,0,0,0
2020-03-12,LA,2020-03-05,2020-03-11,5,5,0,0,0,5
2020-03-19,LA,2020-03-12,2020-03-18,257,252,6,6,5,251
2020-03-26,LA,2020-03-19,2020-03-25,1796,1539,65,59,257,1731
2020-04-02,LA,2020-03-26,2020-04-01,6424,4628,273,208,1796,6151
2020-04-09,LA,2020-04-02,2020-04-08,17030,10606,655,382,6424,16375
2020-04-16,LA,2020-04-09,2020-04-15,21949,4919,1104,449,17030,20845
2020-04-23,LA,2020-04-16,2020-04-22,25253,3304,1475,371,21949,23778
2020-04-30,LA,2020-04-23,2020-04-29,27660,2407,1841,366,25253,25819
2020-05-07,LA,2020-04-30,2020-05-06,30398,2738,2162,321,27660,28236
2020-05-14,LA,2020-05-07,2020-05-13,32623,2225,2381,219,30398,30242
2020-05-21,LA,2020-05-14,2020-05-20,35316,2693,2609,228,32623,32707
2020-05-28,LA,2020-05-21,2020-05-27,38486,3170,2721,112,35316,35765
2020-06-04,LA,2020-05-28,2020-06-03,41108,2622,2868,147,38486,38240
2020-06-11,LA,2020-06-04,2020-06-10,44014,2906,2967,99,41108,41047
2020-06-18,LA,2020-06-11,2020-06-17,48249,4235,3059,92,44014,45190
2020-06-25,LA,2020-06-18,2020-06-24,52477,4228,3151,92,48249,49326
2020-07-02,LA,2020-06-25,2020-07-01,60178,7701,3238,87,52477,56940
2020-07-09,LA,2020-07-02,2020-07-08,70151,9973,3339,101,60178,66812
2020-07-16,LA,2020-07-09,2020-07-15,84135,13984,3460,121,70151,80675
2020-07-23,LA,2020-07-16,2020-07-22,99354,15219,3667,207,84135,95687
2020-07-30,LA,2020-07-23,2020-07-29,112773,13419,3882,215,99354,108891
2020-08-06,LA,2020-07-30,2020-08-05,125943,13170,4096,214,112773,121847
2020-08-13,LA,2020-08-06,2020-08-12,134304,8361,4355,259,125943,129949
2020-08-20,LA,2020-08-13,2020-08-19,139900,5596,4608,253,134304,135292
2020-08-27,LA,2020-08-20,2020-08-26,145722,5822,4851,243,139900,140871
2020-09-03,LA,2020-08-27,2020-09-02,150724,5002,5005,154,145722,145719
2020-09-10,LA,2020-09-03,2020-09-09,155875,5151,5139,134,150724,150736
2020-09-17,LA,2020-09-10,2020-09-16,159876,4001,5296,157,155875,154580
2020-09-24,LA,2020-09-17,2020-09-23,163889,4013,5408,112,159876,158481
2020-10-01,LA,2020-09-24,2020-09-30,167455,3566,5511,103,163889,161944
2020-10-08,LA,2020-10-01,2020-10-07,172625,5170,5603,92,167455,167022
2020-10-15,LA,2020-10-08,2020-10-14,176239,3614,5695,92,172625,170544
2020-10-22,LA,2020-10-15,2020-10-21,181151,4912,5784,89,176239,175367
2020-10-29,LA,2020-10-22,2020-10-28,185830,4679,5890,106,181151,179940
2020-11-05,LA,2020-10-29,2020-11-04,190188,4358,5975,85,185830,184213
2020-11-12,LA,2020-11-05,2020-11-11,194711,4523,6058,83,190188,188653
2020-11-19,LA,2020-11-12,2020-11-18,209923,15212,6184,126,194711,203739
2020-11-26,LA,2020-11-19,2020-11-25,225639,15716,6350,166,209923,219289
2020-12-03,LA,2020-11-26,2020-12-02,241336,15697,6501,151,225639,234835
2020-12-10,LA,2020-12-03,2020-12-09,258926,17590,6683,182,241336,252243
2020-12-17,LA,2020-12-10,2020-12-16,275551,16625,6932,249,258926,268619
2020-12-24,LA,2020-12-17,2020-12-23,293930,18379,7226,294,275551,286704
2020-12-31,LA,2020-12-24,2020-12-30,311230,17300,7448,222,293930,303782
2021-01-07,LA,2020-12-31,2021-01-06,333513,22283,7681,233,311230,325832
2021-01-14,LA,2021-01-07,2021-01-13,355841,22328,8022,341,333513,347819
2021-01-21,LA,2021-01-14,2021-01-20,374585,18744,8383,361,355841,366202
2021-01-28,LA,2021-01-21,2021-01-27,392414,17829,8688,305,374585,383726
2021-02-04,LA,2021-01-28,2021-02-03,406240,13826,9006,318,392414,397234
2021-02-11,LA,2021-02-04,2021-02-10,414723,8483,9212,206,406240,405511
2021-02-18,LA,2021-02-11,2021-02-17,421023,6300,9390,178,414723,411633
2021-02-25,LA,2021-02-18,2021-02-24,426930,5907,9527,137,421023,417403
2021-03-04,LA,2021-02-25,2021-03-03,431794,4864,9668,141,426930,422126
2021-03-11,LA,2021-03-04,2021-03-10,435505,3711,9812,144,431794,425693
2021-03-18,LA,2021-03-11,2021-03-17,438983,3478,9955,143,435505,429028
2021-03-25,LA,2021-03-18,2021-03-24,442231,3248,10055,100,438983,432176
2021-04-01,LA,2021-03-25,2021-03-31,444874,2643,10141,86,442231,434733
2021-04-08,LA,2021-04-01,2021-04-07,447645,2771,10185,44,444874,437460
2021-04-15,LA,2021-04-08,2021-04-14,450694,3049,10264,79,447645,440430
2021-04-22,LA,2021-04-15,2021-04-21,454396,3702,10316,52,450694,444080
2021-04-29,LA,2021-04-22,2021-04-28,457351,2955,10366,50,454396,446985
2021-05-06,LA,2021-04-29,2021-05-05,460802,3451,10417,51,457351,450385
2021-05-13,LA,2021-05-06,2021-05-12,464005,3203,10461,44,460802,453544
2021-05-20,LA,2021-05-13,2021-05-19,467056,3051,10507,46,464005,456549
2021-05-27,LA,2021-05-20,2021-05-26,469842,2786,10561,54,467056,459281
2021-06-03,LA,2021-05-27,2021-06-02,472253,2411,10594,33,469842,461659
2021-06-10,LA,2021-06-03,2021-06-09,474674,2421,10632,38,472253,464042
2021-06-17,LA,2021-06-10,2021-06-16,476804,2130,10670,38,474674,466134
2021-06-24,LA,2021-06-17,2021-06-23,478943,2139,10708,38,476804,468235
2021-07-01,LA,2021-06-24,2021-06-30,481472,2529,10735,27,478943,470737
2021-07-08,LA,2021-07-01,2021-07-07,485805,4333,10765,30,481472,475040
2021-07-15,LA,2021-07-08,2021-07-14,492841,7036,10809,44,485805,482032
2021-07-22,LA,2021-07-15,2021-07-21,506882,14041,10874,65,492841,496008
2021-07-29,LA,2021-07-22,2021-07-28,531952,25070,10948,74,506882,521004
2021-08-05,LA,2021-07-29,2021-08-04,562320,30368,11130,182,531952,551190
2021-08-12,LA,2021-08-05,2021-08-11,601941,39621,11407,277,562320,590534
2021-08-19,LA,2021-08-12,2021-08-18,638443,36502,11790,383,601941,626653
2021-08-26,LA,2021-08-19,2021-08-25,671237,32794,12225,435,638443,659012
2021-09-02,LA,2021-08-26,2021-09-01,692176,20939,12582,357,671237,679594
2021-09-09,LA,2021-09-02,2021-09-08,705498,13322,12915,333,692176,692583
2021-09-16,LA,2021-09-09,2021-09-15,721795,16297,13318,403,705498,708477
2021-09-23,LA,2021-09-16,2021-09-22,732005,10210,13659,341,721795,718346
2021-09-30,LA,2021-09-23,2021-09-29,739661,7656,13900,241,732005,725761
2021-10-07,LA,2021-09-30,2021-10-06,745571,5910,14101,201,739661,731470
2021-10-14,LA,2021-10-07,2021-10-13,750473,4902,14266,165,745571,736207
2021-10-21,LA,2021-10-14,2021-10-20,754027,3554,14422,156,750473,739605
2021-10-28,LA,2021-10-21,2021-10-27,757739,3712,14504,82,754027,743235
2021-11-04,LA,2021-10-28,2021-11-03,760691,2952,14582,78,757739,746109
2021-11-11,LA,2021-11-04,2021-11-10,763628,2937,14659,77,760691,748969
2021-11-18,LA,2021-11-11,2021-11-17,766391,2763,14720,61,763628,751671
2021-11-25,LA,2021-11-18,2021-11-24,769051,2660,14770,50,766391,754281
2021-12-02,LA,2021-11-25,2021-12-01,771837,2786,14801,31,769051,757036
2021-12-09,LA,2021-12-02,2021-12-08,774913,3076,14854,53,771837,760059
2021-12-16,LA,2021-12-09,2021-12-15,778542,3629,14909,55,774913,763633
2021-12-23,LA,2021-12-16,2021-12-22,787538,8996,14943,34,778542,772595
2021-12-30,LA,2021-12-23,2021-12-29,816228,28690,14981,38,787538,801247
2022-01-06,LA,2021-12-30,2022-01-05,879549,63321,15024,43,816228,864525
2022-01-13,LA,2022-01-06,2022-01-12,949941,70392,15116,92,879549,934825
2022-01-20,LA,2022-01-13,2022-01-19,1037249,87308,15247,131,949941,1022002
2022-01-27,LA,2022-01-20,2022-01-26,1145204,107955,15521,274,1037249,1129683
2022-02-03,LA,2022-01-27,2022-02-02,1179772,34568,15781,260,1145204,1163991
2022-02-10,LA,2022-02-03,2022-02-09,1204644,24872,16065,284,1179772,1188579
2022-02-17,LA,2022-02-10,2022-02-16,1216345,11701,16303,238,1204644,1200042
2022-02-24,LA,2022-02-17,2022-02-23,1223983,7638,16556,253,1216345,1207427
2022-03-03,LA,2022-02-24,2022-03-02,1227061,3078,16674,118,1223983,1210387
2022-03-10,LA,2022-03-03,2022-03-09,1229292,2231,16831,157,1227061,1212461
2022-03-17,LA,2022-03-10,2022-03-16,1230564,1272,16960,129,1229292,1213604
2022-03-24,LA,2022-03-17,2022-03-23,1231511,947,17042,82,1230564,1214469
2022-03-31,LA,2022-03-24,2022-03-30,1232212,701,17116,74,1231511,1215096
2022-04-07,LA,2022-03-31,2022-04-06,1233180,968,17153,37,1232212,1216027
2022-04-14,LA,2022-04-07,2022-04-13,1234101,921,17183,30,1233180,1216918
2022-04-21,LA,2022-04-14,2022-04-20,1235638,1537,17203,20,1234101,1218435
2022-04-28,LA,2022-04-21,2022-04-27,1237276,1638,17229,26,1235638,1220047
2022-05-05,LA,2022-04-28,2022-05-04,1239424,2148,17261,32,1237276,1222163
2022-05-12,LA,2022-05-05,2022-05-11,1242764,3340,17281,20,1239424,1225483
2022-05-19,LA,2022-05-12,2022-05-18,1247878,5114,17298,17,1242764,1230580
2022-05-26,LA,2022-05-19,2022-05-25,1254595,6717,17313,15,1247878,1237282
2022-06-02,LA,2022-05-26,2022-06-01,1261786,7191,17324,11,1254595,1244462
2022-06-09,LA,2022-06-02,2022-06-08,1271012,9226,17346,22,1261786,1253666
2022-06-16,LA,2022-06-09,2022-06-15,1280955,9943,17363,17,1271012,1263592
2022-06-23,LA,2022-06-16,2022-06-22,1292605,11650,17378,15,1280955,1275227
2022-06-30,LA,2022-06-23,2022-06-29,1305499,12894,17405,27,1292605,1288094
2022-07-07,LA,2022-06-30,2022-07-06,1318114,12615,17421,16,1305499,1300693
2022-07-14,LA,2022-07-07,2022-07-13,1339245,21131,17459,38,1318114,1321786
2022-07-21,LA,2022-07-14,2022-07-20,1357396,18151,17492,33,1339245,1339904
2022-07-28,LA,2022-07-21,2022-07-27,1372134,14738,17550,58,1357396,1354584
2022-08-04,LA,2022-07-28,2022-08-03,1385619,13485,17616,66,1372134,1368003
2022-08-11,LA,2022-08-04,2022-08-10,1396536,10917,17676,60,1385619,1378860
2022-08-18,LA,2022-08-11,2022-08-17,1407047,10511,17743,67,1396536,1389304
2022-08-25,LA,2022-08-18,2022-08-24,1418197,11150,17822,79,1407047,1400375
2022-09-01,LA,2022-08-25,2022-08-31,1431011,12814,17870,48,1418197,1413141
2022-09-08,LA,2022-09-01,2022-09-07,1440257,9246,17898,28,1431011,1422359
2022-09-15,LA,2022-09-08,2022-09-14,1446738,6481,17954,56,1440257,1428784
2022-09-22,LA,2022-09-15,2022-09-21,1451304,4566,17992,38,1446738,1433312
2022-09-29,LA,2022-09-22,2022-09-28,1454450,3146,18045,53,1451304,1436405
2022-10-06,LA,2022-09-29,2022-10-05,1456658,2208,18087,42,1454450,1438571
2022-10-13,LA,2022-10-06,2022-10-12,1458706,2048,18126,39,1456658,1440580
2022-10-20,LA,2022-10-13,2022-10-19,1459866,1160,18137,11,1458706,1441729
2022-10-27,LA,2022-10-20,2022-10-26,1461433,1567,18167,30,1459866,1443266
2022-11-03,LA,2022-10-27,2022-11-02,1463379,1946,18192,25,1461433,1445187
2022-11-10,LA,2022-11-03,2022-11-09,1465700,2321,18217,25,1463379,1447483
2022-11-17,LA,2022-11-10,2022-11-16,1467573,1873,18233,16,1465700,1449340
2022-11-24,LA,2022-11-17,2022-11-23,1470441,2868,18258,25,1467573,1452183
2022-12-01,LA,2022-11-24,2022-11-30,1473092,2651,18274,16,1470441,1454818
2022-12-08,LA,2022-12-01,2022-12-07,1477545,4453,18296,22,1473092,1459249
2022-12-15,LA,2022-12-08,2022-12-14,1482269,4724,18324,28,1477545,1463945
2022-12-22,LA,2022-12-15,2022-12-21,1507707,4041,18345,21,1503666,1489362
2022-12-29,LA,2022-12-22,2022-12-28,1514113,6406,18370,25,1507707,1495743
2023-01-05,LA,2022-12-29,2023-01-04,1521203,7090,18394,24,1514113,1502809
2023-01-12,LA,2023-01-05,2023-01-11,1528052,6849,18435,41,1521203,1509617
2023-01-19,LA,2023-01-12,2023-01-18,1533257,5205,18478,43,1528052,1514779
2023-01-26,LA,2023-01-19,2023-01-25,1538276,5019,18525,47,1533257,1519751
2023-02-02,LA,2023-01-26,2023-02-01,1548508,5725,18572,47,1542783,1529936
2023-02-09,LA,2023-02-02,2023-02-08,1555480,6972,18624,52,1548508,1536856
2023-02-16,LA,2023-02-09,2023-02-15,1560627,5147,18665,41,1555480,1541962
2023-02-23,LA,2023-02-16,2023-02-22,1566105,5478,18704,39,1560627,1547401
2023-03-02,LA,2023-02-23,2023-03-01,1570671,4566,18734,30,1566105,1551937
2023-03-09,LA,2023-03-02,2023-03-08,1573810,3139,18764,30,1570671,1555046
2023-03-16,LA,2023-03-09,2023-03-15,1576509,2699,18800,36,1573810,1557709
2023-03-23,LA,2023-03-16,2023-03-22,1580709,1961,18835,35,1578748,1561874
2023-03-30,LA,2023-03-23,2023-03-29,1588259,2203,18858,23,1586056,1569401
2023-04-06,LA,2023-03-30,2023-04-05,1590877,2618,18874,16,1588259,1572003
2023-04-13,LA,2023-04-06,2023-04-12,1592423,1546,18894,20,1590877,1573529
2023-04-20,LA,2023-04-13,2023-04-19,1594237,1814,18912,18,1592423,1575325
2023-04-27,LA,2023-04-20,2023-04-26,1597070,1884,18937,25,1595186,1578133
2023-05-04,LA,2023-04-27,2023-05-03,1599190,2120,18956,19,1597070,1580234
2023-05-11,LA,2023-05-04,2023-05-10,1600610,1420,18971,15,1599190,1581639
2020-01-23,MA,2020-01-16,2020-01-22,0,0,0,0,0,0
2020-01-30,MA,2020-01-23,2020-01-29,1,1,0,0,0,1
2020-02-06,MA,2020-01-30,2020-02-05,1,0,0,0,1,1
2020-02-13,MA,2020-02-06,2020-02-12,2,1,0,0,1,2
2020-02-20,MA,2020-02-13,2020-02-19,2,0,0,0,2,2
2020-02-27,MA,2020-02-20,2020-02-26,2,0,0,0,2,2
2020-03-05,MA,2020-02-27,2020-03-04,6,4,0,0,2,6
2020-03-12,MA,2020-03-05,2020-03-11,132,126,0,0,6,132
2020-03-19,MA,2020-03-12,2020-03-18,1019,887,0,0,132,1019
2020-03-26,MA,2020-03-19,2020-03-25,4363,3344,15,15,1019,4348
2020-04-02,MA,2020-03-26,2020-04-01,11263,6900,122,107,4363,11141
2020-04-09,MA,2020-04-02,2020-04-08,21990,10727,433,311,11263,21557
2020-04-16,MA,2020-04-09,2020-04-15,35777,13787,1108,675,21990,34669
2020-04-23,MA,2020-04-16,2020-04-22,51346,15569,2182,1074,35777,49164
2020-04-30,MA,2020-04-23,2020-04-29,64814,13468,3406,1224,51346,61408
2020-05-07,MA,2020-04-30,2020-05-06,76045,11231,4420,1014,64814,71625
2020-05-14,MA,2020-05-07,2020-05-13,84351,8306,5315,895,76045,79036
2020-05-21,MA,2020-05-14,2020-05-20,91221,6870,6066,751,84351,85155
2020-05-28,MA,2020-05-21,2020-05-27,95604,4383,6547,481,91221,89057
2020-06-04,MA,2020-05-28,2020-06-03,98697,3093,7152,605,95604,91545
2020-06-11,MA,2020-06-04,2020-06-10,100707,2010,7454,302,98697,93253
2020-06-18,MA,2020-06-11,2020-06-17,102106,1399,7734,280,100707,94372
2020-06-25,MA,2020-06-18,2020-06-24,103368,1262,7938,204,102106,95430
2020-07-02,MA,2020-06-25,2020-07-01,104666,1298,8090,152,103368,96576
2020-07-09,MA,2020-07-02,2020-07-08,105926,1260,8243,153,104666,97683
2020-07-16,MA,2020-07-09,2020-07-15,107532,1606,8364,121,105926,99168
2020-07-23,MA,2020-07-16,2020-07-22,109126,1594,8468,104,107532,100658
2020-07-30,MA,2020-07-23,2020-07-29,111129,2003,8580,112,109126,102549
2020-08-06,MA,2020-07-30,2020-08-05,113161,2032,8659,79,111129,104502
2020-08-13,MA,2020-08-06,2020-08-12,115152,1991,8769,110,113161,106383
2020-08-20,MA,2020-08-13,2020-08-19,117301,2149,8876,107,115152,108425
2020-08-27,MA,2020-08-20,2020-08-26,119474,2173,8987,111,117301,110487
2020-09-03,MA,2020-08-27,2020-09-02,121845,2371,9066,79,119474,112779
2020-09-10,MA,2020-09-03,2020-09-09,123162,1317,9146,80,121845,114016
2020-09-17,MA,2020-09-10,2020-09-16,125718,2556,9245,99,123162,116473
2020-09-24,MA,2020-09-17,2020-09-23,128531,2813,9347,102,125718,119184
2020-10-01,MA,2020-09-24,2020-09-30,132137,3606,9456,109,128531,122681
2020-10-08,MA,2020-10-01,2020-10-07,136512,4375,9557,101,132137,126955
2020-10-15,MA,2020-10-08,2020-10-14,141013,4501,9647,90,136512,131366
2020-10-22,MA,2020-10-15,2020-10-21,146186,5173,9780,133,141013,136406
2020-10-29,MA,2020-10-22,2020-10-28,154238,8052,9924,144,146186,144314
2020-11-05,MA,2020-10-29,2020-11-04,163319,9081,10062,138,154238,153257
2020-11-12,MA,2020-11-05,2020-11-11,177547,14228,10222,160,163319,167325
2020-11-19,MA,2020-11-12,2020-11-18,195874,18327,10407,185,177547,185467
2020-11-26,MA,2020-11-19,2020-11-25,214594,18720,10604,197,195874,203990
2020-12-03,MA,2020-11-26,2020-12-02,234232,19638,10824,220,214594,223408
2020-12-10,MA,2020-12-03,2020-12-09,269412,35180,11166,342,234232,258246
2020-12-17,MA,2020-12-10,2020-12-16,304112,34700,11513,347,269412,292599
2020-12-24,MA,2020-12-17,2020-12-23,335988,31876,11887,374,304112,324101
2020-12-31,MA,2020-12-24,2020-12-30,367918,31930,12338,451,335988,355580
2021-01-07,MA,2020-12-31,2021-01-06,404053,36135,12836,498,367918,391217
2021-01-14,MA,2021-01-07,2021-01-13,448447,44394,13359,523,404053,435088
2021-01-21,MA,2021-01-14,2021-01-20,481040,32593,13829,470,448447,467211
2021-01-28,MA,2021-01-21,2021-01-27,509503,28463,14304,475,481040,495199
2021-02-04,MA,2021-01-28,2021-02-03,531117,21614,14708,404,509503,516409
2021-02-11,MA,2021-02-04,2021-02-10,548946,17829,15207,499,531117,533739
2021-02-18,MA,2021-02-11,2021-02-17,561936,12990,15623,416,548946,546313
2021-02-25,MA,2021-02-18,2021-02-24,573885,11949,15945,322,561936,557940
2021-03-04,MA,2021-02-25,2021-03-03,584746,10861,16252,307,573885,568494
2021-03-11,MA,2021-03-04,2021-03-10,595264,10518,16509,257,584746,578755
2021-03-18,MA,2021-03-11,2021-03-17,606377,11113,16732,223,595264,589645
2021-03-25,MA,2021-03-18,2021-03-24,619816,13439,16970,238,606377,602846
2021-04-01,MA,2021-03-25,2021-03-31,635580,15764,17185,215,619816,618395
2021-04-08,MA,2021-04-01,2021-04-07,650573,14993,17358,173,635580,633215
2021-04-15,MA,2021-04-08,2021-04-14,664943,14370,17427,69,650573,647516
2021-04-22,MA,2021-04-15,2021-04-21,676758,11815,17498,71,664943,659260
2021-04-29,MA,2021-04-22,2021-04-28,686243,9485,17578,80,676758,668665
2021-05-06,MA,2021-04-29,2021-05-05,693608,7365,17658,80,686243,675950
2021-05-13,MA,2021-05-06,2021-05-12,699187,5579,17712,54,693608,681475
2021-05-20,MA,2021-05-13,2021-05-19,703292,4105,17793,81,699187,685499
2021-05-27,MA,2021-05-20,2021-05-26,706027,2735,17839,46,703292,688188
2021-06-03,MA,2021-05-27,2021-06-02,707265,1238,17886,47,706027,689379
2021-06-10,MA,2021-06-03,2021-06-09,708459,1194,17917,31,707265,690542
2021-06-17,MA,2021-06-10,2021-06-16,709079,620,17953,36,708459,691126
2021-06-24,MA,2021-06-17,2021-06-23,709543,464,17980,27,709079,691563
2021-07-01,MA,2021-06-24,2021-06-30,709966,423,17992,12,709543,691974
2021-07-08,MA,2021-07-01,2021-07-07,710518,552,18006,14,709966,692512
2021-07-15,MA,2021-07-08,2021-07-14,711676,1158,18013,7,710518,693663
2021-07-22,MA,2021-07-15,2021-07-21,714014,2338,18036,23,711676,695978
2021-07-29,MA,2021-07-22,2021-07-28,717944,3930,18071,35,714014,699873
2021-08-05,MA,2021-07-29,2021-08-04,724018,6074,18087,16,717944,705931
2021-08-12,MA,2021-08-05,2021-08-11,731821,7803,18121,34,724018,713700
2021-08-19,MA,2021-08-12,2021-08-18,740626,8805,18164,43,731821,722462
2021-08-26,MA,2021-08-19,2021-08-25,750248,9622,18199,35,740626,732049
2021-09-02,MA,2021-08-26,2021-09-01,761906,11658,18257,58,750248,743649
2021-09-09,MA,2021-09-02,2021-09-08,772742,10836,18314,57,761906,754428
2021-09-16,MA,2021-09-09,2021-09-15,786627,13885,18407,93,772742,768220
2021-09-23,MA,2021-09-16,2021-09-22,798905,12278,18505,98,786627,780400
2021-09-30,MA,2021-09-23,2021-09-29,810319,11414,18600,95,798905,791719
2021-10-07,MA,2021-09-30,2021-10-06,819939,9620,18707,107,810319,801232
2021-10-14,MA,2021-10-07,2021-10-13,829873,9934,18802,95,819939,811071
2021-10-21,MA,2021-10-14,2021-10-20,839817,9944,18875,73,829873,820942
2021-10-28,MA,2021-10-21,2021-10-27,848947,9130,18970,95,839817,829977
2021-11-04,MA,2021-10-28,2021-11-03,857959,9012,19041,71,848947,838918
2021-11-11,MA,2021-11-04,2021-11-10,869293,11334,19112,71,857959,850181
2021-11-18,MA,2021-11-11,2021-11-17,884299,15006,19195,83,869293,865104
2021-11-25,MA,2021-11-18,2021-11-24,904407,20108,19265,70,884299,885142
2021-12-02,MA,2021-11-25,2021-12-01,924400,19993,19350,85,904407,905050
2021-12-09,MA,2021-12-02,2021-12-08,957889,33489,19453,103,924400,938436
2021-12-16,MA,2021-12-09,2021-12-15,991709,33820,19576,123,957889,972133
2021-12-23,MA,2021-12-16,2021-12-22,1034731,43022,19725,149,991709,1015006
2021-12-30,MA,2021-12-23,2021-12-29,1095825,61094,19853,128,1034731,1075972
2022-01-06,MA,2021-12-30,2022-01-05,1223354,127529,19925,72,1095825,1203429
2022-01-13,MA,2022-01-06,2022-01-12,1389904,166550,19960,35,1223354,1369944
2022-01-20,MA,2022-01-13,2022-01-19,1503398,113494,19969,9,1389904,1483429
2022-01-27,MA,2022-01-20,2022-01-26,1580605,77207,19977,8,1503398,1560628
2022-02-03,MA,2022-01-27,2022-02-02,1620268,39663,19977,0,1580605,1600291
2022-02-10,MA,2022-02-03,2022-02-09,1642846,22578,19978,1,1620268,1622868
2022-02-17,MA,2022-02-10,2022-02-16,1656345,13499,19978,0,1642846,1636367
2022-02-24,MA,2022-02-17,2022-02-23,1666622,10277,19981,3,1656345,1646641
2022-03-03,MA,2022-02-24,2022-03-02,1673612,6990,19981,0,1666622,1653631
2022-03-10,MA,2022-03-03,2022-03-09,1679034,5422,19981,0,1673612,1659053
2022-03-17,MA,2022-03-10,2022-03-16,1684036,5002,20013,32,1679034,1664023
2022-03-24,MA,2022-03-17,2022-03-23,1689750,5714,20060,47,1684036,1669690
2022-03-31,MA,2022-03-24,2022-03-30,1697165,7415,20098,38,1689750,1677067
2022-04-07,MA,2022-03-31,2022-04-06,1706160,8995,20136,38,1697165,1686024
2022-04-14,MA,2022-04-07,2022-04-13,1718387,12227,20166,30,1706160,1698221
2022-04-21,MA,2022-04-14,2022-04-20,1733156,14769,20208,42,1718387,1712948
2022-04-28,MA,2022-04-21,2022-04-27,1749776,16620,20247,39,1733156,1729529
2022-05-05,MA,2022-04-28,2022-05-04,1770301,20525,20305,58,1749776,1749996
2022-05-12,MA,2022-05-05,2022-05-11,1797308,27007,20365,60,1770301,1776943
2022-05-19,MA,2022-05-12,2022-05-18,1830028,32720,20453,88,1797308,1809575
2022-05-26,MA,2022-05-19,2022-05-25,1855500,25472,20544,91,1830028,1834956
2022-06-02,MA,2022-05-26,2022-06-01,1873034,17534,20627,83,1855500,1852407
2022-06-09,MA,2022-06-02,2022-06-08,1889548,16514,20709,82,1873034,1868839
2022-06-16,MA,2022-06-09,2022-06-15,1902067,12519,20800,91,1889548,1881267
2022-06-23,MA,2022-06-16,2022-06-22,1912004,9937,20874,74,1902067,1891130
2022-06-30,MA,2022-06-23,2022-06-29,1922647,10643,20932,58,1912004,1901715
2022-07-07,MA,2022-06-30,2022-07-06,1932346,9699,20997,65,1922647,1911349
2022-07-14,MA,2022-07-07,2022-07-13,1936447,4101,21035,38,1932346,1915412
2022-07-21,MA,2022-07-14,2022-07-20,1944319,7872,21068,33,1936447,1923251
2022-07-28,MA,2022-07-21,2022-07-27,1955844,11525,21127,59,1944319,1934717
2022-08-04,MA,2022-07-28,2022-08-03,1966919,11075,21175,48,1955844,1945744
2022-08-11,MA,2022-08-04,2022-08-10,1977503,10584,21223,48,1966919,1956280
2022-08-18,MA,2022-08-11,2022-08-17,1987385,9882,21284,61,1977503,1966101
2022-08-25,MA,2022-08-18,2022-08-24,1996454,9069,21342,58,1987385,1975112
2022-09-01,MA,2022-08-25,2022-08-31,2005250,8796,21389,47,1996454,1983861
2022-09-08,MA,2022-09-01,2022-09-07,2013992,8742,21463,74,2005250,1992529
2022-09-15,MA,2022-09-08,2022-09-14,2021331,7339,21535,72,2013992,1999796
2022-09-22,MA,2022-09-15,2022-09-21,2030335,9004,21587,52,2021331,2008748
2022-09-29,MA,2022-09-22,2022-09-28,2040602,10267,21646,59,2030335,2018956
2022-10-06,MA,2022-09-29,2022-10-05,2060884,20282,21771,125,2040602,2039113
2022-10-13,MA,2022-10-06,2022-10-12,2069848,8964,21841,70,2060884,2048007
2022-10-20,MA,2022-10-13,2022-10-19,2078225,8377,21922,81,2069848,2056303
2022-10-27,MA,2022-10-20,2022-10-26,2086638,8413,22023,101,2078225,2064615
2022-11-03,MA,2022-10-27,2022-11-02,2092838,6200,22106,83,2086638,2070732
2022-11-10,MA,2022-11-03,2022-11-09,2099238,6400,22209,103,2092838,2077029
2022-11-17,MA,2022-11-10,2022-11-16,2104453,5215,22303,94,2099238,2082150
2022-11-24,MA,2022-11-17,2022-11-23,2109719,5266,22397,94,2104453,2087322
2022-12-01,MA,2022-11-24,2022-11-30,2115549,5830,22488,91,2109719,2093061
2022-12-08,MA,2022-12-01,2022-12-07,2124243,8694,22574,86,2115549,2101669
2022-12-15,MA,2022-12-08,2022-12-14,2134100,9857,22683,109,2124243,2111417
2022-12-22,MA,2022-12-15,2022-12-21,2144967,10867,22793,110,2134100,2122174
2022-12-29,MA,2022-12-22,2022-12-28,2154886,9919,22940,147,2144967,2131946
2023-01-05,MA,2022-12-29,2023-01-04,2166835,11949,23096,156,2154886,2143739
2023-01-12,MA,2023-01-05,2023-01-11,2178027,11192,23258,162,2166835,2154769
2023-01-19,MA,2023-01-12,2023-01-18,2186426,8399,23404,146,2178027,2163022
2023-01-26,MA,2023-01-19,2023-01-25,2193582,7156,23593,189,2186426,2169989
2023-02-02,MA,2023-01-26,2023-02-01,2200746,7164,23770,177,2193582,2176976
2023-02-09,MA,2023-02-02,2023-02-08,2206312,5566,23900,130,2200746,2182412
2023-02-16,MA,2023-02-09,2023-02-15,2211790,5478,24028,128,2206312,2187762
2023-02-23,MA,2023-02-16,2023-02-22,2216870,5080,24130,102,2211790,2192740
2023-03-02,MA,2023-02-23,2023-03-01,2220962,4092,24248,118,2216870,2196714
2023-03-09,MA,2023-03-02,2023-03-08,2224337,3375,24332,84,2220962,2200005
2023-03-16,MA,2023-03-09,2023-03-15,2227610,3273,24391,59,2224337,2203219
2023-03-23,MA,2023-03-16,2023-03-22,2230150,2540,24441,50,2227610,2205709
2023-03-30,MA,2023-03-23,2023-03-29,2232657,2507,24507,66,2230150,2208150
2023-04-06,MA,2023-03-30,2023-04-05,2234951,2294,24541,34,2232657,2210410
2023-04-13,MA,2023-04-06,2023-04-12,2236803,1852,24573,32,2234951,2212230
2023-04-20,MA,2023-04-13,2023-04-19,2238336,1533,24600,27,2236803,2213736
2023-04-27,MA,2023-04-20,2023-04-26,2239750,1414,24612,12,2238336,2215138
2023-05-04,MA,2023-04-27,2023-05-03,2240955,1205,24629,17,2239750,2216326
2023-05-11,MA,2023-05-04,2023-05-10,2242176,1221,24644,15,2240955,2217532
2020-01-23,MD,2020-01-16,2020-01-22,0,0,0,0,0,0
2020-01-30,MD,2020-01-23,2020-01-29,0,0,0,0,0,0
2020-02-06,MD,2020-01-30,2020-02-05,0,0,0,0,0,0
2020-02-13,MD,2020-02-06,2020-02-12,0,0,0,0,0,0
2020-02-20,MD,2020-02-13,2020-02-19,0,0,0,0,0,0
2020-02-27,MD,2020-02-20,2020-02-26,0,0,0,0,0,0
2020-03-05,MD,2020-02-27,2020-03-04,0,0,0,0,0,0
2020-03-12,MD,2020-03-05,2020-03-11,9,9,0,0,0,9
2020-03-19,MD,2020-03-12,2020-03-18,86,77,0,0,9,86
2020-03-26,MD,2020-03-19,2020-03-25,425,339,4,4,86,421
2020-04-02,MD,2020-03-26,2020-04-01,1986,1561,31,27,425,1955
2020-04-09,MD,2020-04-02,2020-04-08,5529,3543,124,93,1986,5405
2020-04-16,MD,2020-04-09,2020-04-15,10033,4504,306,182,5529,9727
2020-04-23,MD,2020-04-16,2020-04-22,14775,4742,699,393,10033,14076
2020-04-30,MD,2020-04-23,2020-04-29,20850,6075,1077,378,14775,19773
2020-05-07,MD,2020-04-30,2020-05-06,28164,7314,1437,360,20850,26727
2020-05-14,MD,2020-05-07,2020-05-13,34812,6648,1808,371,28164,33004
2020-05-21,MD,2020-05-14,2020-05-20,42323,7511,2123,315,34812,40200
2020-05-28,MD,2020-05-21,2020-05-27,48426,6103,2392,269,42323,46034
2020-06-04,MD,2020-05-28,2020-06-03,54986,6560,2640,248,48426,52346
2020-06-11,MD,2020-06-04,2020-06-10,59465,4479,2845,205,54986,56620
2020-06-18,MD,2020-06-11,2020-06-17,62970,3505,2993,148,59465,59977
2020-06-25,MD,2020-06-18,2020-06-24,65338,2368,3107,114,62970,62231
2020-07-02,MD,2020-06-25,2020-07-01,67908,2570,3205,98,65338,64703
2020-07-09,MD,2020-07-02,2020-07-08,70864,2956,3276,71,67908,67588
2020-07-16,MD,2020-07-09,2020-07-15,75016,4152,3339,63,70864,71677
2020-07-23,MD,2020-07-16,2020-07-22,80175,5159,3403,64,75016,76772
2020-07-30,MD,2020-07-23,2020-07-29,86290,6115,3477,74,80175,82813
2020-08-06,MD,2020-07-30,2020-08-05,92426,6136,3536,59,86290,88890
2020-08-13,MD,2020-08-06,2020-08-12,97383,4957,3612,76,92426,93771
2020-08-20,MD,2020-08-13,2020-08-19,101654,4271,3661,49,97383,97993
2020-08-27,MD,2020-08-20,2020-08-26,105486,3832,3716,55,101654,101770
2020-09-03,MD,2020-08-27,2020-09-02,109320,3834,3768,52,105486,105552
2020-09-10,MD,2020-09-03,2020-09-09,113575,4255,3816,48,109320,109759
2020-09-17,MD,2020-09-10,2020-09-16,117893,4318,3855,39,113575,114038
2020-09-24,MD,2020-09-17,2020-09-23,121297,3404,3901,46,117893,117396
2020-10-01,MD,2020-09-24,2020-09-30,124726,3429,3948,47,121297,120778
2020-10-08,MD,2020-10-01,2020-10-07,128665,3939,3974,26,124726,124691
2020-10-15,MD,2020-10-08,2020-10-14,132918,4253,4022,48,128665,128896
2020-10-22,MD,2020-10-15,2020-10-21,137236,4318,4058,36,132918,133178
2020-10-29,MD,2020-10-22,2020-10-28,142425,5189,4115,57,137236,138310
2020-11-05,MD,2020-10-29,2020-11-04,148766,6341,4170,55,142425,144596
2020-11-12,MD,2020-11-05,2020-11-11,158423,9657,4248,78,148766,154175
2020-11-19,MD,2020-11-12,2020-11-18,171824,13401,4350,102,158423,167474
2020-11-26,MD,2020-11-19,2020-11-25,188161,16337,4518,168,171824,183643
2020-12-03,MD,2020-11-26,2020-12-02,203355,15194,4717,199,188161,198638
2020-12-10,MD,2020-12-03,2020-12-09,222653,19298,4962,245,203355,217691
2020-12-17,MD,2020-12-10,2020-12-16,241767,19114,5270,308,222653,236497
2020-12-24,MD,2020-12-17,2020-12-23,257862,16095,5568,298,241767,252294
2020-12-31,MD,2020-12-24,2020-12-30,273689,15827,5850,282,257862,267839
2021-01-07,MD,2020-12-31,2021-01-06,292904,19215,6132,282,273689,286772
2021-01-14,MD,2021-01-07,2021-01-13,314867,21963,6403,271,292904,308464
2021-01-21,MD,2021-01-14,2021-01-20,332353,17486,6690,287,314867,325663
2021-01-28,MD,2021-01-21,2021-01-27,346559,14206,6996,306,332353,339563
2021-02-04,MD,2021-01-28,2021-02-03,357483,10924,7220,224,346559,350263
2021-02-11,MD,2021-02-04,2021-02-10,366666,9183,7445,225,357483,359221
2021-02-18,MD,2021-02-11,2021-02-17,372980,6314,7631,186,366666,365349
2021-02-25,MD,2021-02-18,2021-02-24,378490,5510,7789,158,372980,370701
2021-03-04,MD,2021-02-25,2021-03-03,383959,5469,7918,129,378490,376041
2021-03-11,MD,2021-03-04,2021-03-10,389566,5607,8002,84,383959,381564
2021-03-18,MD,2021-03-11,2021-03-17,395633,6067,8099,97,389566,387534
2021-03-25,MD,2021-03-18,2021-03-24,402600,6967,8214,115,395633,394386
2021-04-01,MD,2021-03-25,2021-03-31,411344,8744,8286,72,402600,403058
2021-04-08,MD,2021-04-01,2021-04-07,420526,9182,8389,103,411344,412137
2021-04-15,MD,2021-04-08,2021-04-14,430351,9825,8493,104,420526,421858
2021-04-22,MD,2021-04-15,2021-04-21,438790,8439,8605,112,430351,430185
2021-04-29,MD,2021-04-22,2021-04-28,445493,6703,8709,104,438790,436784
2021-05-06,MD,2021-04-29,2021-05-05,450689,5196,8813,104,445493,441876
2021-05-13,MD,2021-05-06,2021-05-12,454271,3582,8879,66,450689,445392
2021-05-20,MD,2021-05-13,2021-05-19,456765,2494,8957,78,454271,447808
2021-05-27,MD,2021-05-20,2021-05-26,458879,2114,9037,80,456765,449842
2021-06-03,MD,2021-05-27,2021-06-02,460067,1188,9622,585,458879,450445
2021-06-10,MD,2021-06-03,2021-06-09,460863,796,9658,36,460067,451205
2021-06-17,MD,2021-06-10,2021-06-16,461470,607,9695,37,460863,451775
2021-06-24,MD,2021-06-17,2021-06-23,461887,417,9722,27,461470,452165
2021-07-01,MD,2021-06-24,2021-06-30,462279,392,9741,19,461887,452538
2021-07-08,MD,2021-07-01,2021-07-07,462737,458,9754,13,462279,452983
2021-07-15,MD,2021-07-08,2021-07-14,463488,751,9769,15,462737,453719
2021-07-22,MD,2021-07-15,2021-07-21,464735,1247,9792,23,463488,454943
2021-07-29,MD,2021-07-22,2021-07-28,466931,2196,9813,21,464735,457118
2021-08-05,MD,2021-07-29,2021-08-04,470605,3674,9840,27,466931,460765
2021-08-12,MD,2021-08-05,2021-08-11,476070,5465,9870,30,470605,466200
2021-08-19,MD,2021-08-12,2021-08-18,482581,6511,9907,37,476070,472674
2021-08-26,MD,2021-08-19,2021-08-25,489930,7349,9966,59,482581,479964
2021-09-02,MD,2021-08-26,2021-09-01,498376,8446,10024,58,489930,488352
2021-09-09,MD,2021-09-02,2021-09-08,505557,7181,10115,91,498376,495442
2021-09-16,MD,2021-09-09,2021-09-15,513929,8372,10217,102,505557,503712
2021-09-23,MD,2021-09-16,2021-09-22,522355,8426,10332,115,513929,512023
2021-09-30,MD,2021-09-23,2021-09-29,530861,8506,10426,94,522355,520435
2021-10-07,MD,2021-09-30,2021-10-06,539053,8192,10535,109,530861,528518
2021-10-14,MD,2021-10-07,2021-10-13,546552,7499,10644,109,539053,535908
2021-10-21,MD,2021-10-14,2021-10-20,552524,5972,10758,114,546552,541766
2021-10-28,MD,2021-10-21,2021-10-27,557923,5399,10841,83,552524,547082
2021-11-04,MD,2021-10-28,2021-11-03,562896,4973,10925,84,557923,551971
2021-11-11,MD,2021-11-04,2021-11-10,567929,5033,11014,89,562896,556915
2021-11-18,MD,2021-11-11,2021-11-17,573835,5906,11086,72,567929,562749
2021-11-25,MD,2021-11-18,2021-11-24,580496,6661,11148,62,573835,569348
2021-12-02,MD,2021-11-25,2021-12-01,587285,6789,11220,72,580496,576065
2021-12-09,MD,2021-12-02,2021-12-08,597051,9766,11255,35,587285,585796
2021-12-16,MD,2021-12-09,2021-12-15,608274,11223,11255,0,597051,597019
2021-12-23,MD,2021-12-16,2021-12-22,633016,24742,11255,0,608274,621761
2021-12-30,MD,2021-12-23,2021-12-29,692261,59245,11703,448,633016,680558
2022-01-06,MD,2021-12-30,2022-01-05,788384,96123,11993,290,692261,776391
2022-01-13,MD,2022-01-06,2022-01-12,878679,90295,12415,422,788384,866264
2022-01-20,MD,2022-01-13,2022-01-19,933540,54861,12866,451,878679,920674
2022-01-27,MD,2022-01-20,2022-01-26,965101,31561,13280,414,933540,951821
2022-02-03,MD,2022-01-27,2022-02-02,980426,15325,13572,292,965101,966854
2022-02-10,MD,2022-02-03,2022-02-09,989532,9106,13827,255,980426,975705
2022-02-17,MD,2022-02-10,2022-02-16,994579,5047,13965,138,989532,980614
2022-02-24,MD,2022-02-17,2022-02-23,999229,4650,14062,97,994579,985167
2022-03-03,MD,2022-02-24,2022-03-02,1003039,3810,14147,85,999229,988892
2022-03-10,MD,2022-03-03,2022-03-09,1005333,2294,14218,71,1003039,991115
2022-03-17,MD,2022-03-10,2022-03-16,1007372,2039,14280,62,1005333,993092
2022-03-24,MD,2022-03-17,2022-03-23,1009344,1972,14310,30,1007372,995034
2022-03-31,MD,2022-03-24,2022-03-30,1011498,2154,14344,34,1009344,997154
2022-04-07,MD,2022-03-31,2022-04-06,1014223,2725,14364,20,1011498,999859
2022-04-14,MD,2022-04-07,2022-04-13,1017926,3703,14391,27,1014223,1003535
2022-04-21,MD,2022-04-14,2022-04-20,1022861,4935,14411,20,1017926,1008450
2022-04-28,MD,2022-04-21,2022-04-27,1028753,5892,14440,29,1022861,1014313
2022-05-05,MD,2022-04-28,2022-05-04,1036338,7585,14479,39,1028753,1021859
2022-05-12,MD,2022-05-05,2022-05-11,1047261,10923,14509,30,1036338,1032752
2022-05-19,MD,2022-05-12,2022-05-18,1062235,14974,14544,35,1047261,1047691
2022-05-26,MD,2022-05-19,2022-05-25,1078122,15887,14580,36,1062235,1063542
2022-06-02,MD,2022-05-26,2022-06-01,1093441,15319,14612,32,1078122,1078829
2022-06-09,MD,2022-06-02,2022-06-08,1104084,10643,14654,42,1093441,1089430
2022-06-16,MD,2022-06-09,2022-06-15,1113849,9765,14702,48,1104084,1099147
2022-06-23,MD,2022-06-16,2022-06-22,1122792,8943,14752,50,1113849,1108040
2022-06-30,MD,2022-06-23,2022-06-29,1132805,10013,14784,32,1122792,1118021
2022-07-07,MD,2022-06-30,2022-07-06,1142366,9561,14826,42,1132805,1127540
2022-07-14,MD,2022-07-07,2022-07-13,1153203,10837,14862,36,1142366,1138341
2022-07-21,MD,2022-07-14,2022-07-20,1164135,10932,14897,35,1153203,1149238
2022-07-28,MD,2022-07-21,2022-07-27,1175517,11382,14962,65,1164135,1160555
2022-08-04,MD,2022-07-28,2022-08-03,1186717,11200,15006,44,1175517,1171711
2022-08-11,MD,2022-08-04,2022-08-10,1197484,10767,15041,35,1186717,1182443
2022-08-18,MD,2022-08-11,2022-08-17,1207014,9530,15093,52,1197484,1191921
2022-08-25,MD,2022-08-18,2022-08-24,1215687,8673,15136,43,1207014,1200551
2022-09-01,MD,2022-08-25,2022-08-31,1223111,7424,15188,52,1215687,1207923
2022-09-08,MD,2022-09-01,2022-09-07,1229594,6483,15227,39,1223111,1214367
2022-09-15,MD,2022-09-08,2022-09-14,1236299,6705,15285,58,1229594,1221014
2022-09-22,MD,2022-09-15,2022-09-21,1242666,6367,15340,55,1236299,1227326
2022-09-29,MD,2022-09-22,2022-09-28,1248321,5655,15386,46,1242666,1232935
2022-10-06,MD,2022-09-29,2022-10-05,1253043,4722,15419,33,1248321,1237624
2022-10-13,MD,2022-10-06,2022-10-12,1257358,4315,15455,36,1253043,1241903
2022-10-20,MD,2022-10-13,2022-10-19,1261834,4476,15497,42,1257358,1246337
2022-10-27,MD,2022-10-20,2022-10-26,1265975,4141,15531,34,1261834,1250444
2022-11-03,MD,2022-10-27,2022-11-02,1270844,4869,15578,47,1265975,1255266
2022-11-10,MD,2022-11-03,2022-11-09,1275208,4364,15603,25,1270844,1259605
2022-11-17,MD,2022-11-10,2022-11-16,1279883,4675,15651,48,1275208,1264232
2022-11-24,MD,2022-11-17,2022-11-23,1284176,4293,15690,39,1279883,1268486
2022-12-01,MD,2022-11-24,2022-11-30,1288308,4132,15734,44,1284176,1272574
2022-12-08,MD,2022-12-01,2022-12-07,1294916,6608,15785,51,1288308,1279131
2022-12-15,MD,2022-12-08,2022-12-14,1301557,6641,15830,45,1294916,1285727
2022-12-22,MD,2022-12-15,2022-12-21,1309092,7535,15888,58,1301557,1293204
2022-12-29,MD,2022-12-22,2022-12-28,1314971,5879,15939,51,1309092,1299032
2023-01-05,MD,2022-12-29,2023-01-04,1322943,7972,16006,67,1314971,1306937
2023-01-12,MD,2023-01-05,2023-01-11,1331022,8079,16083,77,1322943,1314939
2023-01-19,MD,2023-01-12,2023-01-18,1336429,5407,16155,72,1331022,1320274
2023-01-26,MD,2023-01-19,2023-01-25,1342082,5653,16222,67,1336429,1325860
2023-02-02,MD,2023-01-26,2023-02-01,1346906,4824,16277,55,1342082,1330629
2023-02-09,MD,2023-02-02,2023-02-08,1351408,4502,16338,61,1346906,1335070
2023-02-16,MD,2023-02-09,2023-02-15,1355614,4206,16394,56,1351408,1339220
2023-02-23,MD,2023-02-16,2023-02-22,1359115,3501,16437,43,1355614,1342678
2023-03-02,MD,2023-02-23,2023-03-01,1362196,3081,16488,51,1359115,1345708
2023-03-09,MD,2023-03-02,2023-03-08,1364866,2670,16534,46,1362196,1348332
2023-03-16,MD,2023-03-09,2023-03-15,1367297,2431,16570,36,1364866,1350727
2023-03-23,MD,2023-03-16,2023-03-22,1369241,1944,16603,33,1367297,1352638
2023-03-30,MD,2023-03-23,2023-03-29,1371341,2100,16629,26,1369241,1354712
2023-04-06,MD,2023-03-30,2023-04-05,1373082,1741,16652,23,1371341,1356430
2023-04-13,MD,2023-04-06,2023-04-12,1374454,1372,16677,25,1373082,1357777
2023-04-20,MD,2023-04-13,2023-04-19,1375811,1357,16698,21,1374454,1359113
2023-04-27,MD,2023-04-20,2023-04-26,1377152,1341,16710,12,1375811,1360442
2023-05-04,MD,2023-04-27,2023-05-03,1378226,1074,16726,16,1377152,1361500
2023-05-11,MD,2023-05-04,2023-05-10,1379385,1159,16740,14,1378226,1362645
2020-01-23,ME,2020-01-16,2020-01-22,0,0,0,0,0,0
2020-01-30,ME,2020-01-23,2020-01-29,0,0,0,0,0,0
2020-02-06,ME,2020-01-30,2020-02-05,0,0,0,0,0,0
2020-02-13,ME,2020-02-06,2020-02-12,0,0,0,0,0,0
2020-02-20,ME,2020-02-13,2020-02-19,0,0,0,0,0,0
2020-02-27,ME,2020-02-20,2020-02-26,0,0,0,0,0,0
2020-03-05,ME,2020-02-27,2020-03-04,0,0,0,0,0,0
2020-03-12,ME,2020-03-05,2020-03-11,0,0,0,0,0,0
2020-03-19,ME,2020-03-12,2020-03-18,35,35,0,0,0,35
2020-03-26,ME,2020-03-19,2020-03-25,142,107,0,0,35,142
2020-04-02,ME,2020-03-26,2020-04-01,303,161,5,5,142,298
2020-04-09,ME,2020-04-02,2020-04-08,537,234,14,9,303,523
2020-04-16,ME,2020-04-09,2020-04-15,769,232,24,10,537,745
2020-04-23,ME,2020-04-16,2020-04-22,906,137,39,15,769,867
2020-04-30,ME,2020-04-23,2020-04-29,1054,148,52,13,906,1002
2020-05-07,ME,2020-04-30,2020-05-06,1253,199,62,10,1054,1191
2020-05-14,ME,2020-05-07,2020-05-13,1514,261,66,4,1253,1448
2020-05-21,ME,2020-05-14,2020-05-20,1818,304,73,7,1514,1745
2020-05-28,ME,2020-05-21,2020-05-27,2136,318,81,8,1818,2055
2020-06-04,ME,2020-05-28,2020-06-03,2416,280,95,14,2136,2321
2020-06-11,ME,2020-06-04,2020-06-10,2637,221,100,5,2416,2537
2020-06-18,ME,2020-06-11,2020-06-17,2836,199,102,2,2637,2734
2020-06-25,ME,2020-06-18,2020-06-24,3018,182,103,1,2836,2915
2020-07-02,ME,2020-06-25,2020-07-01,3291,273,105,2,3018,3186
2020-07-09,ME,2020-07-02,2020-07-08,3457,166,110,5,3291,3347
2020-07-16,ME,2020-07-09,2020-07-15,3578,121,114,4,3457,3464
2020-07-23,ME,2020-07-16,2020-07-22,3721,143,118,4,3578,3603
2020-07-30,ME,2020-07-23,2020-07-29,3865,144,121,3,3721,3744
2020-08-06,ME,2020-07-30,2020-08-05,3992,127,124,3,3865,3868
2020-08-13,ME,2020-08-06,2020-08-12,4070,78,126,2,3992,3944
2020-08-20,ME,2020-08-13,2020-08-19,4234,164,127,1,4070,4107
2020-08-27,ME,2020-08-20,2020-08-26,4388,154,132,5,4234,4256
2020-09-03,ME,2020-08-27,2020-09-02,4568,180,133,1,4388,4435
2020-09-10,ME,2020-09-03,2020-09-09,4713,145,134,1,4568,4579
2020-09-17,ME,2020-09-10,2020-09-16,4941,228,138,4,4713,4803
2020-09-24,ME,2020-09-17,2020-09-23,5171,230,140,2,4941,5031
2020-10-01,ME,2020-09-24,2020-09-30,5389,218,141,1,5171,5248
2020-10-08,ME,2020-10-01,2020-10-07,5603,214,142,1,5389,5461
2020-10-15,ME,2020-10-08,2020-10-14,5811,208,143,1,5603,5668
2020-10-22,ME,2020-10-15,2020-10-21,6024,213,146,3,5811,5878
2020-10-29,ME,2020-10-22,2020-10-28,6386,362,146,0,6024,6240
2020-11-05,ME,2020-10-29,2020-11-04,7071,685,150,4,6386,6921
2020-11-12,ME,2020-11-05,2020-11-11,8202,1131,158,8,7071,8044
2020-11-19,ME,2020-11-12,2020-11-18,9519,1317,170,12,8202,9349
2020-11-26,ME,2020-11-19,2020-11-25,11027,1508,189,19,9519,10838
2020-12-03,ME,2020-11-26,2020-12-02,12562,1535,217,28,11027,12345
2020-12-10,ME,2020-12-03,2020-12-09,14861,2299,245,28,12562,14616
2020-12-17,ME,2020-12-10,2020-12-16,17901,3040,275,30,14861,17626
2020-12-24,ME,2020-12-17,2020-12-23,21226,3325,316,41,17901,20910
2020-12-31,ME,2020-12-24,2020-12-30,24201,2975,346,30,21226,23855
2021-01-07,ME,2020-12-31,2021-01-06,27625,3424,384,38,24201,27241
2021-01-14,ME,2021-01-07,2021-01-13,31958,4333,460,76,27625,31498
2021-01-21,ME,2021-01-14,2021-01-20,35638,3680,535,75,31958,35103
2021-01-28,ME,2021-01-21,2021-01-27,38454,2816,566,31,35638,37888
2021-02-04,ME,2021-01-28,2021-02-03,40534,2080,629,63,38454,39905
2021-02-11,ME,2021-02-04,2021-02-10,42064,1530,641,12,40534,41423
2021-02-18,ME,2021-02-11,2021-02-17,43095,1031,655,14,42064,42440
2021-02-25,ME,2021-02-18,2021-02-24,44118,1023,699,44,43095,43419
2021-03-04,ME,2021-02-25,2021-03-03,45231,1113,704,5,44118,44527
2021-03-11,ME,2021-03-04,2021-03-10,46448,1217,723,19,45231,45725
2021-03-18,ME,2021-03-11,2021-03-17,47832,1384,727,4,46448,47105
2021-03-25,ME,2021-03-18,2021-03-24,49190,1358,731,4,47832,48459
2021-04-01,ME,2021-03-25,2021-03-31,50788,1598,743,12,49190,50045
2021-04-08,ME,2021-04-01,2021-04-07,52996,2208,748,5,50788,52248
2021-04-15,ME,2021-04-08,2021-04-14,55954,2958,758,10,52996,55196
2021-04-22,ME,2021-04-15,2021-04-21,58868,2914,769,11,55954,58099
2021-04-29,ME,2021-04-22,2021-04-28,60945,2077,781,12,58868,60164
2021-05-06,ME,2021-04-29,2021-05-05,63176,2231,793,12,60945,62383
2021-05-13,ME,2021-05-06,2021-05-12,65045,1869,798,5,63176,64247
2021-05-20,ME,2021-05-13,2021-05-19,66535,1490,816,18,65045,65719
2021-05-27,ME,2021-05-20,2021-05-26,67424,889,825,9,66535,66599
2021-06-03,ME,2021-05-27,2021-06-02,67986,562,836,11,67424,67150
2021-06-10,ME,2021-06-03,2021-06-09,68449,463,842,6,67986,67607
2021-06-17,ME,2021-06-10,2021-06-16,68720,271,852,10,68449,67868
2021-06-24,ME,2021-06-17,2021-06-23,68889,169,854,2,68720,68035
2021-07-01,ME,2021-06-24,2021-06-30,69054,165,858,4,68889,68196
2021-07-08,ME,2021-07-01,2021-07-07,69190,136,860,2,69054,68330
2021-07-15,ME,2021-07-08,2021-07-14,69373,183,877,17,69190,68496
2021-07-22,ME,2021-07-15,2021-07-21,69781,408,891,14,69373,68890
2021-07-29,ME,2021-07-22,2021-07-28,70262,481,899,8,69781,69363
2021-08-05,ME,2021-07-29,2021-08-04,70996,734,900,1,70262,70096
2021-08-12,ME,2021-08-05,2021-08-11,72119,1123,903,3,70996,71216
2021-08-19,ME,2021-08-12,2021-08-18,73271,1152,921,18,72119,72350
2021-08-26,ME,2021-08-19,2021-08-25,74703,1432,926,5,73271,73777
2021-09-02,ME,2021-08-26,2021-09-01,76913,2210,937,11,74703,75976
2021-09-09,ME,2021-09-02,2021-09-08,79408,2495,949,12,76913,78459
2021-09-16,ME,2021-09-09,2021-09-15,82607,3199,979,30,79408,81628
2021-09-23,ME,2021-09-16,2021-09-22,85872,3265,1009,30,82607,84863
2021-09-30,ME,2021-09-23,2021-09-29,89989,4117,1022,13,85872,88967
2021-10-07,ME,2021-09-30,2021-10-06,93887,3898,1067,45,89989,92820
2021-10-14,ME,2021-10-07,2021-10-13,96640,2753,1088,21,93887,95552
2021-10-21,ME,2021-10-14,2021-10-20,99807,3167,1113,25,96640,98694
2021-10-28,ME,2021-10-21,2021-10-27,102469,2662,1154,41,99807,101315
2021-11-04,ME,2021-10-28,2021-11-03,106473,4004,1197,43,102469,105276
2021-11-11,ME,2021-11-04,2021-11-10,110347,3874,1220,23,106473,109127
2021-11-18,ME,2021-11-11,2021-11-17,114065,3718,1254,34,110347,112811
2021-11-25,ME,2021-11-18,2021-11-24,118489,4424,1303,49,114065,117186
2021-12-02,ME,2021-11-25,2021-12-01,121452,2963,1330,27,118489,120122
2021-12-09,ME,2021-12-02,2021-12-08,126833,5381,1357,27,121452,125476
2021-12-16,ME,2021-12-09,2021-12-15,134170,7337,1405,48,126833,132765
2021-12-23,ME,2021-12-16,2021-12-22,139421,5251,1468,63,134170,137953
2021-12-30,ME,2021-12-23,2021-12-29,145629,6208,1525,57,139421,144104
2022-01-06,ME,2021-12-30,2022-01-05,150845,5216,1592,67,145629,149253
2022-01-13,ME,2022-01-06,2022-01-12,158087,7242,1626,34,150845,156461
2022-01-20,ME,2022-01-13,2022-01-19,164326,6239,1692,66,158087,162634
2022-01-27,ME,2022-01-20,2022-01-26,171524,7198,1728,36,164326,169796
2022-02-03,ME,2022-01-27,2022-02-02,178502,6978,1777,49,171524,176725
2022-02-10,ME,2022-02-03,2022-02-09,184614,6112,1822,45,178502,182792
2022-02-17,ME,2022-02-10,2022-02-16,206005,21391,1883,61,184614,204122
2022-02-24,ME,2022-02-17,2022-02-23,222925,16920,1971,88,206005,220954
2022-03-03,ME,2022-02-24,2022-03-02,229207,6282,2075,104,222925,227132
2022-03-10,ME,2022-03-03,2022-03-09,231748,2541,2138,63,229207,229610
2022-03-17,ME,2022-03-10,2022-03-16,233196,1448,2179,41,231748,231017
2022-03-24,ME,2022-03-17,2022-03-23,234415,1219,2193,14,233196,232222
2022-03-31,ME,2022-03-24,2022-03-30,235790,1375,2202,9,234415,233588
2022-04-07,ME,2022-03-31,2022-04-06,237218,1428,2219,17,235790,234999
2022-04-14,ME,2022-04-07,2022-04-13,239130,1912,2276,57,237218,236854
2022-04-21,ME,2022-04-14,2022-04-20,241249,2119,2278,2,239130,238971
2022-04-28,ME,2022-04-21,2022-04-27,243592,2343,2282,4,241249,241310
2022-05-05,ME,2022-04-28,2022-05-04,248798,5206,2304,22,243592,246494
2022-05-12,ME,2022-05-05,2022-05-11,253654,4856,2331,27,248798,251323
2022-05-19,ME,2022-05-12,2022-05-18,257749,4095,2336,5,253654,255413
2022-05-26,ME,2022-05-19,2022-05-25,261587,3838,2346,10,257749,259241
2022-06-02,ME,2022-05-26,2022-06-01,263714,2127,2351,5,261587,261363
2022-06-09,ME,2022-06-02,2022-06-08,265571,1857,2401,50,263714,263170
2022-06-16,ME,2022-06-09,2022-06-15,267182,1611,2408,7,265571,264774
2022-06-23,ME,2022-06-16,2022-06-22,268386,1204,2409,1,267182,265977
2022-06-30,ME,2022-06-23,2022-06-29,269926,1540,2415,6,268386,267511
2022-07-07,ME,2022-06-30,2022-07-06,271149,1223,2453,38,269926,268696
2022-07-14,ME,2022-07-07,2022-07-13,272361,1212,2463,10,271149,269898
2022-07-21,ME,2022-07-14,2022-07-20,274015,1654,2464,1,272361,271551
2022-07-28,ME,2022-07-21,2022-07-27,275482,1467,2465,1,274015,273017
2022-08-04,ME,2022-07-28,2022-08-03,277013,1531,2486,21,275482,274527
2022-08-11,ME,2022-08-04,2022-08-10,278422,1409,2493,7,277013,275929
2022-08-18,ME,2022-08-11,2022-08-17,279931,1509,2497,4,278422,277434
2022-08-25,ME,2022-08-18,2022-08-24,281162,1231,2505,8,279931,278657
2022-09-01,ME,2022-08-25,2022-08-31,283147,1985,2512,7,281162,280635
2022-09-08,ME,2022-09-01,2022-09-07,284356,1209,2534,22,283147,281822
2022-09-15,ME,2022-09-08,2022-09-14,286017,1661,2564,30,284356,283453
2022-09-22,ME,2022-09-15,2022-09-21,287657,1640,2569,5,286017,285088
2022-09-29,ME,2022-09-22,2022-09-28,289066,1409,2577,8,287657,286489
2022-10-06,ME,2022-09-29,2022-10-05,291277,2211,2597,20,289066,288680
2022-10-13,ME,2022-10-06,2022-10-12,293090,1813,2621,24,291277,290469
2022-10-20,ME,2022-10-13,2022-10-19,295242,2152,2630,9,293090,292612
2022-10-27,ME,2022-10-20,2022-10-26,296746,1504,2642,12,295242,294104
2022-11-03,ME,2022-10-27,2022-11-02,298179,1433,2653,11,296746,295526
2022-11-10,ME,2022-11-03,2022-11-09,299321,1142,2711,58,298179,296610
2022-11-17,ME,2022-11-10,2022-11-16,300121,800,2715,4,299321,297406
2022-11-24,ME,2022-11-17,2022-11-23,300713,592,2721,6,300121,297992
2022-12-01,ME,2022-11-24,2022-11-30,301560,847,2722,1,300713,298838
2022-12-08,ME,2022-12-01,2022-12-07,302592,1032,2752,30,301560,299840
2022-12-15,ME,2022-12-08,2022-12-14,303854,1262,2777,25,302592,301077
2022-12-22,ME,2022-12-15,2022-12-21,305032,1178,2779,2,303854,302253
2022-12-29,ME,2022-12-22,2022-12-28,305984,952,2784,5,305032,303200
2023-01-05,ME,2022-12-29,2023-01-04,307075,1091,2790,6,305984,304285
2023-01-12,ME,2023-01-05,2023-01-11,308602,1527,2821,31,307075,305781
2023-01-19,ME,2023-01-12,2023-01-18,309680,1078,2852,31,308602,306828
2023-01-26,ME,2023-01-19,2023-01-25,310902,1222,2858,6,309680,308044
2023-02-02,ME,2023-01-26,2023-02-01,311980,1078,2861,3,310902,309119
2023-02-09,ME,2023-02-02,2023-02-08,313189,1209,2875,14,311980,310314
2023-02-16,ME,2023-02-09,2023-02-15,314118,929,2908,33,313189,311210
2023-02-23,ME,2023-02-16,2023-02-22,315068,950,2917,9,314118,312151
2023-03-02,ME,2023-02-23,2023-03-01,316760,1692,2921,4,315068,313839
2023-03-09,ME,2023-03-02,2023-03-08,318130,1370,2928,7,316760,315202
2023-03-16,ME,2023-03-09,2023-03-15,319103,973,2955,27,318130,316148
2023-03-23,ME,2023-03-16,2023-03-22,319997,894,2967,12,319103,317030
2023-03-30,ME,2023-03-23,2023-03-29,320678,681,2972,5,319997,317706
2023-04-06,ME,2023-03-30,2023-04-05,321246,568,2979,7,320678,318267
2023-04-13,ME,2023-04-06,2023-04-12,321730,484,2989,10,321246,318741
2023-04-20,ME,2023-04-13,2023-04-19,322043,313,2998,9,321730,319045
2023-04-27,ME,2023-04-20,2023-04-26,322448,405,3026,28,322043,319422
2023-05-04,ME,2023-04-27,2023-05-03,322720,272,3028,2,322448,319692
2023-05-11,ME,2023-05-04,2023-05-10,322982,262,3038,10,322720,319944
2020-01-23,MI,2020-01-16,2020-01-22,0,0,0,0,0,0
2020-01-30,MI,2020-01-23,2020-01-29,0,0,0,0,0,0
2020-02-06,MI,2020-01-30,2020-02-05,0,0,0,0,0,0
2020-02-13,MI,2020-02-06,2020-02-12,0,0,0,0,0,0
2020-02-20,MI,2020-02-13,2020-02-19,0,0,0,0,0,0
2020-02-27,MI,2020-02-20,2020-02-26,0,0,0,0,0,0
2020-03-05,MI,2020-02-27,2020-03-04,0,0,0,0,0,0
2020-03-12,MI,2020-03-05,2020-03-11,2,2,0,0,0,2
2020-03-19,MI,2020-03-12,2020-03-18,159,157,2,2,2,157
2020-03-26,MI,2020-03-19,2020-03-25,2465,2306,51,49,159,2414
2020-04-02,MI,2020-03-26,2020-04-01,9716,7251,370,319,2465,9346
2020-04-09,MI,2020-04-02,2020-04-08,21076,11360,1037,667,9716,20039
2020-04-16,MI,2020-04-09,2020-04-15,29144,8068,2055,1018,21076,27089
2020-04-23,MI,2020-04-16,2020-04-22,35405,6261,2987,932,29144,32418
2020-04-30,MI,2020-04-23,2020-04-29,42373,6968,3869,882,35405,38504
2020-05-07,MI,2020-04-30,2020-05-06,47737,5364,4464,595,42373,43273
2020-05-14,MI,2020-05-07,2020-05-13,51822,4085,4944,480,47737,46878
2020-05-21,MI,2020-05-14,2020-05-20,57311,5489,5295,351,51822,52016
2020-05-28,MI,2020-05-21,2020-05-27,60590,3279,5573,278,57311,55017
2020-06-04,MI,2020-05-28,2020-06-03,63636,3046,5812,239,60590,57824
2020-06-11,MI,2020-06-04,2020-06-10,65181,1545,5950,138,63636,59231
2020-06-18,MI,2020-06-11,2020-06-17,66499,1318,6035,85,65181,60464
2020-06-25,MI,2020-06-18,2020-06-24,68556,2057,6114,79,66499,62442
2020-07-02,MI,2020-06-25,2020-07-01,71089,2533,6197,83,68556,64892
2020-07-09,MI,2020-07-02,2020-07-08,74551,3462,6261,64,71089,68290
2020-07-16,MI,2020-07-09,2020-07-15,78905,4354,6326,65,74551,72579
2020-07-23,MI,2020-07-16,2020-07-22,83721,4816,6380,54,78905,77341
2020-07-30,MI,2020-07-23,2020-07-29,88969,5248,6419,39,83721,82550
2020-08-06,MI,2020-07-30,2020-08-05,93901,4932,6473,54,88969,87428
2020-08-13,MI,2020-08-06,2020-08-12,98730,4829,6538,65,93901,92192
2020-08-20,MI,2020-08-13,2020-08-19,104091,5361,6616,78,98730,97475
2020-08-27,MI,2020-08-20,2020-08-26,109484,5393,6688,72,104091,102796
2020-09-03,MI,2020-08-27,2020-09-02,114475,4991,6780,92,109484,107695
2020-09-10,MI,2020-09-03,2020-09-09,119871,5396,6868,88,114475,113003
2020-09-17,MI,2020-09-10,2020-09-16,125737,5866,6938,70,119871,118799
2020-09-24,MI,2020-09-17,2020-09-23,131252,5515,7009,71,125737,124243
2020-10-01,MI,2020-09-24,2020-09-30,138010,6758,7078,69,131252,130932
2020-10-08,MI,2020-10-01,2020-10-07,145093,7083,7167,89,138010,137926
2020-10-15,MI,2020-10-08,2020-10-14,154457,9364,7269,102,145093,147188
2020-10-22,MI,2020-10-15,2020-10-21,167868,13411,7416,147,154457,160452
2020-10-29,MI,2020-10-22,2020-10-28,185936,18068,7602,186,167868,178334
2020-11-05,MI,2020-10-29,2020-11-04,212126,26190,7783,181,185936,204343
2020-11-12,MI,2020-11-05,2020-11-11,251872,39746,8137,354,212126,243735
2020-11-19,MI,2020-11-12,2020-11-18,303058,51186,8572,435,251872,294486
2020-11-26,MI,2020-11-19,2020-11-25,352433,49375,9170,598,303058,343263
2020-12-03,MI,2020-11-26,2020-12-02,402887,50454,9849,679,352433,393038
2020-12-10,MI,2020-12-03,2020-12-09,448415,45528,10706,857,402887,437709
2020-12-17,MI,2020-12-10,2020-12-16,482781,34366,11588,882,448415,471193
2020-12-24,MI,2020-12-17,2020-12-23,508443,25662,12413,825,482781,496030
2020-12-31,MI,2020-12-24,2020-12-30,528593,20150,13014,601,508443,515579
2021-01-07,MI,2020-12-31,2021-01-06,551498,22905,13664,650,528593,537834
2021-01-14,MI,2021-01-07,2021-01-13,573278,21780,14332,668,551498,558946
2021-01-21,MI,2021-01-14,2021-01-20,589869,16591,14765,433,573278,575104
2021-01-28,MI,2021-01-21,2021-01-27,604227,14358,15317,552,589869,588910
2021-02-04,MI,2021-01-28,2021-02-03,615835,11608,15645,328,604227,600190
2021-02-11,MI,2021-02-04,2021-02-10,624970,9135,15939,294,615835,609031
2021-02-18,MI,2021-02-11,2021-02-17,632772,7802,16160,221,624970,616612
2021-02-25,MI,2021-02-18,2021-02-24,641268,8496,16389,229,632772,624879
2021-03-04,MI,2021-02-25,2021-03-03,650762,9494,16552,163,641268,634210
2021-03-11,MI,2021-03-04,2021-03-10,662573,11811,16698,146,650762,645875
2021-03-18,MI,2021-03-11,2021-03-17,680279,17706,16810,112,662573,663469
2021-03-25,MI,2021-03-18,2021-03-24,706552,26273,16947,137,680279,689605
2021-04-01,MI,2021-03-25,2021-03-31,746351,39799,17120,173,706552,729231
2021-04-08,MI,2021-04-01,2021-04-07,795492,49141,17372,252,746351,778120
2021-04-15,MI,2021-04-08,2021-04-14,850584,55092,17694,322,795492,832890
2021-04-22,MI,2021-04-15,2021-04-21,895447,44863,18130,436,850584,877317
2021-04-29,MI,2021-04-22,2021-04-28,928407,32960,18601,471,895447,909806
2021-05-06,MI,2021-04-29,2021-05-05,951900,23493,19099,498,928407,932801
2021-05-13,MI,2021-05-06,2021-05-12,970376,18476,19535,436,951900,950841
2021-05-20,MI,2021-05-13,2021-05-19,982399,12023,19930,395,970376,962469
2021-05-27,MI,2021-05-20,2021-05-26,989999,7600,20241,311,982399,969758
2021-06-03,MI,2021-05-27,2021-06-02,993424,3425,20416,175,989999,973008
2021-06-10,MI,2021-06-03,2021-06-09,996058,2634,20668,252,993424,975390
2021-06-17,MI,2021-06-10,2021-06-16,997798,1740,20820,152,996058,976978
2021-06-24,MI,2021-06-17,2021-06-23,998852,1054,20911,91,997798,977941
2021-07-01,MI,2021-06-24,2021-06-30,999961,1109,20989,78,998852,978972
2021-07-08,MI,2021-07-01,2021-07-07,1000896,935,21023,34,999961,979873
2021-07-15,MI,2021-07-08,2021-07-14,1002468,1572,21085,62,1000896,981383
2021-07-22,MI,2021-07-15,2021-07-21,1004628,2160,21115,30,1002468,983513
2021-07-29,MI,2021-07-22,2021-07-28,1008428,3800,21157,42,1004628,987271
2021-08-05,MI,2021-07-29,2021-08-04,1014085,5657,21206,49,1008428,992879
2021-08-12,MI,2021-08-05,2021-08-11,1025004,10919,21251,45,1014085,1003753
2021-08-19,MI,2021-08-12,2021-08-18,1035824,10820,21350,99,1025004,1014474
2021-08-26,MI,2021-08-19,2021-08-25,1050153,14329,21445,95,1035824,1028708
2021-09-02,MI,2021-08-26,2021-09-01,1065671,15518,21613,168,1050153,1044058
2021-09-09,MI,2021-09-02,2021-09-08,1081184,15513,21747,134,1065671,1059437
2021-09-16,MI,2021-09-09,2021-09-15,1102957,21773,21918,171,1081184,1081039
2021-09-23,MI,2021-09-16,2021-09-22,1125564,22607,22129,211,1102957,1103435
2021-09-30,MI,2021-09-23,2021-09-29,1150064,24500,22356,227,1125564,1127708
2021-10-07,MI,2021-09-30,2021-10-06,1178908,28844,22610,254,1150064,1156298
2021-10-14,MI,2021-10-07,2021-10-13,1209726,30818,22863,253,1178908,1186863
2021-10-21,MI,2021-10-14,2021-10-20,1237845,28119,23168,305,1209726,1214677
2021-10-28,MI,2021-10-21,2021-10-27,1265381,27536,23527,359,1237845,1241854
2021-11-04,MI,2021-10-28,2021-11-03,1297496,32115,23878,351,1265381,1273618
2021-11-11,MI,2021-11-04,2021-11-10,1329089,31593,24218,340,1297496,1304871
2021-11-18,MI,2021-11-11,2021-11-17,1387938,58849,24684,466,1329089,1363254
2021-11-25,MI,2021-11-18,2021-11-24,1447230,59292,25243,559,1387938,1421987
2021-12-02,MI,2021-11-25,2021-12-01,1494953,47723,25795,552,1447230,1469158
2021-12-09,MI,2021-12-02,2021-12-08,1553790,58837,26648,853,1494953,1527142
2021-12-16,MI,2021-12-09,2021-12-15,1599680,45890,27459,811,1553790,1572221
2021-12-23,MI,2021-12-16,2021-12-22,1645578,45898,28345,886,1599680,1617233
2021-12-30,MI,2021-12-23,2021-12-29,1710325,64747,29020,675,1645578,1681305
2022-01-06,MI,2021-12-30,2022-01-05,1808738,98413,29659,639,1710325,1779079
2022-01-13,MI,2022-01-06,2022-01-12,1940708,131970,30411,752,1808738,1910297
2022-01-20,MI,2022-01-13,2022-01-19,2082980,142272,31274,863,1940708,2051706
2022-01-27,MI,2022-01-20,2022-01-26,2203646,120666,31985,711,2082980,2171661
2022-02-03,MI,2022-01-27,2022-02-02,2283010,79364,32636,651,2203646,2250374
2022-02-10,MI,2022-02-03,2022-02-09,2316871,33861,33286,650,2283010,2283585
2022-02-17,MI,2022-02-10,2022-02-16,2337406,20535,33870,584,2316871,2303536
2022-02-24,MI,2022-02-17,2022-02-23,2350468,13062,34369,499,2337406,2316099
2022-03-03,MI,2022-02-24,2022-03-02,2363518,13050,34765,396,2350468,2328753
2022-03-10,MI,2022-03-03,2022-03-09,2369857,6339,35129,364,2363518,2334728
2022-03-17,MI,2022-03-10,2022-03-16,2375426,5569,35347,218,2369857,2340079
2022-03-24,MI,2022-03-17,2022-03-23,2382175,6749,35525,178,2375426,2346650
2022-03-31,MI,2022-03-24,2022-03-30,2387497,5322,35652,127,2382175,2351845
2022-04-07,MI,2022-03-31,2022-04-06,2393258,5761,35761,109,2387497,2357497
2022-04-14,MI,2022-04-07,2022-04-13,2400982,7724,35842,81,2393258,2365140
2022-04-21,MI,2022-04-14,2022-04-20,2411463,10481,35920,78,2400982,2375543
2022-04-28,MI,2022-04-21,2022-04-27,2425946,14483,35996,76,2411463,2389950
2022-05-05,MI,2022-04-28,2022-05-04,2444891,18945,36056,60,2425946,2408835
2022-05-12,MI,2022-05-05,2022-05-11,2472596,27705,36137,81,2444891,2436459
2022-05-19,MI,2022-05-12,2022-05-18,2501863,29267,36215,78,2472596,2465648
2022-05-26,MI,2022-05-19,2022-05-25,2527831,25968,36351,136,2501863,2491480
2022-06-02,MI,2022-05-26,2022-06-01,2547366,19535,36404,53,2527831,2510962
2022-06-09,MI,2022-06-02,2022-06-08,2565819,18453,36536,132,2547366,2529283
2022-06-16,MI,2022-06-09,2022-06-15,2581397,15578,36670,134,2565819,2544727
2022-06-23,MI,2022-06-16,2022-06-22,2592078,10681,36744,74,2581397,2555334
2022-06-30,MI,2022-06-23,2022-06-29,2606431,14353,36913,169,2592078,2569518
2022-07-07,MI,2022-06-30,2022-07-06,2619533,13102,36980,67,2606431,2582553
2022-07-14,MI,2022-07-07,2022-07-13,2636214,16681,37137,157,2619533,2599077
2022-07-21,MI,2022-07-14,2022-07-20,2652659,16445,37290,153,2636214,2615369
2022-07-28,MI,2022-07-21,2022-07-27,2672312,19653,37426,136,2652659,2634886
2022-08-04,MI,2022-07-28,2022-08-03,2692485,20173,37533,107,2672312,2654952
2022-08-11,MI,2022-08-04,2022-08-10,2708622,16137,37670,137,2692485,2670952
2022-08-18,MI,2022-08-11,2022-08-17,2731787,23165,37774,104,2708622,2694013
2022-08-25,MI,2022-08-18,2022-08-24,2751201,19414,37907,133,2731787,2713294
2022-09-01,MI,2022-08-25,2022-08-31,2770359,19158,38038,131,2751201,2732321
2022-09-08,MI,2022-09-01,2022-09-07,2786213,15854,38121,83,2770359,2748092
2022-09-15,MI,2022-09-08,2022-09-14,2804588,18375,38317,196,2786213,2766271
2022-09-22,MI,2022-09-15,2022-09-21,2821489,16901,38464,147,2804588,2783025
2022-09-29,MI,2022-09-22,2022-09-28,2836167,14678,38623,159,2821489,2797544
2022-10-06,MI,2022-09-29,2022-10-05,2849047,12880,38767,144,2836167,2810280
2022-10-13,MI,2022-10-06,2022-10-12,2861595,12548,38919,152,2849047,2822676
2022-10-20,MI,2022-10-13,2022-10-19,2874009,12414,39092,173,2861595,2834917
2022-10-27,MI,2022-10-20,2022-10-26,2886176,12167,39249,157,2874009,2846927
2022-11-03,MI,2022-10-27,2022-11-02,2897827,11651,39406,157,2886176,2858421
2022-11-10,MI,2022-11-03,2022-11-09,2907819,9992,39574,168,2897827,2868245
2022-11-17,MI,2022-11-10,2022-11-16,2920679,12860,39697,123,2907819,2880982
2022-11-24,MI,2022-11-17,2022-11-23,2929612,8933,39972,275,2920679,2889640
2022-12-01,MI,2022-11-24,2022-11-30,2938443,8831,40085,113,2929612,2898358
2022-12-08,MI,2022-12-01,2022-12-07,2950361,11918,40325,240,2938443,2910036
2022-12-15,MI,2022-12-08,2022-12-14,2963404,13043,40506,181,2950361,2922898
2022-12-22,MI,2022-12-15,2022-12-21,2977727,14323,40657,151,2963404,2937070
2022-12-29,MI,2022-12-22,2022-12-28,2988654,10927,40766,109,2977727,2947888
2023-01-05,MI,2022-12-29,2023-01-04,2998447,9793,40835,69,2988654,2957612
2023-01-12,MI,2023-01-05,2023-01-11,3008261,9814,41001,166,2998447,2967260
2023-01-19,MI,2023-01-12,2023-01-18,3017947,9686,41183,182,3008261,2976764
2023-01-26,MI,2023-01-19,2023-01-25,3024475,6528,41444,261,3017947,2983031
2023-02-02,MI,2023-01-26,2023-02-01,3030505,6030,41689,245,3024475,2988816
2023-02-09,MI,2023-02-02,2023-02-08,3036304,5799,41808,119,3030505,2994496
2023-02-16,MI,2023-02-09,2023-02-15,3043192,6888,41867,59,3036304,3001325
2023-02-23,MI,2023-02-16,2023-02-22,3049739,6547,41956,89,3043192,3007783
2023-03-02,MI,2023-02-23,2023-03-01,3057222,7483,42094,138,3049739,3015128
2023-03-09,MI,2023-03-02,2023-03-08,3064125,6903,42204,110,3057222,3021921
2023-03-16,MI,2023-03-09,2023-03-15,3071563,7438,42277,73,3064125,3029286
2023-03-23,MI,2023-03-16,2023-03-22,3077552,5989,42366,89,3071563,3035186
2023-03-30,MI,2023-03-23,2023-03-29,3084114,6562,42453,87,3077552,3041661
2023-04-06,MI,2023-03-30,2023-04-05,3089377,5263,42522,69,3084114,3046855
2023-04-13,MI,2023-04-06,2023-04-12,3094023,4646,42611,89,3089377,3051412
2023-04-20,MI,2023-04-13,2023-04-19,3097890,3867,42666,55,3094023,3055224
2023-04-27,MI,2023-04-20,2023-04-26,3101014,3124,42748,82,3097890,3058266
2023-05-04,MI,2023-04-27,2023-05-03,3103644,2630,42811,63,3101014,3060833
2023-05-11,MI,2023-05-04,2023-05-10,3106362,2718,42873,62,3103644,3063489
2020-01-23,MN,2020-01-16,2020-01-22,0,0,0,0,0,0
2020-01-30,MN,2020-01-23,2020-01-29,0,0,0,0,0,0
2020-02-06,MN,2020-01-30,2020-02-05,0,0,0,0,0,0
2020-02-13,MN,2020-02-06,2020-02-12,0,0,0,0,0,0
2020-02-20,MN,2020-02-13,2020-02-19,0,0,0,0,0,0
2020-02-27,MN,2020-02-20,2020-02-26,0,0,0,0,0,0
2020-03-05,MN,2020-02-27,2020-03-04,0,0,0,0,0,0
2020-03-12,MN,2020-03-05,2020-03-11,5,5,0,0,0,5
2020-03-19,MN,2020-03-12,2020-03-18,77,72,0,0,5,77
2020-03-26,MN,2020-03-19,2020-03-25,283,206,10,10,77,273
2020-04-02,MN,2020-03-26,2020-04-01,689,406,38,28,283,651
2020-04-09,MN,2020-04-02,2020-04-08,1154,465,88,50,689,1066
2020-04-16,MN,2020-04-09,2020-04-15,1804,650,206,118,1154,1598
2020-04-23,MN,2020-04-16,2020-04-22,2717,913,367,161,1804,2350
2020-04-30,MN,2020-04-23,2020-04-29,4639,1922,554,187,2717,4085
2020-05-07,MN,2020-04-30,2020-05-06,8561,3922,727,173,4639,7834
2020-05-14,MN,2020-05-07,2020-05-13,12884,4323,932,205,8561,11952
2020-05-21,MN,2020-05-14,2020-05-20,17607,4723,1127,195,12884,16480
2020-05-28,MN,2020-05-21,2020-05-27,22393,4786,1331,204,17607,21062
2020-06-04,MN,2020-05-28,2020-06-03,25799,3406,1448,117,22393,24351
2020-06-11,MN,2020-06-04,2020-06-10,28787,2988,1507,59,25799,27280
2020-06-18,MN,2020-06-11,2020-06-17,31237,2450,1552,45,28787,29685
2020-06-25,MN,2020-06-18,2020-06-24,33700,2463,1583,31,31237,32117
2020-07-02,MN,2020-06-25,2020-07-01,36658,2958,1612,29,33700,35046
2020-07-09,MN,2020-07-02,2020-07-08,39523,2865,1637,25,36658,37886
2020-07-16,MN,2020-07-09,2020-07-15,43681,4158,1666,29,39523,42015
2020-07-23,MN,2020-07-16,2020-07-22,47881,4200,1702,36,43681,46179
2020-07-30,MN,2020-07-23,2020-07-29,52812,4931,1744,42,47881,51068
2020-08-06,MN,2020-07-30,2020-08-05,57615,4803,1796,52,52812,55819
2020-08-13,MN,2020-08-06,2020-08-12,62143,4528,1853,57,57615,60290
2020-08-20,MN,2020-08-13,2020-08-19,66473,4330,1916,63,62143,64557
2020-08-27,MN,2020-08-20,2020-08-26,71104,4631,1975,59,66473,69129
2020-09-03,MN,2020-08-27,2020-09-02,76925,5821,2023,48,71104,74902
2020-09-10,MN,2020-09-03,2020-09-09,81678,4753,2075,52,76925,79603
2020-09-17,MN,2020-09-10,2020-09-16,85679,4001,2117,42,81678,83562
2020-09-24,MN,2020-09-17,2020-09-23,91929,6250,2204,87,85679,89725
2020-10-01,MN,2020-09-24,2020-09-30,99023,7094,2307,103,91929,96716
2020-10-08,MN,2020-10-01,2020-10-07,106596,7573,2383,76,99023,104213
2020-10-15,MN,2020-10-08,2020-10-14,115790,9194,2505,122,106596,113285
2020-10-22,MN,2020-10-15,2020-10-21,126416,10626,2657,152,115790,123759
2020-10-29,MN,2020-10-22,2020-10-28,139232,12816,2854,197,126416,136378
2020-11-05,MN,2020-10-29,2020-11-04,160667,21435,3153,299,139232,157514
2020-11-12,MN,2020-11-05,2020-11-11,194259,33592,3552,399,160667,190707
2020-11-19,MN,2020-11-12,2020-11-18,241612,47353,4083,531,194259,237529
2020-11-26,MN,2020-11-19,2020-11-25,288759,47147,4660,577,241612,284099
2020-12-03,MN,2020-11-26,2020-12-02,326816,38057,5162,502,288759,321654
2020-12-10,MN,2020-12-03,2020-12-09,362978,36162,5632,470,326816,357346
2020-12-17,MN,2020-12-10,2020-12-16,385641,22663,5965,333,362978,379676
2020-12-24,MN,2020-12-17,2020-12-23,401728,16087,6185,220,385641,395543
2020-12-31,MN,2020-12-24,2020-12-30,412377,10649,6365,180,401728,406012
2021-01-07,MN,2020-12-31,2021-01-06,426845,14468,6541,176,412377,420304
2021-01-14,MN,2021-01-07,2021-01-13,439628,12783,6655,114,426845,432973
2021-01-21,MN,2021-01-14,2021-01-20,448791,9163,6753,98,439628,442038
2021-01-28,MN,2021-01-21,2021-01-27,456613,7822,6823,70,448791,449790
2021-02-04,MN,2021-01-28,2021-02-03,463128,6515,6881,58,456613,456247
2021-02-11,MN,2021-02-04,2021-02-10,469290,6162,6915,34,463128,462375
2021-02-18,MN,2021-02-11,2021-02-17,474798,5508,6949,34,469290,467849
2021-02-25,MN,2021-02-18,2021-02-24,480285,5487,6980,31,474798,473305
2021-03-04,MN,2021-02-25,2021-03-03,485885,5600,7005,25,480285,478880
2021-03-11,MN,2021-03-04,2021-03-10,492496,6611,7176,171,485885,485320
2021-03-18,MN,2021-03-11,2021-03-17,499445,6949,7208,32,492496,492237
2021-03-25,MN,2021-03-18,2021-03-24,508037,8592,7246,38,499445,500791
2021-04-01,MN,2021-03-25,2021-03-31,519018,10981,7297,51,508037,511721
2021-04-08,MN,2021-04-01,2021-04-07,532130,13112,7348,51,519018,524782
2021-04-15,MN,2021-04-08,2021-04-14,546564,14434,7417,69,532130,539147
2021-04-22,MN,2021-04-15,2021-04-21,559894,13330,7494,77,546564,552400
2021-04-29,MN,2021-04-22,2021-04-28,571445,11551,7554,60,559894,563891
2021-05-06,MN,2021-04-29,2021-05-05,581943,10498,7607,53,571445,574336
2021-05-13,MN,2021-05-06,2021-05-12,589817,7874,7642,35,581943,582175
2021-05-20,MN,2021-05-13,2021-05-19,595545,5728,7676,34,589817,587869
2021-05-27,MN,2021-05-20,2021-05-26,599287,3742,7702,26,595545,591585
2021-06-03,MN,2021-05-27,2021-06-02,601023,1736,7715,13,599287,593308
2021-06-10,MN,2021-06-03,2021-06-09,602542,1519,7732,17,601023,594810
2021-06-17,MN,2021-06-10,2021-06-16,603533,991,7737,5,602542,595796
2021-06-24,MN,2021-06-17,2021-06-23,604301,768,7739,2,603533,596562
2021-07-01,MN,2021-06-24,2021-06-30,604959,658,7744,5,604301,597215
2021-07-08,MN,2021-07-01,2021-07-07,605665,706,7748,4,604959,597917
2021-07-15,MN,2021-07-08,2021-07-14,606704,1039,7754,6,605665,598950
2021-07-22,MN,2021-07-15,2021-07-21,608322,1618,7770,16,606704,600552
2021-07-29,MN,2021-07-22,2021-07-28,611101,2779,7783,13,608322,603318
2021-08-05,MN,2021-07-29,2021-08-04,615550,4449,7818,35,611101,607732
2021-08-12,MN,2021-08-05,2021-08-11,621838,6288,7851,33,615550,613987
2021-08-19,MN,2021-08-12,2021-08-18,630133,8295,7913,62,621838,622220
2021-08-26,MN,2021-08-19,2021-08-25,640059,9926,7980,67,630133,632079
2021-09-02,MN,2021-08-26,2021-09-01,650996,10937,8060,80,640059,642936
2021-09-09,MN,2021-09-02,2021-09-08,662868,11872,8140,80,650996,654728
2021-09-16,MN,2021-09-09,2021-09-15,676117,13249,8275,135,662868,667842
2021-09-23,MN,2021-09-16,2021-09-22,691445,15328,8391,116,676117,683054
2021-09-30,MN,2021-09-23,2021-09-29,707908,16463,8521,130,691445,699387
2021-10-07,MN,2021-09-30,2021-10-06,729018,21110,8668,147,707908,720350
2021-10-14,MN,2021-10-07,2021-10-13,748869,19851,8838,170,729018,740031
2021-10-21,MN,2021-10-14,2021-10-20,765504,16635,8988,150,748869,756516
2021-10-28,MN,2021-10-21,2021-10-27,781358,15854,9148,160,765504,772210
2021-11-04,MN,2021-10-28,2021-11-03,807781,26423,9413,265,781358,798368
2021-11-11,MN,2021-11-04,2021-11-10,831522,23741,9623,210,807781,821899
2021-11-18,MN,2021-11-11,2021-11-17,861073,29551,9901,278,831522,851172
2021-11-25,MN,2021-11-18,2021-11-24,890942,29869,10143,242,861073,880799
2021-12-02,MN,2021-11-25,2021-12-01,915721,24779,10411,268,890942,905310
2021-12-09,MN,2021-12-02,2021-12-08,948288,32567,10682,271,915721,937606
2021-12-16,MN,2021-12-09,2021-12-15,971464,23176,10928,246,948288,960536
2021-12-23,MN,2021-12-16,2021-12-22,992664,21200,11103,175,971464,981561
2021-12-30,MN,2021-12-23,2021-12-29,1015218,22554,11263,160,992664,1003955
2022-01-06,MN,2021-12-30,2022-01-05,1049032,33814,11356,93,1015218,1037676
2022-01-13,MN,2022-01-06,2022-01-12,1114849,65817,11601,245,1049032,1103248
2022-01-20,MN,2022-01-13,2022-01-19,1193028,78179,11821,220,1114849,1181207
2022-01-27,MN,2022-01-20,2022-01-26,1279853,86825,12027,206,1193028,1267826
2022-02-03,MN,2022-01-27,2022-02-02,1346213,66360,12264,237,1279853,1333949
2022-02-10,MN,2022-02-03,2022-02-09,1378201,31988,12416,152,1346213,1365785
2022-02-17,MN,2022-02-10,2022-02-16,1399648,21447,12496,80,1378201,1387152
2022-02-24,MN,2022-02-17,2022-02-23,1409761,10113,12540,44,1399648,1397221
2022-03-03,MN,2022-02-24,2022-03-02,1415623,5862,12584,44,1409761,1403039
2022-03-10,MN,2022-03-03,2022-03-09,1420213,4590,12605,21,1415623,1407608
2022-03-17,MN,2022-03-10,2022-03-16,1423281,3068,12627,22,1420213,1410654
2022-03-24,MN,2022-03-17,2022-03-23,1426083,2802,12640,13,1423281,1413443
2022-03-31,MN,2022-03-24,2022-03-30,1428858,2775,12651,11,1426083,1416207
2022-04-07,MN,2022-03-31,2022-04-06,1431839,2981,12658,7,1428858,1419181
2022-04-14,MN,2022-04-07,2022-04-13,1435771,3932,12671,13,1431839,1423100
2022-04-21,MN,2022-04-14,2022-04-20,1441150,5379,12690,19,1435771,1428460
2022-04-28,MN,2022-04-21,2022-04-27,1448803,7653,12710,20,1441150,1436093
2022-05-05,MN,2022-04-28,2022-05-04,1459224,10421,12737,27,1448803,1446487
2022-05-12,MN,2022-05-05,2022-05-11,1473412,14188,12766,29,1459224,1460646
2022-05-19,MN,2022-05-12,2022-05-18,1488215,14803,12806,40,1473412,1475409
2022-05-26,MN,2022-05-19,2022-05-25,1500462,12247,12854,48,1488215,1487608
2022-06-02,MN,2022-05-26,2022-06-01,1508860,8398,12886,32,1500462,1495974
2022-06-09,MN,2022-06-02,2022-06-08,1523217,14357,12930,44,1508860,1510287
2022-06-16,MN,2022-06-09,2022-06-15,1533786,10569,12960,30,1523217,1520826
2022-06-23,MN,2022-06-16,2022-06-22,1540335,6549,12981,21,1533786,1527354
2022-06-30,MN,2022-06-23,2022-06-29,1552792,12457,13035,54,1540335,1539757
2022-07-07,MN,2022-06-30,2022-07-06,1561434,8642,13055,20,1552792,1548379
2022-07-14,MN,2022-07-07,2022-07-13,1570958,9524,13092,37,1561434,1557866
2022-07-21,MN,2022-07-14,2022-07-20,1580453,9495,13121,29,1570958,1567332
2022-07-28,MN,2022-07-21,2022-07-27,1590518,10065,13154,33,1580453,1577364
2022-08-04,MN,2022-07-28,2022-08-03,1600960,10442,13193,39,1590518,1587767
2022-08-11,MN,2022-08-04,2022-08-10,1611203,10243,13241,48,1600960,1597962
2022-08-18,MN,2022-08-11,2022-08-17,1621144,9941,13267,26,1611203,1607877
2022-08-25,MN,2022-08-18,2022-08-24,1630775,9631,13309,42,1621144,1617466
2022-09-01,MN,2022-08-25,2022-08-31,1639163,8388,13341,32,1630775,1625822
2022-09-08,MN,2022-09-01,2022-09-07,1645601,6438,13380,39,1639163,1632221
2022-09-15,MN,2022-09-08,2022-09-14,1651956,6355,13427,47,1645601,1638529
2022-09-22,MN,2022-09-15,2022-09-21,1658641,6685,13460,33,1651956,1645181
2022-09-29,MN,2022-09-22,2022-09-28,1664763,6122,13493,33,1658641,1651270
2022-10-06,MN,2022-09-29,2022-10-05,1670727,5964,13521,28,1664763,1657206
2022-10-13,MN,2022-10-06,2022-10-12,1676113,5386,13563,42,1670727,1662550
2022-10-20,MN,2022-10-13,2022-10-19,1680875,4762,13606,43,1676113,1667269
2022-10-27,MN,2022-10-20,2022-10-26,1686001,5126,13667,61,1680875,1672334
2022-11-03,MN,2022-10-27,2022-11-02,1691022,5021,13719,52,1686001,1677303
2022-11-10,MN,2022-11-03,2022-11-09,1696218,5196,13768,49,1691022,1682450
2022-11-17,MN,2022-11-10,2022-11-16,1701304,5086,13827,59,1696218,1687477
2022-11-24,MN,2022-11-17,2022-11-23,1707857,6553,13886,59,1701304,1693971
2022-12-01,MN,2022-11-24,2022-11-30,1713078,5221,13934,48,1707857,1699144
2022-12-08,MN,2022-12-01,2022-12-07,1719424,6346,13991,57,1713078,1705433
2022-12-15,MN,2022-12-08,2022-12-14,1725148,5724,14052,61,1719424,1711096
2022-12-22,MN,2022-12-15,2022-12-21,1730978,5830,14090,38,1725148,1716888
2022-12-29,MN,2022-12-22,2022-12-28,1734641,3663,14130,40,1730978,1720511
2023-01-05,MN,2022-12-29,2023-01-04,1739379,4738,14185,55,1734641,1725194
2023-01-12,MN,2023-01-05,2023-01-11,1744926,5547,14241,56,1739379,1730685
2023-01-19,MN,2023-01-12,2023-01-18,1747552,2626,14268,27,1744926,1733284
2023-01-26,MN,2023-01-19,2023-01-25,1752889,5337,14307,39,1747552,1738582
2023-02-02,MN,2023-01-26,2023-02-01,1757195,4306,14343,36,1752889,1742852
2023-02-09,MN,2023-02-02,2023-02-08,1761678,4483,14374,31,1757195,1747304
2023-02-16,MN,2023-02-09,2023-02-15,1766652,4974,14408,34,1761678,1752244
2023-02-23,MN,2023-02-16,2023-02-22,1769992,3340,14419,11,1766652,1755573
2023-03-02,MN,2023-02-23,2023-03-01,1775249,5257,14448,29,1769992,1760801
2023-03-09,MN,2023-03-02,2023-03-08,1778860,3611,14461,13,1775249,1764399
2023-03-16,MN,2023-03-09,2023-03-15,1781646,2786,14497,36,1778860,1767149
2023-03-23,MN,2023-03-16,2023-03-22,1784257,2611,14539,42,1781646,1769718
2023-03-30,MN,2023-03-23,2023-03-29,1786691,2434,14584,45,1784257,1772107
2023-04-06,MN,2023-03-30,2023-04-05,1788628,1937,14623,39,1786691,1774005
2023-04-13,MN,2023-04-06,2023-04-12,1790445,1817,14659,36,1788628,1775786
2023-04-20,MN,2023-04-13,2023-04-19,1792067,1622,14696,37,1790445,1777371
2023-04-27,MN,2023-04-20,2023-04-26,1793332,1265,14720,24,1792067,1778612
2023-05-04,MN,2023-04-27,2023-05-03,1794569,1237,14747,27,1793332,1779822
2023-05-11,MN,2023-05-04,2023-05-10,1795771,1202,14770,23,1794569,1781001
2020-01-23,MO,2020-01-16,2020-01-22,0,0,0,0,0,0
2020-01-30,MO,2020-01-23,2020-01-29,0,0,0,0,0,0
2020-02-06,MO,2020-01-30,2020-02-05,0,0,0,0,0,0
2020-02-13,MO,2020-02-06,2020-02-12,0,0,0,0,0,0
2020-02-20,MO,2020-02-13,2020-02-19,0,0,0,0,0,0
2020-02-27,MO,2020-02-20,2020-02-26,0,0,0,0,0,0
2020-03-05,MO,2020-02-27,2020-03-04,0,0,0,0,0,0
2020-03-12,MO,2020-03-05,2020-03-11,1,1,0,0,0,1
2020-03-19,MO,2020-03-12,2020-03-18,23,22,0,0,1,23
2020-03-26,MO,2020-03-19,2020-03-25,417,394,7,7,23,410
2020-04-02,MO,2020-03-26,2020-04-01,1733,1316,28,21,417,1705
2020-04-09,MO,2020-04-02,2020-04-08,3417,1684,100,72,1733,3317
2020-04-16,MO,2020-04-09,2020-04-15,4989,1572,199,99,3417,4790
2020-04-23,MO,2020-04-16,2020-04-22,6237,1248,309,110,4989,5928
2020-04-30,MO,2020-04-23,2020-04-29,7596,1359,447,138,6237,7149
2020-05-07,MO,2020-04-30,2020-05-06,9377,1781,561,114,7596,8816
2020-05-14,MO,2020-05-07,2020-05-13,10426,1049,690,129,9377,9736
2020-05-21,MO,2020-05-14,2020-05-20,11581,1155,795,105,10426,10786
2020-05-28,MO,2020-05-21,2020-05-27,12914,1333,867,72,11581,12047
2020-06-04,MO,2020-05-28,2020-06-03,14383,1469,937,70,12914,13446
2020-06-11,MO,2020-06-04,2020-06-10,15770,1387,985,48,14383,14785
2020-06-18,MO,2020-06-11,2020-06-17,17353,1583,1036,51,15770,16317
2020-06-25,MO,2020-06-18,2020-06-24,19757,2404,1085,49,17353,18672
2020-07-02,MO,2020-06-25,2020-07-01,22519,2762,1138,53,19757,21381
2020-07-09,MO,2020-07-02,2020-07-08,25968,3449,1188,50,22519,24780
2020-07-16,MO,2020-07-09,2020-07-15,30355,4387,1230,42,25968,29125
2020-07-23,MO,2020-07-16,2020-07-22,37133,6778,1304,74,30355,35829
2020-07-30,MO,2020-07-23,2020-07-29,48856,11723,1388,84,37133,47468
2020-08-06,MO,2020-07-30,2020-08-05,56529,7673,1488,100,48856,55041
2020-08-13,MO,2020-08-06,2020-08-12,63865,7336,1600,112,56529,62265
2020-08-20,MO,2020-08-13,2020-08-19,72057,8192,1719,119,63865,70338
2020-08-27,MO,2020-08-20,2020-08-26,79840,7783,1847,128,72057,77993
2020-09-03,MO,2020-08-27,2020-09-02,88971,9131,1976,129,79840,86995
2020-09-10,MO,2020-09-03,2020-09-09,98128,9157,2108,132,88971,96020
2020-09-17,MO,2020-09-10,2020-09-16,110153,12025,2269,161,98128,107884
2020-09-24,MO,2020-09-17,2020-09-23,120605,10452,2424,155,110153,118181
2020-10-01,MO,2020-09-24,2020-09-30,133131,12526,2623,199,120605,130508
2020-10-08,MO,2020-10-01,2020-10-07,143456,10325,2864,241,133131,140592
2020-10-15,MO,2020-10-08,2020-10-14,156161,12705,3095,231,143456,153066
2020-10-22,MO,2020-10-15,2020-10-21,169001,12840,3349,254,156161,165652
2020-10-29,MO,2020-10-22,2020-10-28,184999,15998,3629,280,169001,181370
2020-11-05,MO,2020-10-29,2020-11-04,205839,20840,3955,326,184999,201884
2020-11-12,MO,2020-11-05,2020-11-11,236037,30198,4372,417,205839,231665
2020-11-19,MO,2020-11-12,2020-11-18,270480,34443,4832,460,236037,265648
2020-11-26,MO,2020-11-19,2020-11-25,303511,33031,5419,587,270480,298092
2020-12-03,MO,2020-11-26,2020-12-02,327640,24129,6004,585,303511,321636
2020-12-10,MO,2020-12-03,2020-12-09,356945,29305,6587,583,327640,350358
2020-12-17,MO,2020-12-10,2020-12-16,384766,27821,7184,597,356945,377582
2020-12-24,MO,2020-12-17,2020-12-23,409373,24607,7682,498,384766,401691
2020-12-31,MO,2020-12-24,2020-12-30,430300,20927,8158,476,409373,422142
2021-01-07,MO,2020-12-31,2021-01-06,455889,25589,8603,445,430300,447286
2021-01-14,MO,2021-01-07,2021-01-13,480131,24242,9057,454,455889,471074
2021-01-21,MO,2021-01-14,2021-01-20,497607,17476,9471,414,480131,488136
2021-01-28,MO,2021-01-21,2021-01-27,512607,15000,9805,334,497607,502802
2021-02-04,MO,2021-01-28,2021-02-03,524422,11815,10079,274,512607,514343
2021-02-11,MO,2021-02-04,2021-02-10,533443,9021,10276,197,524422,523167
2021-02-18,MO,2021-02-11,2021-02-17,539283,5840,10446,170,533443,528837
2021-02-25,MO,2021-02-18,2021-02-24,545392,6109,10585,139,539283,534807
2021-03-04,MO,2021-02-25,2021-03-03,549581,4189,10674,89,545392,538907
2021-03-11,MO,2021-03-04,2021-03-10,553801,4220,10756,82,549581,543045
2021-03-18,MO,2021-03-11,2021-03-17,558183,4382,10819,63,553801,547364
2021-03-25,MO,2021-03-18,2021-03-24,562675,4492,10876,57,558183,551799
2021-04-01,MO,2021-03-25,2021-03-31,566777,4102,10950,74,562675,555827
2021-04-08,MO,2021-04-01,2021-04-07,570794,4017,11005,55,566777,559789
2021-04-15,MO,2021-04-08,2021-04-14,575258,4464,11057,52,570794,564201
2021-04-22,MO,2021-04-15,2021-04-21,579689,4431,11112,55,575258,568577
2021-04-29,MO,2021-04-22,2021-04-28,584076,4387,11163,51,579689,572913
2021-05-06,MO,2021-04-29,2021-05-05,588854,4778,11220,57,584076,577634
2021-05-13,MO,2021-05-06,2021-05-12,592037,3183,11269,49,588854,580768
2021-05-20,MO,2021-05-13,2021-05-19,594973,2936,11324,55,592037,583649
2021-05-27,MO,2021-05-20,2021-05-26,598140,3167,11369,45,594973,586771
2021-06-03,MO,2021-05-27,2021-06-02,601012,2872,11401,32,598140,589611
2021-06-10,MO,2021-06-03,2021-06-09,604504,3492,11448,47,601012,593056
2021-06-17,MO,2021-06-10,2021-06-16,608731,4227,11503,55,604504,597228
2021-06-24,MO,2021-06-17,2021-06-23,613824,5093,11563,60,608731,602261
2021-07-01,MO,2021-06-24,2021-06-30,620218,6394,11657,94,613824,608561
2021-07-08,MO,2021-07-01,2021-07-07,628194,7976,11742,85,620218,616452
2021-07-15,MO,2021-07-08,2021-07-14,640482,12288,11860,118,628194,628622
2021-07-22,MO,2021-07-15,2021-07-21,656274,15792,12042,182,640482,644232
2021-07-29,MO,2021-07-22,2021-07-28,674619,18345,12242,200,656274,662377
2021-08-05,MO,2021-07-29,2021-08-04,694265,19646,12506,264,674619,681759
2021-08-12,MO,2021-08-05,2021-08-11,713691,19426,12828,322,694265,700863
2021-08-19,MO,2021-08-12,2021-08-18,731804,18113,13162,334,713691,718642
2021-08-26,MO,2021-08-19,2021-08-25,748241,16437,13487,325,731804,734754
2021-09-02,MO,2021-08-26,2021-09-01,764358,16117,13802,315,748241,750556
2021-09-09,MO,2021-09-02,2021-09-08,778904,14546,14054,252,764358,764850
2021-09-16,MO,2021-09-09,2021-09-15,795347,16443,14291,237,778904,781056
2021-09-23,MO,2021-09-16,2021-09-22,808871,13524,14524,233,795347,794347
2021-09-30,MO,2021-09-23,2021-09-29,820742,11871,14748,224,808871,805994
2021-10-07,MO,2021-09-30,2021-10-06,830940,10198,14943,195,820742,815997
2021-10-14,MO,2021-10-07,2021-10-13,839109,8169,15107,164,830940,824002
2021-10-21,MO,2021-10-14,2021-10-20,846381,7272,15246,139,839109,831135
2021-10-28,MO,2021-10-21,2021-10-27,853316,6935,15363,117,846381,837953
2021-11-04,MO,2021-10-28,2021-11-03,860482,7166,15476,113,853316,845006
2021-11-11,MO,2021-11-04,2021-11-10,869731,9249,15577,101,860482,854154
2021-11-18,MO,2021-11-11,2021-11-17,879666,9935,15690,113,869731,863976
2021-11-25,MO,2021-11-18,2021-11-24,891479,11813,15824,134,879666,875655
2021-12-02,MO,2021-11-25,2021-12-01,905249,13770,15964,140,891479,889285
2021-12-09,MO,2021-12-02,2021-12-08,924187,18938,16121,157,905249,908066
2021-12-16,MO,2021-12-09,2021-12-15,943729,19542,16354,233,924187,927375
2021-12-23,MO,2021-12-16,2021-12-22,965368,21639,16608,254,943729,948760
2021-12-30,MO,2021-12-23,2021-12-29,997414,32046,16891,283,965368,980523
2022-01-06,MO,2021-12-30,2022-01-05,1058429,61015,17210,319,997414,1041219
2022-01-13,MO,2022-01-06,2022-01-12,1138892,80463,17644,434,1058429,1121248
2022-01-20,MO,2022-01-13,2022-01-19,1223177,84285,18156,512,1138892,1205021
2022-01-27,MO,2022-01-20,2022-01-26,1296011,72834,18663,507,1223177,1277348
2022-02-03,MO,2022-01-27,2022-02-02,1340437,44426,19100,437,1296011,1321337
2022-02-10,MO,2022-02-03,2022-02-09,1365469,25032,19523,423,1340437,1345946
2022-02-17,MO,2022-02-10,2022-02-16,1379067,13598,19831,308,1365469,1359236
2022-02-24,MO,2022-02-17,2022-02-23,1386752,7685,20079,248,1379067,1366673
2022-03-03,MO,2022-02-24,2022-03-02,1392119,5367,20233,154,1386752,1371886
2022-03-10,MO,2022-03-03,2022-03-09,1396107,3988,20336,103,1392119,1375771
2022-03-17,MO,2022-03-10,2022-03-16,1399330,3223,20423,87,1396107,1378907
2022-03-24,MO,2022-03-17,2022-03-23,1402154,2824,20478,55,1399330,1381676
2022-03-31,MO,2022-03-24,2022-03-30,1405248,3094,20530,52,1402154,1384718
2022-04-07,MO,2022-03-31,2022-04-06,1408749,3501,20573,43,1405248,1388176
2022-04-14,MO,2022-04-07,2022-04-13,1411293,2544,20599,26,1408749,1390694
2022-04-21,MO,2022-04-14,2022-04-20,1414578,3285,20624,25,1411293,1393954
2022-04-28,MO,2022-04-21,2022-04-27,1419080,4502,20651,27,1414578,1398429
2022-05-05,MO,2022-04-28,2022-05-04,1423852,4772,20667,16,1419080,1403185
2022-05-12,MO,2022-05-05,2022-05-11,1430235,6383,20693,26,1423852,1409542
2022-05-19,MO,2022-05-12,2022-05-18,1437967,7732,20710,17,1430235,1417257
2022-05-26,MO,2022-05-19,2022-05-25,1445982,8015,20728,18,1437967,1425254
2022-06-02,MO,2022-05-26,2022-06-01,1455651,9669,20748,20,1445982,1434903
2022-06-09,MO,2022-06-02,2022-06-08,1466876,11225,20778,30,1455651,1446098
2022-06-16,MO,2022-06-09,2022-06-15,1477847,10971,20798,20,1466876,1457049
2022-06-23,MO,2022-06-16,2022-06-22,1489475,11628,20827,29,1477847,1468648
2022-06-30,MO,2022-06-23,2022-06-29,1503043,13568,20869,42,1489475,1482174
2022-07-07,MO,2022-06-30,2022-07-06,1515823,12780,20918,49,1503043,1494905
2022-07-14,MO,2022-07-07,2022-07-13,1531138,15315,20945,27,1515823,1510193
2022-07-21,MO,2022-07-14,2022-07-20,1545615,14477,21020,75,1531138,1524595
2022-07-28,MO,2022-07-21,2022-07-27,1560462,14847,21092,72,1545615,1539370
2022-08-04,MO,2022-07-28,2022-08-03,1573038,12576,21163,71,1560462,1551875
2022-08-11,MO,2022-08-04,2022-08-10,1584655,11617,21229,66,1573038,1563426
2022-08-18,MO,2022-08-11,2022-08-17,1595414,10759,21300,71,1584655,1574114
2022-08-25,MO,2022-08-18,2022-08-24,1604409,8995,21359,59,1595414,1583050
2022-09-01,MO,2022-08-25,2022-08-31,1614232,9823,21420,61,1604409,1592812
2022-09-08,MO,2022-09-01,2022-09-07,1623707,9475,21465,45,1614232,1602242
2022-09-15,MO,2022-09-08,2022-09-14,1633317,9610,21515,50,1623707,1611802
2022-09-22,MO,2022-09-15,2022-09-21,1641049,7732,21570,55,1633317,1619479
2022-09-29,MO,2022-09-22,2022-09-28,1646898,5849,21628,58,1641049,1625270
2022-10-06,MO,2022-09-29,2022-10-05,1651823,4925,21685,57,1646898,1630138
2022-10-13,MO,2022-10-06,2022-10-12,1656548,4725,21713,28,1651823,1634835
2022-10-20,MO,2022-10-13,2022-10-19,1661181,4633,21754,41,1656548,1639427
2022-10-27,MO,2022-10-20,2022-10-26,1666306,5125,21802,48,1661181,1644504
2022-11-03,MO,2022-10-27,2022-11-02,1671248,4942,21839,37,1666306,1649409
2022-11-10,MO,2022-11-03,2022-11-09,1676169,4921,21878,39,1671248,1654291
2022-11-17,MO,2022-11-10,2022-11-16,1680793,4624,21914,36,1676169,1658879
2022-11-24,MO,2022-11-17,2022-11-23,1686461,5668,21966,52,1680793,1664495
2022-12-01,MO,2022-11-24,2022-11-30,1693076,6615,22011,45,1686461,1671065
2022-12-08,MO,2022-12-01,2022-12-07,1700869,7793,22061,50,1693076,1678808
2022-12-15,MO,2022-12-08,2022-12-14,1709240,8371,22129,68,1700869,1687111
2022-12-22,MO,2022-12-15,2022-12-21,1717286,8046,22199,70,1709240,1695087
2022-12-29,MO,2022-12-22,2022-12-28,1723473,6187,22249,50,1717286,1701224
2023-01-05,MO,2022-12-29,2023-01-04,1730256,6783,22319,70,1723473,1707937
2023-01-12,MO,2023-01-05,2023-01-11,1735685,5429,22380,61,1730256,1713305
2023-01-19,MO,2023-01-12,2023-01-18,1740104,4419,22421,41,1735685,1717683
2023-01-26,MO,2023-01-19,2023-01-25,1744569,4465,22474,53,1740104,1722095
2023-02-02,MO,2023-01-26,2023-02-01,1748273,3704,22522,48,1744569,1725751
2023-02-09,MO,2023-02-02,2023-02-08,1752292,4019,22559,37,1748273,1729733
2023-02-16,MO,2023-02-09,2023-02-15,1756266,3974,22591,32,1752292,1733675
2023-02-23,MO,2023-02-16,2023-02-22,1760532,4266,22619,28,1756266,1737913
2023-03-02,MO,2023-02-23,2023-03-01,1764847,4315,22644,25,1760532,1742203
2023-03-09,MO,2023-03-02,2023-03-08,1768228,3381,22656,12,1764847,1745572
2023-03-16,MO,2023-03-09,2023-03-15,1771642,3414,22657,1,1768228,1748985
2023-03-23,MO,2023-03-16,2023-03-22,1774670,3028,22697,40,1771642,1751973
2023-03-30,MO,2023-03-23,2023-03-29,1777894,3224,22734,37,1774670,1755160
2023-04-06,MO,2023-03-30,2023-04-05,1780940,3046,22759,25,1777894,1758181
2023-04-13,MO,2023-04-06,2023-04-12,1783247,2307,22792,33,1780940,1760455
2023-04-20,MO,2023-04-13,2023-04-19,1785369,2122,22850,58,1783247,1762519
2023-04-27,MO,2023-04-20,2023-04-26,1787261,1892,22866,16,1785369,1764395
2023-05-04,MO,2023-04-27,2023-05-03,1789195,1934,22905,39,1787261,1766290
2023-05-11,MO,2023-05-04,2023-05-10,1790763,1568,22931,26,1789195,1767832
2020-01-23,MP,2020-01-16,2020-01-22,0,0,0,0,0,0
2020-01-30,MP,2020-01-23,2020-01-29,0,0,0,0,0,0
2020-02-06,MP,2020-01-30,2020-02-05,0,0,0,0,0,0
2020-02-13,MP,2020-02-06,2020-02-12,0,0,0,0,0,0
2020-02-20,MP,2020-02-13,2020-02-19,0,0,0,0,0,0
2020-02-27,MP,2020-02-20,2020-02-26,0,0,0,0,0,0
2020-03-05,MP,2020-02-27,2020-03-04,0,0,0,0,0,0
2020-03-12,MP,2020-03-05,2020-03-11,0,0,0,0,0,0
2020-03-19,MP,2020-03-12,2020-03-18,0,0,0,0,0,0
2020-03-26,MP,2020-03-19,2020-03-25,0,0,0,0,0,0
2020-04-02,MP,2020-03-26,2020-04-01,2,2,0,0,0,2
2020-04-09,MP,2020-04-02,2020-04-08,8,6,2,2,2,6
2020-04-16,MP,2020-04-09,2020-04-15,13,5,2,0,8,11
2020-04-23,MP,2020-04-16,2020-04-22,14,1,2,0,13,12
2020-04-30,MP,2020-04-23,2020-04-29,14,0,2,0,14,12
2020-05-07,MP,2020-04-30,2020-05-06,14,0,2,0,14,12
2020-05-14,MP,2020-05-07,2020-05-13,19,5,2,0,14,17
2020-05-21,MP,2020-05-14,2020-05-20,21,2,2,0,19,19
2020-05-28,MP,2020-05-21,2020-05-27,22,1,2,0,21,20
2020-06-04,MP,2020-05-28,2020-06-03,23,1,2,0,22,21
2020-06-11,MP,2020-06-04,2020-06-10,30,7,2,0,23,28
2020-06-18,MP,2020-06-11,2020-06-17,30,0,2,0,30,28
2020-06-25,MP,2020-06-18,2020-06-24,30,0,2,0,30,28
2020-07-02,MP,2020-06-25,2020-07-01,30,0,2,0,30,28
2020-07-09,MP,2020-07-02,2020-07-08,31,1,2,0,30,29
2020-07-16,MP,2020-07-09,2020-07-15,36,5,2,0,31,34
2020-07-23,MP,2020-07-16,2020-07-22,38,2,2,0,36,36
2020-07-30,MP,2020-07-23,2020-07-29,40,2,2,0,38,38
2020-08-06,MP,2020-07-30,2020-08-05,46,6,2,0,40,44
2020-08-13,MP,2020-08-06,2020-08-12,49,3,2,0,46,47
2020-08-20,MP,2020-08-13,2020-08-19,54,5,2,0,49,52
2020-08-27,MP,2020-08-20,2020-08-26,54,0,2,0,54,52
2020-09-03,MP,2020-08-27,2020-09-02,57,3,2,0,54,55
2020-09-10,MP,2020-09-03,2020-09-09,59,2,2,0,57,57
2020-09-17,MP,2020-09-10,2020-09-16,61,2,2,0,59,59
2020-09-24,MP,2020-09-17,2020-09-23,69,8,2,0,61,67
2020-10-01,MP,2020-09-24,2020-09-30,70,1,2,0,69,68
2020-10-08,MP,2020-10-01,2020-10-07,75,5,2,0,70,73
2020-10-15,MP,2020-10-08,2020-10-14,77,2,2,0,75,75
2020-10-22,MP,2020-10-15,2020-10-21,88,11,2,0,77,86
2020-10-29,MP,2020-10-22,2020-10-28,92,4,2,0,88,90
2020-11-05,MP,2020-10-29,2020-11-04,96,4,2,0,92,94
2020-11-12,MP,2020-11-05,2020-11-11,100,4,2,0,96,98
2020-11-19,MP,2020-11-12,2020-11-18,103,3,2,0,100,101
2020-11-26,MP,2020-11-19,2020-11-25,104,1,2,0,103,102
2020-12-03,MP,2020-11-26,2020-12-02,106,2,2,0,104,104
2020-12-10,MP,2020-12-03,2020-12-09,113,7,2,0,106,111
2020-12-17,MP,2020-12-10,2020-12-16,113,0,2,0,113,111
2020-12-24,MP,2020-12-17,2020-12-23,118,5,2,0,113,116
2020-12-31,MP,2020-12-24,2020-12-30,122,4,2,0,118,120
2021-01-07,MP,2020-12-31,2021-01-06,125,3,2,0,122,123
2021-01-14,MP,2021-01-07,2021-01-13,128,3,2,0,125,126
2021-01-21,MP,2021-01-14,2021-01-20,129,1,2,0,128,127
2021-01-28,MP,2021-01-21,2021-01-27,132,3,2,0,129,130
2021-02-04,MP,2021-01-28,2021-02-03,133,1,2,0,132,131
2021-02-11,MP,2021-02-04,2021-02-10,133,0,2,0,133,131
2021-02-18,MP,2021-02-11,2021-02-17,135,2,2,0,133,133
2021-02-25,MP,2021-02-18,2021-02-24,143,8,2,0,135,141
2021-03-04,MP,2021-02-25,2021-03-03,144,1,2,0,143,142
2021-03-11,MP,2021-03-04,2021-03-10,146,2,2,0,144,144
2021-03-18,MP,2021-03-11,2021-03-17,156,10,2,0,146,154
2021-03-25,MP,2021-03-18,2021-03-24,158,2,2,0,156,156
2021-04-01,MP,2021-03-25,2021-03-31,159,1,2,0,158,157
2021-04-08,MP,2021-04-01,2021-04-07,160,1,2,0,159,158
2021-04-15,MP,2021-04-08,2021-04-14,161,1,2,0,160,159
2021-04-22,MP,2021-04-15,2021-04-21,162,1,2,0,161,160
2021-04-29,MP,2021-04-22,2021-04-28,164,2,2,0,162,162
2021-05-06,MP,2021-04-29,2021-05-05,168,4,2,0,164,166
2021-05-13,MP,2021-05-06,2021-05-12,170,2,2,0,168,168
2021-05-20,MP,2021-05-13,2021-05-19,176,6,2,0,170,174
2021-05-27,MP,2021-05-20,2021-05-26,181,5,2,0,176,179
2021-06-03,MP,2021-05-27,2021-06-02,183,2,2,0,181,181
2021-06-10,MP,2021-06-03,2021-06-09,183,0,2,0,183,181
2021-06-17,MP,2021-06-10,2021-06-16,183,0,2,0,183,181
2021-06-24,MP,2021-06-17,2021-06-23,183,0,2,0,183,181
2021-07-01,MP,2021-06-24,2021-06-30,183,0,2,0,183,181
2021-07-08,MP,2021-07-01,2021-07-07,184,1,2,0,183,182
2021-07-15,MP,2021-07-08,2021-07-14,187,3,2,0,184,185
2021-07-22,MP,2021-07-15,2021-07-21,188,1,2,0,187,186
2021-07-29,MP,2021-07-22,2021-07-28,190,2,2,0,188,188
2021-08-05,MP,2021-07-29,2021-08-04,198,8,2,0,190,196
2021-08-12,MP,2021-08-05,2021-08-11,210,12,2,0,198,208
2021-08-19,MP,2021-08-12,2021-08-18,220,10,2,0,210,218
2021-08-26,MP,2021-08-19,2021-08-25,229,9,2,0,220,227
2021-09-02,MP,2021-08-26,2021-09-01,243,14,2,0,229,241
2021-09-09,MP,2021-09-02,2021-09-08,248,5,2,0,243,246
2021-09-16,MP,2021-09-09,2021-09-15,256,8,2,0,248,254
2021-09-23,MP,2021-09-16,2021-09-22,265,9,2,0,256,263
2021-09-30,MP,2021-09-23,2021-09-29,268,3,2,0,265,266
2021-10-07,MP,2021-09-30,2021-10-06,272,4,2,0,268,270
2021-10-14,MP,2021-10-07,2021-10-13,281,9,3,1,272,278
2021-10-21,MP,2021-10-14,2021-10-20,289,8,3,0,281,286
2021-10-28,MP,2021-10-21,2021-10-27,291,2,3,0,289,288
2021-11-04,MP,2021-10-28,2021-11-03,330,39,3,0,291,327
2021-11-11,MP,2021-11-04,2021-11-10,380,50,3,0,330,377
2021-11-18,MP,2021-11-11,2021-11-17,408,28,3,0,380,405
2021-11-25,MP,2021-11-18,2021-11-24,604,196,3,0,408,601
2021-12-02,MP,2021-11-25,2021-12-01,958,354,3,0,604,955
2021-12-09,MP,2021-12-02,2021-12-08,1182,224,5,2,958,1177
2021-12-16,MP,2021-12-09,2021-12-15,2117,935,6,1,1182,2111
2021-12-23,MP,2021-12-16,2021-12-22,2641,524,8,2,2117,2633
2021-12-30,MP,2021-12-23,2021-12-29,3085,444,13,5,2641,3072
2022-01-06,MP,2021-12-30,2022-01-05,3518,433,18,5,3085,3500
2022-01-13,MP,2022-01-06,2022-01-12,3751,233,20,2,3518,3731
2022-01-20,MP,2022-01-13,2022-01-19,4118,367,21,1,3751,4097
2022-01-27,MP,2022-01-20,2022-01-26,4564,446,23,2,4118,4541
2022-02-03,MP,2022-01-27,2022-02-02,5314,750,23,0,4564,5291
2022-02-10,MP,2022-02-03,2022-02-09,6784,1470,23,0,5314,6761
2022-02-17,MP,2022-02-10,2022-02-16,7927,1143,25,2,6784,7902
2022-02-24,MP,2022-02-17,2022-02-23,9265,1338,27,2,7927,9238
2022-03-03,MP,2022-02-24,2022-03-02,9922,657,30,3,9265,9892
2022-03-10,MP,2022-03-03,2022-03-09,10284,362,30,0,9922,10254
2022-03-17,MP,2022-03-10,2022-03-16,10575,291,31,1,10284,10544
2022-03-24,MP,2022-03-17,2022-03-23,10985,410,31,0,10575,10954
2022-03-31,MP,2022-03-24,2022-03-30,11065,80,33,2,10985,11032
2022-04-07,MP,2022-03-31,2022-04-06,11158,93,33,0,11065,11125
2022-04-14,MP,2022-04-07,2022-04-13,11203,45,34,1,11158,11169
2022-04-21,MP,2022-04-14,2022-04-20,11221,18,34,0,11203,11187
2022-04-28,MP,2022-04-21,2022-04-27,11263,42,34,0,11221,11229
2022-05-05,MP,2022-04-28,2022-05-04,11281,18,34,0,11263,11247
2022-05-12,MP,2022-05-05,2022-05-11,11305,24,34,0,11281,11271
2022-05-19,MP,2022-05-12,2022-05-18,11315,10,34,0,11305,11281
2022-05-26,MP,2022-05-19,2022-05-25,11333,18,34,0,11315,11299
2022-06-02,MP,2022-05-26,2022-06-01,11366,33,34,0,11333,11332
2022-06-09,MP,2022-06-02,2022-06-08,11403,37,34,0,11366,11369
2022-06-16,MP,2022-06-09,2022-06-15,11482,79,34,0,11403,11448
2022-06-23,MP,2022-06-16,2022-06-22,11569,87,34,0,11482,11535
2022-06-30,MP,2022-06-23,2022-06-29,11829,260,35,1,11569,11794
2022-07-07,MP,2022-06-30,2022-07-06,11829,0,35,0,11829,11794
2022-07-14,MP,2022-07-07,2022-07-13,12193,364,35,0,11829,12158
2022-07-21,MP,2022-07-14,2022-07-20,12398,205,35,0,12193,12363
2022-07-28,MP,2022-07-21,2022-07-27,12573,175,37,2,12398,12536
2022-08-04,MP,2022-07-28,2022-08-03,12732,159,38,1,12573,12694
2022-08-11,MP,2022-08-04,2022-08-10,12866,134,39,1,12732,12827
2022-08-18,MP,2022-08-11,2022-08-17,12948,82,39,0,12866,12909
2022-08-25,MP,2022-08-18,2022-08-24,13050,102,40,1,12948,13010
2022-09-01,MP,2022-08-25,2022-08-31,13120,70,40,0,13050,13080
2022-09-08,MP,2022-09-01,2022-09-07,13147,27,40,0,13120,13107
2022-09-15,MP,2022-09-08,2022-09-14,13155,8,40,0,13147,13115
2022-09-22,MP,2022-09-15,2022-09-21,13166,11,40,0,13155,13126
2022-09-29,MP,2022-09-22,2022-09-28,13171,5,40,0,13166,13131
2022-10-06,MP,2022-09-29,2022-10-05,13185,14,41,1,13171,13144
2022-10-13,MP,2022-10-06,2022-10-12,13196,11,41,0,13185,13155
2022-10-20,MP,2022-10-13,2022-10-19,13202,6,41,0,13196,13161
2022-10-27,MP,2022-10-20,2022-10-26,13209,7,41,0,13202,13168
2022-11-03,MP,2022-10-27,2022-11-02,13212,3,41,0,13209,13171
2022-11-10,MP,2022-11-03,2022-11-09,13219,7,41,0,13212,13178
2022-11-17,MP,2022-11-10,2022-11-16,13220,1,41,0,13219,13179
2022-11-24,MP,2022-11-17,2022-11-23,13222,2,41,0,13220,13181
2022-12-01,MP,2022-11-24,2022-11-30,13227,5,41,0,13222,13186
2022-12-08,MP,2022-12-01,2022-12-07,13230,3,41,0,13227,13189
2022-12-15,MP,2022-12-08,2022-12-14,13249,19,41,0,13230,13208
2022-12-22,MP,2022-12-15,2022-12-21,13279,30,41,0,13249,13238
2022-12-29,MP,2022-12-22,2022-12-28,13335,56,41,0,13279,13294
2023-01-05,MP,2022-12-29,2023-01-04,13393,58,41,0,13335,13352
2023-01-12,MP,2023-01-05,2023-01-11,13439,46,41,0,13393,13398
2023-01-19,MP,2023-01-12,2023-01-18,13485,46,41,0,13439,13444
2023-01-26,MP,2023-01-19,2023-01-25,13509,24,41,0,13485,13468
2023-02-02,MP,2023-01-26,2023-02-01,13549,40,41,0,13509,13508
2023-02-09,MP,2023-02-02,2023-02-08,13582,33,41,0,13549,13541
2023-02-16,MP,2023-02-09,2023-02-15,13608,26,41,0,13582,13567
2023-02-23,MP,2023-02-16,2023-02-22,13637,29,41,0,13608,13596
2023-03-02,MP,2023-02-23,2023-03-01,13680,43,41,0,13637,13639
2023-03-09,MP,2023-03-02,2023-03-08,13715,35,42,1,13680,13673
2023-03-16,MP,2023-03-09,2023-03-15,13740,25,42,0,13715,13698
2023-03-23,MP,2023-03-16,2023-03-22,13769,29,43,1,13740,13726
2023-03-30,MP,2023-03-23,2023-03-29,13787,18,43,0,13769,13744
2023-04-06,MP,2023-03-30,2023-04-05,13795,8,43,0,13787,13752
2023-04-13,MP,2023-04-06,2023-04-12,13811,16,43,0,13795,13768
2023-04-20,MP,2023-04-13,2023-04-19,13833,22,43,0,13811,13790
2023-04-27,MP,2023-04-20,2023-04-26,13851,18,43,0,13833,13808
2023-05-04,MP,2023-04-27,2023-05-03,13867,16,43,0,13851,13824
2023-05-11,MP,2023-05-04,2023-05-10,13886,19,44,1,13867,13842
2020-01-23,MS,2020-01-16,2020-01-22,0,0,0,0,0,0
2020-01-30,MS,2020-01-23,2020-01-29,0,0,0,0,0,0
2020-02-06,MS,2020-01-30,2020-02-05,0,0,0,0,0,0
2020-02-13,MS,2020-02-06,2020-02-12,0,0,0,0,0,0
2020-02-20,MS,2020-02-13,2020-02-19,0,0,0,0,0,0
2020-02-27,MS,2020-02-20,2020-02-26,0,0,0,0,0,0
2020-03-05,MS,2020-02-27,2020-03-04,0,0,0,0,0,0
2020-03-12,MS,2020-03-05,2020-03-11,0,0,0,0,0,0
2020-03-19,MS,2020-03-12,2020-03-18,34,34,0,0,0,34
2020-03-26,MS,2020-03-19,2020-03-25,377,343,3,3,34,374
2020-04-02,MS,2020-03-26,2020-04-01,1072,695,20,17,377,1052
2020-04-09,MS,2020-04-02,2020-04-08,2006,934,66,46,1072,1940
2020-04-16,MS,2020-04-09,2020-04-15,3360,1354,121,55,2006,3239
2020-04-23,MS,2020-04-16,2020-04-22,4898,1538,192,71,3360,4706
2020-04-30,MS,2020-04-23,2020-04-29,6565,1667,250,58,4898,6315
2020-05-07,MS,2020-04-30,2020-05-06,8426,1861,374,124,6565,8052
2020-05-14,MS,2020-05-07,2020-05-13,10091,1665,464,90,8426,9627
2020-05-21,MS,2020-05-14,2020-05-20,11972,1881,570,106,10091,11402
2020-05-28,MS,2020-05-21,2020-05-27,14050,2078,670,100,11972,13380
2020-06-04,MS,2020-05-28,2020-06-03,16322,2272,782,112,14050,15540
2020-06-11,MS,2020-06-04,2020-06-10,18486,2164,868,86,16322,17618
2020-06-18,MS,2020-06-11,2020-06-17,20635,2149,938,70,18486,19697
2020-06-25,MS,2020-06-18,2020-06-24,23434,2799,1011,73,20635,22423
2020-07-02,MS,2020-06-25,2020-07-01,27901,4467,1082,71,23434,26819
2020-07-09,MS,2020-07-02,2020-07-08,32889,4988,1187,105,27901,31702
2020-07-16,MS,2020-07-09,2020-07-15,38521,5632,1287,100,32889,37234
2020-07-23,MS,2020-07-16,2020-07-22,47072,8551,1422,135,38521,45650
2020-07-30,MS,2020-07-23,2020-07-29,55804,8732,1561,139,47072,54243
2020-08-06,MS,2020-07-30,2020-08-05,63459,7655,1803,242,55804,61656
2020-08-13,MS,2020-08-06,2020-08-12,69374,5915,1989,186,63459,67385
2020-08-20,MS,2020-08-13,2020-08-19,74556,5182,2164,175,69374,72392
2020-08-27,MS,2020-08-20,2020-08-26,80098,5542,2371,207,74556,77727
2020-09-03,MS,2020-08-27,2020-09-02,84371,4273,2525,154,80098,81846
2020-09-10,MS,2020-09-03,2020-09-09,87803,3432,2623,98,84371,85180
2020-09-17,MS,2020-09-10,2020-09-16,91234,3431,2756,133,87803,88478
2020-09-24,MS,2020-09-17,2020-09-23,94571,3337,2870,114,91234,91701
2020-10-01,MS,2020-09-24,2020-09-30,98191,3620,2968,98,94571,95223
2020-10-08,MS,2020-10-01,2020-10-07,102241,4050,3050,82,98191,99191
2020-10-15,MS,2020-10-08,2020-10-14,106817,4576,3140,90,102241,103677
2020-10-22,MS,2020-10-15,2020-10-21,112123,5306,3223,83,106817,108900
2020-10-29,MS,2020-10-22,2020-10-28,117617,5494,3302,79,112123,114315
2020-11-05,MS,2020-10-29,2020-11-04,122277,4660,3396,94,117617,118881
2020-11-12,MS,2020-11-05,2020-11-11,129395,7118,3496,100,122277,125899
2020-11-19,MS,2020-11-12,2020-11-18,137396,8001,3600,104,129395,133796
2020-11-26,MS,2020-11-19,2020-11-25,145636,8240,3745,145,137396,141891
2020-12-03,MS,2020-11-26,2020-12-02,156868,11232,3851,106,145636,153017
2020-12-10,MS,2020-12-03,2020-12-09,170672,13804,4041,190,156868,166631
2020-12-17,MS,2020-12-10,2020-12-16,185643,14971,4294,253,170672,181349
2020-12-24,MS,2020-12-17,2020-12-23,200325,14682,4532,238,185643,195793
2020-12-31,MS,2020-12-24,2020-12-30,213055,12730,4747,215,200325,208308
2021-01-07,MS,2020-12-31,2021-01-06,228235,15180,5013,266,213055,223222
2021-01-14,MS,2021-01-07,2021-01-13,243899,15664,5315,302,228235,238584
2021-01-21,MS,2021-01-14,2021-01-20,256827,12928,5638,323,243899,251189
2021-01-28,MS,2021-01-21,2021-01-27,268672,11845,5917,279,256827,262755
2021-02-04,MS,2021-01-28,2021-02-03,277322,8650,6158,241,268672,271164
2021-02-11,MS,2021-02-04,2021-02-10,283754,6432,6367,209,277322,277387
2021-02-18,MS,2021-02-11,2021-02-17,289398,5644,6524,157,283754,282874
2021-02-25,MS,2021-02-18,2021-02-24,291892,2494,6605,81,289398,285287
2021-03-04,MS,2021-02-25,2021-03-03,295676,3784,6742,137,291892,288934
2021-03-11,MS,2021-03-04,2021-03-10,298445,2769,6844,102,295676,291601
2021-03-18,MS,2021-03-11,2021-03-17,301602,3157,6936,92,298445,294666
2021-03-25,MS,2021-03-18,2021-03-24,303625,2023,6981,45,301602,296644
2021-04-01,MS,2021-03-25,2021-03-31,305146,1521,7032,51,303625,298114
2021-04-08,MS,2021-04-01,2021-04-07,306611,1465,7077,45,305146,299534
2021-04-15,MS,2021-04-08,2021-04-14,308075,1464,7122,45,306611,300953
2021-04-22,MS,2021-04-15,2021-04-21,309720,1645,7163,41,308075,302557
2021-04-29,MS,2021-04-22,2021-04-28,311359,1639,7193,30,309720,304166
2021-05-06,MS,2021-04-29,2021-05-05,312706,1347,7223,30,311359,305483
2021-05-13,MS,2021-05-06,2021-05-12,314150,1444,7243,20,312706,306907
2021-05-20,MS,2021-05-13,2021-05-19,315894,1744,7267,24,314150,308627
2021-05-27,MS,2021-05-20,2021-05-26,317064,1170,7301,34,315894,309763
2021-06-03,MS,2021-05-27,2021-06-02,317857,793,7322,21,317064,310535
2021-06-10,MS,2021-06-03,2021-06-09,318685,828,7347,25,317857,311338
2021-06-17,MS,2021-06-10,2021-06-16,319512,827,7368,21,318685,312144
2021-06-24,MS,2021-06-17,2021-06-23,320292,780,7390,22,319512,312902
2021-07-01,MS,2021-06-24,2021-06-30,321764,1472,7412,22,320292,314352
2021-07-08,MS,2021-07-01,2021-07-07,323217,1453,7436,24,321764,315781
2021-07-15,MS,2021-07-08,2021-07-14,325713,2496,7456,20,323217,318257
2021-07-22,MS,2021-07-15,2021-07-21,330664,4951,7485,29,325713,323179
2021-07-29,MS,2021-07-22,2021-07-28,339954,9290,7529,44,330664,332425
2021-08-05,MS,2021-07-29,2021-08-04,352891,12937,7597,68,339954,345294
2021-08-12,MS,2021-08-05,2021-08-11,371712,18821,7710,113,352891,364002
2021-08-19,MS,2021-08-12,2021-08-18,396394,24682,7916,206,371712,388478
2021-08-26,MS,2021-08-19,2021-08-25,420174,23780,8180,264,396394,411994
2021-09-02,MS,2021-08-26,2021-09-01,439661,19487,8489,309,420174,431172
2021-09-09,MS,2021-09-02,2021-09-08,455282,15621,8787,298,439661,446495
2021-09-16,MS,2021-09-09,2021-09-15,468498,13216,9100,313,455282,459398
2021-09-23,MS,2021-09-16,2021-09-22,479326,10828,9353,253,468498,469973
2021-09-30,MS,2021-09-23,2021-09-29,487293,7967,9588,235,479326,477705
2021-10-07,MS,2021-09-30,2021-10-06,492559,5266,9768,180,487293,482791
2021-10-14,MS,2021-10-07,2021-10-13,496851,4292,9899,131,492559,486952
2021-10-21,MS,2021-10-14,2021-10-20,500286,3435,9968,69,496851,490318
2021-10-28,MS,2021-10-21,2021-10-27,503666,3380,10059,91,500286,493607
2021-11-04,MS,2021-10-28,2021-11-03,505664,1998,10134,75,503666,495530
2021-11-11,MS,2021-11-04,2021-11-10,507776,2112,10182,48,505664,497594
2021-11-18,MS,2021-11-11,2021-11-17,509947,2171,10216,34,507776,499731
2021-11-25,MS,2021-11-18,2021-11-24,512632,2685,10261,45,509947,502371
2021-12-02,MS,2021-11-25,2021-12-01,514638,2006,10286,25,512632,504352
2021-12-09,MS,2021-12-02,2021-12-08,517925,3287,10311,25,514638,507614
2021-12-16,MS,2021-12-09,2021-12-15,520834,2909,10347,36,517925,510487
2021-12-23,MS,2021-12-16,2021-12-22,525502,4668,10393,46,520834,515109
2021-12-30,MS,2021-12-23,2021-12-29,538852,13350,10439,46,525502,528413
2022-01-06,MS,2021-12-30,2022-01-05,572694,33842,10503,64,538852,562191
2022-01-13,MS,2022-01-06,2022-01-12,608768,36074,10562,59,572694,598206
2022-01-20,MS,2022-01-13,2022-01-19,665544,56776,10690,128,608768,654854
2022-01-27,MS,2022-01-20,2022-01-26,705598,40054,10774,84,665544,694824
2022-02-03,MS,2022-01-27,2022-02-02,737607,32009,11169,395,705598,726438
2022-02-10,MS,2022-02-03,2022-02-09,772844,35237,11455,286,737607,761389
2022-02-17,MS,2022-02-10,2022-02-16,783750,10906,11772,317,772844,771978
2022-02-24,MS,2022-02-17,2022-02-23,787939,4189,11953,181,783750,775986
2022-03-03,MS,2022-02-24,2022-03-02,790615,2676,12115,162,787939,778500
2022-03-10,MS,2022-03-03,2022-03-09,792129,1514,12228,113,790615,779901
2022-03-17,MS,2022-03-10,2022-03-16,793200,1071,12308,80,792129,780892
2022-03-24,MS,2022-03-17,2022-03-23,793870,670,12369,61,793200,781501
2022-03-31,MS,2022-03-24,2022-03-30,794427,557,12396,27,793870,782031
2022-04-07,MS,2022-03-31,2022-04-06,795408,981,12410,14,794427,782998
2022-04-14,MS,2022-04-07,2022-04-13,796139,731,12420,10,795408,783719
2022-04-21,MS,2022-04-14,2022-04-20,796645,506,12432,12,796139,784213
2022-04-28,MS,2022-04-21,2022-04-27,797249,604,12439,7,796645,784810
2022-05-05,MS,2022-04-28,2022-05-04,798283,1034,12450,11,797249,785833
2022-05-12,MS,2022-05-05,2022-05-11,800241,1958,12456,6,798283,787785
2022-05-19,MS,2022-05-12,2022-05-18,803311,3070,12461,5,800241,790850
2022-05-26,MS,2022-05-19,2022-05-25,805800,2489,12466,5,803311,793334
2022-06-02,MS,2022-05-26,2022-06-01,808338,2538,12467,1,805800,795871
2022-06-09,MS,2022-06-02,2022-06-08,813350,5012,12479,12,808338,800871
2022-06-16,MS,2022-06-09,2022-06-15,818550,5200,12489,10,813350,806061
2022-06-23,MS,2022-06-16,2022-06-22,825440,6890,12502,13,818550,812938
2022-06-30,MS,2022-06-23,2022-06-29,832212,6772,12516,14,825440,819696
2022-07-07,MS,2022-06-30,2022-07-06,839997,7785,12527,11,832212,827470
2022-07-14,MS,2022-07-07,2022-07-13,852423,12426,12560,33,839997,839863
2022-07-21,MS,2022-07-14,2022-07-20,862528,10105,12589,29,852423,849939
2022-07-28,MS,2022-07-21,2022-07-27,872265,9737,12629,40,862528,859636
2022-08-04,MS,2022-07-28,2022-08-03,880758,8493,12675,46,872265,868083
2022-08-11,MS,2022-08-04,2022-08-10,889213,8455,12714,39,880758,876499
2022-08-18,MS,2022-08-11,2022-08-17,897715,8502,12750,36,889213,884965
2022-08-25,MS,2022-08-18,2022-08-24,904905,7190,12766,16,897715,892139
2022-09-01,MS,2022-08-25,2022-08-31,913049,8144,12794,28,904905,900255
2022-09-08,MS,2022-09-01,2022-09-07,918874,5825,12821,27,913049,906053
2022-09-15,MS,2022-09-08,2022-09-14,922493,3619,12853,32,918874,909640
2022-09-22,MS,2022-09-15,2022-09-21,925596,3103,12879,26,922493,912717
2022-09-29,MS,2022-09-22,2022-09-28,927465,1869,12912,33,925596,914553
2022-10-06,MS,2022-09-29,2022-10-05,929079,1614,12928,16,927465,916151
2022-10-13,MS,2022-10-06,2022-10-12,930438,1359,12945,17,929079,917493
2022-10-20,MS,2022-10-13,2022-10-19,931707,1269,12965,20,930438,918742
2022-10-27,MS,2022-10-20,2022-10-26,933065,1358,12968,3,931707,920097
2022-11-03,MS,2022-10-27,2022-11-02,934401,1336,12992,24,933065,921409
2022-11-10,MS,2022-11-03,2022-11-09,935770,1369,13005,13,934401,922765
2022-11-17,MS,2022-11-10,2022-11-16,936814,1044,13017,12,935770,923797
2022-11-24,MS,2022-11-17,2022-11-23,938189,1375,13034,17,936814,925155
2022-12-01,MS,2022-11-24,2022-11-30,940023,1834,13036,2,938189,926987
2022-12-08,MS,2022-12-01,2022-12-07,943402,3379,13051,15,940023,930351
2022-12-15,MS,2022-12-08,2022-12-14,946657,3255,13063,12,943402,933594
2022-12-22,MS,2022-12-15,2022-12-21,951070,4413,13083,20,946657,937987
2022-12-29,MS,2022-12-22,2022-12-28,955145,4075,13097,14,951070,942048
2023-01-05,MS,2022-12-29,2023-01-04,960923,5778,13112,15,955145,947811
2023-01-12,MS,2023-01-05,2023-01-11,960923,0,13112,0,960923,947811
2023-01-19,MS,2023-01-12,2023-01-18,970585,9662,13151,39,960923,957434
2023-01-26,MS,2023-01-19,2023-01-25,974487,3902,13191,40,970585,961296
2023-02-02,MS,2023-01-26,2023-02-01,977790,3303,13225,34,974487,964565
2023-02-09,MS,2023-02-02,2023-02-08,981020,3230,13257,32,977790,967763
2023-02-16,MS,2023-02-09,2023-02-15,984614,3594,13296,39,981020,971318
2023-02-23,MS,2023-02-16,2023-02-22,987105,2491,13320,24,984614,973785
2023-03-02,MS,2023-02-23,2023-03-01,989282,2177,13351,31,987105,975931
2023-03-09,MS,2023-03-02,2023-03-08,990756,1474,13370,19,989282,977386
2023-03-16,MS,2023-03-09,2023-03-15,991967,1211,13385,15,990756,978582
2023-03-23,MS,2023-03-16,2023-03-22,993035,1068,13402,17,991967,979633
2023-03-30,MS,2023-03-23,2023-03-29,994313,1278,13419,17,993035,980894
2023-04-06,MS,2023-03-30,2023-04-05,995603,1290,13419,0,994313,982184
2023-04-13,MS,2023-04-06,2023-04-12,996607,1004,13429,10,995603,983178
2023-04-20,MS,2023-04-13,2023-04-19,997683,1076,13443,14,996607,984240
2023-04-27,MS,2023-04-20,2023-04-26,998627,944,13447,4,997683,985180
2023-05-04,MS,2023-04-27,2023-05-03,999615,988,13470,23,998627,986145
2023-05-11,MS,2023-05-04,2023-05-10,1000415,800,13474,4,999615,986941
2020-01-23,MT,2020-01-16,2020-01-22,0,0,0,0,0,0
2020-01-30,MT,2020-01-23,2020-01-29,0,0,0,0,0,0
2020-02-06,MT,2020-01-30,2020-02-05,0,0,0,0,0,0
2020-02-13,MT,2020-02-06,2020-02-12,0,0,0,0,0,0
2020-02-20,MT,2020-02-13,2020-02-19,0,0,0,0,0,0
2020-02-27,MT,2020-02-20,2020-02-26,0,0,0,0,0,0
2020-03-05,MT,2020-02-27,2020-03-04,0,0,0,0,0,0
2020-03-12,MT,2020-03-05,2020-03-11,0,0,0,0,0,0
2020-03-19,MT,2020-03-12,2020-03-18,10,10,0,0,0,10
2020-03-26,MT,2020-03-19,2020-03-25,65,55,0,0,10,65
2020-04-02,MT,2020-03-26,2020-04-01,207,142,5,5,65,202
2020-04-09,MT,2020-04-02,2020-04-08,332,125,6,1,207,326
2020-04-16,MT,2020-04-09,2020-04-15,404,72,7,1,332,397
2020-04-23,MT,2020-04-16,2020-04-22,439,35,14,7,404,425
2020-04-30,MT,2020-04-23,2020-04-29,451,12,16,2,439,435
2020-05-07,MT,2020-04-30,2020-05-06,455,4,16,0,451,439
2020-05-14,MT,2020-05-07,2020-05-13,462,7,16,0,455,446
2020-05-21,MT,2020-05-14,2020-05-20,478,16,16,0,462,462
2020-05-28,MT,2020-05-21,2020-05-27,481,3,17,1,478,464
2020-06-04,MT,2020-05-28,2020-06-03,524,43,17,0,481,507
2020-06-11,MT,2020-06-04,2020-06-10,561,37,18,1,524,543
2020-06-18,MT,2020-06-11,2020-06-17,630,69,20,2,561,610
2020-06-25,MT,2020-06-18,2020-06-24,765,135,21,1,630,744
2020-07-02,MT,2020-06-25,2020-07-01,1017,252,22,1,765,995
2020-07-09,MT,2020-07-02,2020-07-08,1371,354,23,1,1017,1348
2020-07-16,MT,2020-07-09,2020-07-15,2095,724,34,11,1371,2061
2020-07-23,MT,2020-07-16,2020-07-22,2813,718,42,8,2095,2771
2020-07-30,MT,2020-07-23,2020-07-29,3673,860,54,12,2813,3619
2020-08-06,MT,2020-07-30,2020-08-05,4429,756,65,11,3673,4364
2020-08-13,MT,2020-08-06,2020-08-12,5270,841,80,15,4429,5190
2020-08-20,MT,2020-08-13,2020-08-19,5955,685,84,4,5270,5871
2020-08-27,MT,2020-08-20,2020-08-26,6787,832,98,14,5955,6689
2020-09-03,MT,2020-08-27,2020-09-02,7691,904,109,11,6787,7582
2020-09-10,MT,2020-09-03,2020-09-09,8469,778,122,13,7691,8347
2020-09-17,MT,2020-09-10,2020-09-16,9433,964,141,19,8469,9292
2020-09-24,MT,2020-09-17,2020-09-23,10913,1480,165,24,9433,10748
2020-10-01,MT,2020-09-24,2020-09-30,13072,2159,180,15,10913,12892
2020-10-08,MT,2020-10-01,2020-10-07,16061,2989,193,13,13072,15868
2020-10-15,MT,2020-10-08,2020-10-14,20211,4150,225,32,16061,19986
2020-10-22,MT,2020-10-15,2020-10-21,24711,4500,275,50,20211,24436
2020-10-29,MT,2020-10-22,2020-10-28,29968,5257,325,50,24711,29643
2020-11-05,MT,2020-10-29,2020-11-04,35898,5930,404,79,29968,35494
2020-11-12,MT,2020-11-05,2020-11-11,41992,6094,469,65,35898,41523
2020-11-19,MT,2020-11-12,2020-11-18,50582,8590,559,90,41992,50023
2020-11-26,MT,2020-11-19,2020-11-25,58568,7986,650,91,50582,57918
2020-12-03,MT,2020-11-26,2020-12-02,64341,5773,712,62,58568,63629
2020-12-10,MT,2020-12-03,2020-12-09,70134,5793,770,58,64341,69364
2020-12-17,MT,2020-12-10,2020-12-16,74648,4514,834,64,70134,73814
2020-12-24,MT,2020-12-17,2020-12-23,78501,3853,911,77,74648,77590
2020-12-31,MT,2020-12-24,2020-12-30,81225,2724,947,36,78501,80278
2021-01-07,MT,2020-12-31,2021-01-06,84060,2835,1015,68,81225,83045
2021-01-14,MT,2021-01-07,2021-01-13,87653,3593,1068,53,84060,86585
2021-01-21,MT,2021-01-14,2021-01-20,90257,2604,1093,25,87653,89164
2021-01-28,MT,2021-01-21,2021-01-27,92539,2282,1197,104,90257,91342
2021-02-04,MT,2021-01-28,2021-02-03,94807,2268,1298,101,92539,93509
2021-02-11,MT,2021-02-04,2021-02-10,96594,1787,1318,20,94807,95276
2021-02-18,MT,2021-02-11,2021-02-17,97897,1303,1332,14,96594,96565
2021-02-25,MT,2021-02-18,2021-02-24,99237,1340,1347,15,97897,97890
2021-03-04,MT,2021-02-25,2021-03-03,100346,1109,1371,24,99237,98975
2021-03-11,MT,2021-03-04,2021-03-10,101239,893,1385,14,100346,99854
2021-03-18,MT,2021-03-11,2021-03-17,102471,1232,1394,9,101239,101077
2021-03-25,MT,2021-03-18,2021-03-24,103658,1187,1428,34,102471,102230
2021-04-01,MT,2021-03-25,2021-03-31,104541,883,1434,6,103658,103107
2021-04-08,MT,2021-04-01,2021-04-07,105521,980,1487,53,104541,104034
2021-04-15,MT,2021-04-08,2021-04-14,106627,1106,1524,37,105521,105103
2021-04-22,MT,2021-04-15,2021-04-21,107531,904,1555,31,106627,105976
2021-04-29,MT,2021-04-22,2021-04-28,108482,951,1564,9,107531,106918
2021-05-06,MT,2021-04-29,2021-05-05,109440,958,1576,12,108482,107864
2021-05-13,MT,2021-05-06,2021-05-12,110293,853,1593,17,109440,108700
2021-05-20,MT,2021-05-13,2021-05-19,110925,632,1600,7,110293,109325
2021-05-27,MT,2021-05-20,2021-05-26,111455,530,1605,5,110925,109850
2021-06-03,MT,2021-05-27,2021-06-02,112000,545,1619,14,111455,110381
2021-06-10,MT,2021-06-03,2021-06-09,112590,590,1635,16,112000,110955
2021-06-17,MT,2021-06-10,2021-06-16,113020,430,1648,13,112590,111372
2021-06-24,MT,2021-06-17,2021-06-23,113402,382,1656,8,113020,111746
2021-07-01,MT,2021-06-24,2021-06-30,113752,350,1664,8,113402,112088
2021-07-08,MT,2021-07-01,2021-07-07,114100,348,1671,7,113752,112429
2021-07-15,MT,2021-07-08,2021-07-14,114507,407,1683,12,114100,112824
2021-07-22,MT,2021-07-15,2021-07-21,115002,495,1694,11,114507,113308
2021-07-29,MT,2021-07-22,2021-07-28,115889,887,1704,10,115002,114185
2021-08-05,MT,2021-07-29,2021-08-04,117328,1439,1717,13,115889,115611
2021-08-12,MT,2021-08-05,2021-08-11,119123,1795,1725,8,117328,117398
2021-08-19,MT,2021-08-12,2021-08-18,121381,2258,1749,24,119123,119632
2021-08-26,MT,2021-08-19,2021-08-25,124277,2896,1773,24,121381,122504
2021-09-02,MT,2021-08-26,2021-09-01,128100,3823,1803,30,124277,126297
2021-09-09,MT,2021-09-02,2021-09-08,131751,3651,1828,25,128100,129923
2021-09-16,MT,2021-09-09,2021-09-15,137391,5640,1858,30,131751,135533
2021-09-23,MT,2021-09-16,2021-09-22,143824,6433,1914,56,137391,141910
2021-09-30,MT,2021-09-23,2021-09-29,149824,6000,2001,87,143824,147823
2021-10-07,MT,2021-09-30,2021-10-06,156079,6255,2061,60,149824,154018
2021-10-14,MT,2021-10-07,2021-10-13,162240,6161,2109,48,156079,160131
2021-10-21,MT,2021-10-14,2021-10-20,168513,6273,2224,115,162240,166289
2021-10-28,MT,2021-10-21,2021-10-27,174084,5571,2321,97,168513,171763
2021-11-04,MT,2021-10-28,2021-11-03,178981,4897,2396,75,174084,176585
2021-11-11,MT,2021-11-04,2021-11-10,183213,4232,2451,55,178981,180762
2021-11-18,MT,2021-11-11,2021-11-17,186802,3589,2522,71,183213,184280
2021-11-25,MT,2021-11-18,2021-11-24,189678,2876,2611,89,186802,187067
2021-12-02,MT,2021-11-25,2021-12-01,191593,1915,2721,110,189678,188872
2021-12-09,MT,2021-12-02,2021-12-08,193273,1680,2780,59,191593,190493
2021-12-16,MT,2021-12-09,2021-12-15,194399,1126,2866,86,193273,191533
2021-12-23,MT,2021-12-16,2021-12-22,195421,1022,2888,22,194399,192533
2021-12-30,MT,2021-12-23,2021-12-29,197060,1639,2904,16,195421,194156
2022-01-06,MT,2021-12-30,2022-01-05,200558,3498,2911,7,197060,197647
2022-01-13,MT,2022-01-06,2022-01-12,208132,7574,2932,21,200558,205200
2022-01-20,MT,2022-01-13,2022-01-19,218047,9915,2964,32,208132,215083
2022-01-27,MT,2022-01-20,2022-01-26,233056,15009,2988,24,218047,230068
2022-02-03,MT,2022-01-27,2022-02-02,244555,11499,3024,36,233056,241531
2022-02-10,MT,2022-02-03,2022-02-09,254233,9678,3048,24,244555,251185
2022-02-17,MT,2022-02-10,2022-02-16,259700,5467,3090,42,254233,256610
2022-02-24,MT,2022-02-17,2022-02-23,264274,4574,3153,63,259700,261121
2022-03-03,MT,2022-02-24,2022-03-02,268135,3861,3189,36,264274,264946
2022-03-10,MT,2022-03-03,2022-03-09,271456,3321,3212,23,268135,268244
2022-03-17,MT,2022-03-10,2022-03-16,271944,488,3229,17,271456,268715
2022-03-24,MT,2022-03-17,2022-03-23,272303,359,3238,9,271944,269065
2022-03-31,MT,2022-03-24,2022-03-30,272542,239,3246,8,272303,269296
2022-04-07,MT,2022-03-31,2022-04-06,272787,245,3248,2,272542,269539
2022-04-14,MT,2022-04-07,2022-04-13,273015,228,3259,11,272787,269756
2022-04-21,MT,2022-04-14,2022-04-20,273364,349,3262,3,273015,270102
2022-04-28,MT,2022-04-21,2022-04-27,273782,418,3353,91,273364,270429
2022-05-05,MT,2022-04-28,2022-05-04,274385,603,3374,21,273782,271011
2022-05-12,MT,2022-05-05,2022-05-11,275112,727,3381,7,274385,271731
2022-05-19,MT,2022-05-12,2022-05-18,276192,1080,3385,4,275112,272807
2022-05-26,MT,2022-05-19,2022-05-25,277497,1305,3400,15,276192,274097
2022-06-02,MT,2022-05-26,2022-06-01,278993,1496,3421,21,277497,275572
2022-06-09,MT,2022-06-02,2022-06-08,280965,1972,3432,11,278993,277533
2022-06-16,MT,2022-06-09,2022-06-15,283053,2088,3439,7,280965,279614
2022-06-23,MT,2022-06-16,2022-06-22,285016,1963,3444,5,283053,281572
2022-06-30,MT,2022-06-23,2022-06-29,287143,2127,3445,1,285016,283698
2022-07-07,MT,2022-06-30,2022-07-06,289342,2199,3448,3,287143,285894
2022-07-14,MT,2022-07-07,2022-07-13,292024,2682,3454,6,289342,288570
2022-07-21,MT,2022-07-14,2022-07-20,294339,2315,3465,11,292024,290874
2022-07-28,MT,2022-07-21,2022-07-27,296598,2259,3469,4,294339,293129
2022-08-04,MT,2022-07-28,2022-08-03,298744,2146,3478,9,296598,295266
2022-08-11,MT,2022-08-04,2022-08-10,300606,1862,3480,2,298744,297126
2022-08-18,MT,2022-08-11,2022-08-17,302454,1848,3489,9,300606,298965
2022-08-25,MT,2022-08-18,2022-08-24,304168,1714,3501,12,302454,300667
2022-09-01,MT,2022-08-25,2022-08-31,305560,1392,3502,1,304168,302058
2022-09-08,MT,2022-09-01,2022-09-07,306708,1148,3509,7,305560,303199
2022-09-15,MT,2022-09-08,2022-09-14,308022,1314,3512,3,306708,304510
2022-09-22,MT,2022-09-15,2022-09-21,309452,1430,3518,6,308022,305934
2022-09-29,MT,2022-09-22,2022-09-28,310731,1279,3520,2,309452,307211
2022-10-06,MT,2022-09-29,2022-10-05,311830,1099,3555,35,310731,308275
2022-10-13,MT,2022-10-06,2022-10-12,312861,1031,3566,11,311830,309295
2022-10-20,MT,2022-10-13,2022-10-19,313809,948,3569,3,312861,310240
2022-10-27,MT,2022-10-20,2022-10-26,314564,755,3574,5,313809,310990
2022-11-03,MT,2022-10-27,2022-11-02,315421,857,3577,3,314564,311844
2022-11-10,MT,2022-11-03,2022-11-09,316250,829,3581,4,315421,312669
2022-11-17,MT,2022-11-10,2022-11-16,317134,884,3587,6,316250,313547
2022-11-24,MT,2022-11-17,2022-11-23,318105,971,3597,10,317134,314508
2022-12-01,MT,2022-11-24,2022-11-30,319023,918,3600,3,318105,315423
2022-12-08,MT,2022-12-01,2022-12-07,320156,1133,3609,9,319023,316547
2022-12-15,MT,2022-12-08,2022-12-14,321244,1088,3613,4,320156,317631
2022-12-22,MT,2022-12-15,2022-12-21,322268,1024,3616,3,321244,318652
2022-12-29,MT,2022-12-22,2022-12-28,323054,786,3620,4,322268,319434
2023-01-05,MT,2022-12-29,2023-01-04,323951,897,3622,2,323054,320329
2023-01-12,MT,2023-01-05,2023-01-11,324719,768,3629,7,323951,321090
2023-01-19,MT,2023-01-12,2023-01-18,325227,508,3632,3,324719,321595
2023-01-26,MT,2023-01-19,2023-01-25,325752,525,3639,7,325227,322113
2023-02-02,MT,2023-01-26,2023-02-01,326354,602,3643,4,325752,322711
2023-02-09,MT,2023-02-02,2023-02-08,327174,820,3645,2,326354,323529
2023-02-16,MT,2023-02-09,2023-02-15,327876,702,3648,3,327174,324228
2023-02-23,MT,2023-02-16,2023-02-22,328667,791,3651,3,327876,325016
2023-03-02,MT,2023-02-23,2023-03-01,329386,719,3652,1,328667,325734
2023-03-09,MT,2023-03-02,2023-03-08,329977,591,3656,4,329386,326321
2023-03-16,MT,2023-03-09,2023-03-15,330641,664,3684,28,329977,326957
2023-03-23,MT,2023-03-16,2023-03-22,331334,693,3693,9,330641,327641
2023-03-30,MT,2023-03-23,2023-03-29,331907,573,3698,5,331334,328209
2023-04-06,MT,2023-03-30,2023-04-05,332413,506,3700,2,331907,328713
2023-04-13,MT,2023-04-06,2023-04-12,332890,477,3705,5,332413,329185
2023-04-20,MT,2023-04-13,2023-04-19,333229,339,3708,3,332890,329521
2023-04-27,MT,2023-04-20,2023-04-26,333508,279,3709,1,333229,329799
2023-05-04,MT,2023-04-27,2023-05-03,333757,249,3712,3,333508,330045
2023-05-11,MT,2023-05-04,2023-05-10,333959,202,3715,3,333757,330244
2020-01-23,NC,2020-01-16,2020-01-22,0,0,0,0,0,0
2020-01-30,NC,2020-01-23,2020-01-29,0,0,0,0,0,0
2020-02-06,NC,2020-01-30,2020-02-05,0,0,0,0,0,0
2020-02-13,NC,2020-02-06,2020-02-12,0,0,0,0,0,0
2020-02-20,NC,2020-02-13,2020-02-19,0,0,0,0,0,0
2020-02-27,NC,2020-02-20,2020-02-26,0,0,0,0,0,0
2020-03-05,NC,2020-02-27,2020-03-04,1,1,0,0,0,1
2020-03-12,NC,2020-03-05,2020-03-11,9,8,0,0,1,9
2020-03-19,NC,2020-03-12,2020-03-18,104,95,1,1,9,103
2020-03-26,NC,2020-03-19,2020-03-25,661,557,4,3,104,657
2020-04-02,NC,2020-03-26,2020-04-01,1855,1194,25,21,661,1830
2020-04-09,NC,2020-04-02,2020-04-08,3698,1843,81,56,1855,3617
2020-04-16,NC,2020-04-09,2020-04-15,5483,1785,181,100,3698,5302
2020-04-23,NC,2020-04-16,2020-04-22,7726,2243,306,125,5483,7420
2020-04-30,NC,2020-04-23,2020-04-29,10705,2979,433,127,7726,10272
2020-05-07,NC,2020-04-30,2020-05-06,13543,2838,551,118,10705,12992
2020-05-14,NC,2020-05-07,2020-05-13,16712,3169,672,121,13543,16040
2020-05-21,NC,2020-05-14,2020-05-20,20986,4274,766,94,16712,20220
2020-05-28,NC,2020-05-21,2020-05-27,25582,4596,930,164,20986,24652
2020-06-04,NC,2020-05-28,2020-06-03,32122,6540,1066,136,25582,31056
2020-06-11,NC,2020-06-04,2020-06-10,39697,7575,1173,107,32122,38524
2020-06-18,NC,2020-06-11,2020-06-17,48413,8716,1271,98,39697,47142
2020-06-25,NC,2020-06-18,2020-06-24,57535,9122,1375,104,48413,56160
2020-07-02,NC,2020-06-25,2020-07-01,68417,10882,1481,106,57535,66936
2020-07-09,NC,2020-07-02,2020-07-08,79676,11259,1591,110,68417,78085
2020-07-16,NC,2020-07-09,2020-07-15,93694,14018,1725,134,79676,91969
2020-07-23,NC,2020-07-16,2020-07-22,107213,13519,1890,165,93694,105323
2020-07-30,NC,2020-07-23,2020-07-29,120831,13618,2069,179,107213,118762
2020-08-06,NC,2020-07-30,2020-08-05,132196,11365,2279,210,120831,129917
2020-08-13,NC,2020-08-06,2020-08-12,142398,10202,2494,215,132196,139904
2020-08-20,NC,2020-08-13,2020-08-19,152479,10081,2690,196,142398,149789
2020-08-27,NC,2020-08-20,2020-08-26,164014,11535,2865,175,152479,161149
2020-09-03,NC,2020-08-27,2020-09-02,174988,10974,3076,211,164014,171912
2020-09-10,NC,2020-09-03,2020-09-09,183479,8491,3259,183,174988,180220
2020-09-17,NC,2020-09-10,2020-09-16,192906,9427,3467,208,183479,189439
2020-09-24,NC,2020-09-17,2020-09-23,202192,9286,3657,190,192906,198535
2020-10-01,NC,2020-09-24,2020-09-30,212628,10436,3854,197,202192,208774
2020-10-08,NC,2020-10-01,2020-10-07,224897,12269,4025,171,212628,220872
2020-10-15,NC,2020-10-08,2020-10-14,238559,13662,4213,188,224897,234346
2020-10-22,NC,2020-10-15,2020-10-21,252972,14413,4431,218,238559,248541
2020-10-29,NC,2020-10-22,2020-10-28,268765,15793,4659,228,252972,264106
2020-11-05,NC,2020-10-29,2020-11-04,284934,16169,4914,255,268765,280020
2020-11-12,NC,2020-11-05,2020-11-11,303166,18232,5157,243,284934,298009
2020-11-19,NC,2020-11-12,2020-11-18,327101,23935,5415,258,303166,321686
2020-11-26,NC,2020-11-19,2020-11-25,352968,25867,5693,278,327101,347275
2020-12-03,NC,2020-11-26,2020-12-02,381213,28245,5980,287,352968,375233
2020-12-10,NC,2020-12-03,2020-12-09,422209,40996,6349,369,381213,415860
2020-12-17,NC,2020-12-10,2020-12-16,464314,42105,6853,504,422209,457461
2020-12-24,NC,2020-12-17,2020-12-23,508122,43808,7343,490,464314,500779
2020-12-31,NC,2020-12-24,2020-12-30,547822,39700,7925,582,508122,539897
2021-01-07,NC,2020-12-31,2021-01-06,604078,56256,8613,688,547822,595465
2021-01-14,NC,2021-01-07,2021-01-13,659822,55744,9307,694,604078,650515
2021-01-21,NC,2021-01-14,2021-01-20,705683,45861,10071,764,659822,695612
2021-01-28,NC,2021-01-21,2021-01-27,744761,39078,10718,647,705683,734043
2021-02-04,NC,2021-01-28,2021-02-03,783567,38806,11267,549,744761,772300
2021-02-11,NC,2021-02-04,2021-02-10,809807,26240,11695,428,783567,798112
2021-02-18,NC,2021-02-11,2021-02-17,830411,20604,12011,316,809807,818400
2021-02-25,NC,2021-02-18,2021-02-24,847814,17403,12241,230,830411,835573
2021-03-04,NC,2021-02-25,2021-03-03,861388,13574,12405,164,847814,848983
2021-03-11,NC,2021-03-04,2021-03-10,872573,11185,12528,123,861388,860045
2021-03-18,NC,2021-03-11,2021-03-17,883859,11286,12614,86,872573,871245
2021-03-25,NC,2021-03-18,2021-03-24,895342,11483,12707,93,883859,882635
2021-04-01,NC,2021-03-25,2021-03-31,907327,11985,12786,79,895342,894541
2021-04-08,NC,2021-04-01,2021-04-07,918205,10878,12859,73,907327,905346
2021-04-15,NC,2021-04-08,2021-04-14,931930,13725,12930,71,918205,919000
2021-04-22,NC,2021-04-15,2021-04-21,944941,13011,13017,87,931930,931924
2021-04-29,NC,2021-04-22,2021-04-28,957286,12345,13101,84,944941,944185
2021-05-06,NC,2021-04-29,2021-05-05,967954,10668,13191,90,957286,954763
2021-05-13,NC,2021-05-06,2021-05-12,976311,8357,13271,80,967954,963040
2021-05-20,NC,2021-05-13,2021-05-19,982872,6561,13370,99,976311,969502
2021-05-27,NC,2021-05-20,2021-05-26,988460,5588,13441,71,982872,975019
2021-06-03,NC,2021-05-27,2021-06-02,992066,3606,13502,61,988460,978564
2021-06-10,NC,2021-06-03,2021-06-09,995173,3107,13546,44,992066,981627
2021-06-17,NC,2021-06-10,2021-06-16,997911,2738,13586,40,995173,984325
2021-06-24,NC,2021-06-17,2021-06-23,1000586,2675,13612,26,997911,986974
2021-07-01,NC,2021-06-24,2021-06-30,1003395,2809,13647,35,1000586,989748
2021-07-08,NC,2021-07-01,2021-07-07,1006930,3535,13677,30,1003395,993253
2021-07-15,NC,2021-07-08,2021-07-14,1012691,5761,13707,30,1006930,998984
2021-07-22,NC,2021-07-15,2021-07-21,1021924,9233,13749,42,1012691,1008175
2021-07-29,NC,2021-07-22,2021-07-28,1039124,17200,13832,83,1021924,1025292
2021-08-05,NC,2021-07-29,2021-08-04,1063887,24763,13938,106,1039124,1049949
2021-08-12,NC,2021-08-05,2021-08-11,1096991,33104,14102,164,1063887,1082889
2021-08-19,NC,2021-08-12,2021-08-18,1135417,38426,14382,280,1096991,1121035
2021-08-26,NC,2021-08-19,2021-08-25,1180874,45457,14747,365,1135417,1166127
2021-09-02,NC,2021-08-26,2021-09-01,1230956,50082,15222,475,1180874,1215734
2021-09-09,NC,2021-09-02,2021-09-08,1276165,45209,15726,504,1230956,1260439
2021-09-16,NC,2021-09-09,2021-09-15,1324684,48519,16261,535,1276165,1308423
2021-09-23,NC,2021-09-16,2021-09-22,1363738,39054,16719,458,1324684,1347019
2021-09-30,NC,2021-09-23,2021-09-29,1394982,31244,17183,464,1363738,1377799
2021-10-07,NC,2021-09-30,2021-10-06,1419543,24561,17573,390,1394982,1401970
2021-10-14,NC,2021-10-07,2021-10-13,1440158,20615,17892,319,1419543,1422266
2021-10-21,NC,2021-10-14,2021-10-20,1455859,15701,18184,292,1440158,1437675
2021-10-28,NC,2021-10-21,2021-10-27,1468881,13022,18402,218,1455859,1450479
2021-11-04,NC,2021-10-28,2021-11-03,1480271,11390,18578,176,1468881,1461693
2021-11-11,NC,2021-11-04,2021-11-10,1491774,11503,18711,133,1480271,1473063
2021-11-18,NC,2021-11-11,2021-11-17,1504586,12812,18828,117,1491774,1485758
2021-11-25,NC,2021-11-18,2021-11-24,1518363,13777,18959,131,1504586,1499404
2021-12-02,NC,2021-11-25,2021-12-01,1533836,15473,19086,127,1518363,1514750
2021-12-09,NC,2021-12-02,2021-12-08,1555558,21722,19227,141,1533836,1536331
2021-12-16,NC,2021-12-09,2021-12-15,1578198,22640,19391,164,1555558,1558807
2021-12-23,NC,2021-12-16,2021-12-22,1608657,30459,19578,187,1578198,1589079
2021-12-30,NC,2021-12-23,2021-12-29,1674220,65563,19776,198,1608657,1654444
2022-01-06,NC,2021-12-30,2022-01-05,1812736,138516,20072,296,1674220,1792664
2022-01-13,NC,2022-01-06,2022-01-12,2015403,202667,20526,454,1812736,1994877
2022-01-20,NC,2022-01-13,2022-01-19,2228669,213266,21080,554,2015403,2207589
2022-01-27,NC,2022-01-20,2022-01-26,2401014,172345,21761,681,2228669,2379253
2022-02-03,NC,2022-01-27,2022-02-02,2498968,97954,22405,644,2401014,2476563
2022-02-10,NC,2022-02-03,2022-02-09,2554977,56009,23071,666,2498968,2531906
2022-02-17,NC,2022-02-10,2022-02-16,2586915,31938,23593,522,2554977,2563322
2022-02-24,NC,2022-02-17,2022-02-23,2605450,18535,23985,392,2586915,2581465
2022-03-03,NC,2022-02-24,2022-03-02,2616375,10925,24240,255,2605450,2592135
2022-03-10,NC,2022-03-03,2022-03-09,2622492,6117,24463,223,2616375,2598029
2022-03-17,NC,2022-03-10,2022-03-16,2626575,4083,24597,134,2622492,2601978
2022-03-24,NC,2022-03-17,2022-03-23,2630124,3549,24706,109,2626575,2605418
2022-03-31,NC,2022-03-24,2022-03-30,2634008,3884,24774,68,2630124,2609234
2022-04-07,NC,2022-03-31,2022-04-06,2637775,3767,24814,40,2634008,2612961
2022-04-14,NC,2022-04-07,2022-04-13,2644133,6358,24858,44,2637775,2619275
2022-04-21,NC,2022-04-14,2022-04-20,2652706,8573,24889,31,2644133,2627817
2022-04-28,NC,2022-04-21,2022-04-27,2664524,11818,24927,38,2652706,2639597
2022-05-05,NC,2022-04-28,2022-05-04,2679625,15101,24965,38,2664524,2654660
2022-05-12,NC,2022-05-05,2022-05-11,2699666,20041,24999,34,2679625,2674667
2022-05-19,NC,2022-05-12,2022-05-18,2726197,26531,25031,32,2699666,2701166
2022-05-26,NC,2022-05-19,2022-05-25,2754991,28794,25061,30,2726197,2729930
2022-06-02,NC,2022-05-26,2022-06-01,2780493,25502,25094,33,2754991,2755399
2022-06-09,NC,2022-06-02,2022-06-08,2807274,26781,25121,27,2780493,2782153
2022-06-16,NC,2022-06-09,2022-06-15,2830528,23254,25150,29,2807274,2805378
2022-06-23,NC,2022-06-16,2022-06-22,2851087,20559,25160,10,2830528,2825927
2022-06-30,NC,2022-06-23,2022-06-29,2867219,16132,25209,49,2851087,2842010
2022-07-07,NC,2022-06-30,2022-07-06,2892681,25462,25262,53,2867219,2867419
2022-07-14,NC,2022-07-07,2022-07-13,2919068,26387,25397,135,2892681,2893671
2022-07-21,NC,2022-07-14,2022-07-20,2949199,30131,25437,40,2919068,2923762
2022-07-28,NC,2022-07-21,2022-07-27,2983131,33932,25486,49,2949199,2957645
2022-08-04,NC,2022-07-28,2022-08-03,3016396,33265,25684,198,2983131,2990712
2022-08-11,NC,2022-08-04,2022-08-10,3047626,31230,25726,42,3016396,3021900
2022-08-18,NC,2022-08-11,2022-08-17,3074965,27339,25763,37,3047626,3049202
2022-08-25,NC,2022-08-18,2022-08-24,3098924,23959,25845,82,3074965,3073079
2022-09-01,NC,2022-08-25,2022-08-31,3120822,21898,26324,479,3098924,3094498
2022-09-08,NC,2022-09-01,2022-09-07,3141303,20481,26355,31,3120822,3114948
2022-09-15,NC,2022-09-08,2022-09-14,3162492,21189,26409,54,3141303,3136083
2022-09-22,NC,2022-09-15,2022-09-21,3182776,20284,26456,47,3162492,3156320
2022-09-29,NC,2022-09-22,2022-09-28,3198867,16091,26525,69,3182776,3172342
2022-10-06,NC,2022-09-29,2022-10-05,3210837,11970,26851,326,3198867,3183986
2022-10-13,NC,2022-10-06,2022-10-12,3220859,10022,26885,34,3210837,3193974
2022-10-20,NC,2022-10-13,2022-10-19,3231473,10614,26926,41,3220859,3204547
2022-10-27,NC,2022-10-20,2022-10-26,3237440,5967,26953,27,3231473,3210487
2022-11-03,NC,2022-10-27,2022-11-02,3246175,8735,27226,273,3237440,3218949
2022-11-10,NC,2022-11-03,2022-11-09,3255540,9365,27258,32,3246175,3228282
2022-11-17,NC,2022-11-10,2022-11-16,3262328,6788,27300,42,3255540,3235028
2022-11-24,NC,2022-11-17,2022-11-23,3268498,6170,27344,44,3262328,3241154
2022-12-01,NC,2022-11-24,2022-11-30,3275343,6845,27371,27,3268498,3247972
2022-12-08,NC,2022-12-01,2022-12-07,3286948,11605,27527,156,3275343,3259421
2022-12-15,NC,2022-12-08,2022-12-14,3300138,13190,27574,47,3286948,3272564
2022-12-22,NC,2022-12-15,2022-12-21,3316814,16676,27627,53,3300138,3289187
2022-12-29,NC,2022-12-22,2022-12-28,3316814,0,27627,0,3316814,3289187
2023-01-05,NC,2022-12-29,2023-01-04,3359796,42982,27699,72,3316814,3332097
2023-01-12,NC,2023-01-05,2023-01-11,3382420,22624,27907,208,3359796,3354513
2023-01-19,NC,2023-01-12,2023-01-18,3398161,15741,27964,57,3382420,3370197
2023-01-26,NC,2023-01-19,2023-01-25,3412542,14381,28039,75,3398161,3384503
2023-02-02,NC,2023-01-26,2023-02-01,3425789,13247,28101,62,3412542,3397688
2023-02-09,NC,2023-02-02,2023-02-08,3438259,12470,28232,131,3425789,3410027
2023-02-16,NC,2023-02-09,2023-02-15,3449973,11714,28292,60,3438259,3421681
2023-02-23,NC,2023-02-16,2023-02-22,3459595,9622,28344,52,3449973,3431251
2023-03-02,NC,2023-02-23,2023-03-01,3467206,7611,28385,41,3459595,3438821
2023-03-09,NC,2023-03-02,2023-03-08,3472611,5405,28428,43,3467206,3444183
2023-03-16,NC,2023-03-09,2023-03-15,3477320,4709,28473,45,3472611,3448847
2023-03-23,NC,2023-03-16,2023-03-22,3481724,4404,28516,43,3477320,3453208
2023-03-30,NC,2023-03-23,2023-03-29,3485651,3927,28540,24,3481724,3457111
2023-04-06,NC,2023-03-30,2023-04-05,3489135,3484,28919,379,3485651,3460216
2023-04-13,NC,2023-04-06,2023-04-12,3491933,2798,28937,18,3489135,3462996
2023-04-20,NC,2023-04-13,2023-04-19,3494240,2307,28959,22,3491933,3465281
2023-04-27,NC,2023-04-20,2023-04-26,3496830,2590,28973,14,3494240,3467857
2023-05-04,NC,2023-04-27,2023-05-03,3499147,2317,28986,13,3496830,3470161
2023-05-11,NC,2023-05-04,2023-05-10,3501404,2257,29059,73,3499147,3472345
2020-01-23,ND,2020-01-16,2020-01-22,0,0,0,0,0,0
2020-01-30,ND,2020-01-23,2020-01-29,0,0,0,0,0,0
2020-02-06,ND,2020-01-30,2020-02-05,0,0,0,0,0,0
2020-02-13,ND,2020-02-06,2020-02-12,0,0,0,0,0,0
2020-02-20,ND,2020-02-13,2020-02-19,0,0,0,0,0,0
2020-02-27,ND,2020-02-20,2020-02-26,0,0,0,0,0,0
2020-03-05,ND,2020-02-27,2020-03-04,0,0,0,0,0,0
2020-03-12,ND,2020-03-05,2020-03-11,0,0,0,0,0,0
2020-03-19,ND,2020-03-12,2020-03-18,6,6,0,0,0,6
2020-03-26,ND,2020-03-19,2020-03-25,45,39,0,0,6,45
2020-04-02,ND,2020-03-26,2020-04-01,141,96,3,3,45,138
2020-04-09,ND,2020-04-02,2020-04-08,251,110,4,1,141,247
2020-04-16,ND,2020-04-09,2020-04-15,365,114,9,5,251,356
2020-04-23,ND,2020-04-16,2020-04-22,679,314,14,5,365,665
2020-04-30,ND,2020-04-23,2020-04-29,1033,354,22,8,679,1011
2020-05-07,ND,2020-04-30,2020-05-06,1323,290,33,11,1033,1290
2020-05-14,ND,2020-05-07,2020-05-13,1647,324,40,7,1323,1607
2020-05-21,ND,2020-05-14,2020-05-20,2078,431,51,11,1647,2027
2020-05-28,ND,2020-05-21,2020-05-27,2438,360,58,7,2078,2380
2020-06-04,ND,2020-05-28,2020-06-03,2679,241,69,11,2438,2610
2020-06-11,ND,2020-06-04,2020-06-10,2941,262,76,7,2679,2865
2020-06-18,ND,2020-06-11,2020-06-17,3166,225,80,4,2941,3086
2020-06-25,ND,2020-06-18,2020-06-24,3361,195,84,4,3166,3277
2020-07-02,ND,2020-06-25,2020-07-01,3615,254,86,2,3361,3529
2020-07-09,ND,2020-07-02,2020-07-08,3971,356,86,0,3615,3885
2020-07-16,ND,2020-07-09,2020-07-15,4565,594,92,6,3971,4473
2020-07-23,ND,2020-07-16,2020-07-22,5365,800,100,8,4565,5265
2020-07-30,ND,2020-07-23,2020-07-29,6226,861,105,5,5365,6121
2020-08-06,ND,2020-07-30,2020-08-05,7058,832,115,10,6226,6943
2020-08-13,ND,2020-08-06,2020-08-12,7972,914,124,9,7058,7848
2020-08-20,ND,2020-08-13,2020-08-19,8967,995,137,13,7972,8830
2020-08-27,ND,2020-08-20,2020-08-26,10462,1495,142,5,8967,10320
2020-09-03,ND,2020-08-27,2020-09-02,12270,1808,155,13,10462,12115
2020-09-10,ND,2020-09-03,2020-09-09,14125,1855,167,12,12270,13958
2020-09-17,ND,2020-09-10,2020-09-16,16338,2213,187,20,14125,16151
2020-09-24,ND,2020-09-17,2020-09-23,18981,2643,212,25,16338,18769
2020-10-01,ND,2020-09-24,2020-09-30,21847,2866,263,51,18981,21584
2020-10-08,ND,2020-10-01,2020-10-07,24858,3011,334,71,21847,24524
2020-10-15,ND,2020-10-08,2020-10-14,28950,4092,397,63,24858,28553
2020-10-22,ND,2020-10-15,2020-10-21,34165,5215,442,45,28950,33723
2020-10-29,ND,2020-10-22,2020-10-28,39910,5745,522,80,34165,39388
2020-11-05,ND,2020-10-29,2020-11-04,48301,8391,604,82,39910,47697
2020-11-12,ND,2020-11-05,2020-11-11,57376,9075,732,128,48301,56644
2020-11-19,ND,2020-11-12,2020-11-18,67231,9855,854,122,57376,66377
2020-11-26,ND,2020-11-19,2020-11-25,75480,8249,966,112,67231,74514
2020-12-03,ND,2020-11-26,2020-12-02,80138,4658,1089,123,75480,79049
2020-12-10,ND,2020-12-03,2020-12-09,86149,6011,1178,89,80138,84971
2020-12-17,ND,2020-12-10,2020-12-16,88687,2538,1260,82,86149,87427
2020-12-24,ND,2020-12-17,2020-12-23,90704,2017,1300,40,88687,89404
2020-12-31,ND,2020-12-24,2020-12-30,92492,1788,1347,47,90704,91145
2021-01-07,ND,2020-12-31,2021-01-06,93826,1334,1366,19,92492,92460
2021-01-14,ND,2021-01-07,2021-01-13,95131,1305,1390,24,93826,93741
2021-01-21,ND,2021-01-14,2021-01-20,96215,1084,1410,20,95131,94805
2021-01-28,ND,2021-01-21,2021-01-27,97147,932,1419,9,96215,95728
2021-02-04,ND,2021-01-28,2021-02-03,97903,756,1430,11,97147,96473
2021-02-11,ND,2021-02-04,2021-02-10,98238,335,1437,7,97903,96801
2021-02-18,ND,2021-02-11,2021-02-17,98901,663,1440,3,98238,97461
2021-02-25,ND,2021-02-18,2021-02-24,99527,626,1448,8,98901,98079
2021-03-04,ND,2021-02-25,2021-03-03,100071,544,1454,6,99527,98617
2021-03-11,ND,2021-03-04,2021-03-10,100617,546,1460,6,100071,99157
2021-03-18,ND,2021-03-11,2021-03-17,101283,666,1466,6,100617,99817
2021-03-25,ND,2021-03-18,2021-03-24,101997,714,1469,3,101283,100528
2021-04-01,ND,2021-03-25,2021-03-31,103093,1096,1471,2,101997,101622
2021-04-08,ND,2021-04-01,2021-04-07,104168,1075,1476,5,103093,102692
2021-04-15,ND,2021-04-08,2021-04-14,105214,1046,1483,7,104168,103731
2021-04-22,ND,2021-04-15,2021-04-21,106219,1005,1490,7,105214,104729
2021-04-29,ND,2021-04-22,2021-04-28,107153,934,1495,5,106219,105658
2021-05-06,ND,2021-04-29,2021-05-05,108080,927,1499,4,107153,106581
2021-05-13,ND,2021-05-06,2021-05-12,108759,679,1505,6,108080,107254
2021-05-20,ND,2021-05-13,2021-05-19,109362,603,1507,2,108759,107855
2021-05-27,ND,2021-05-20,2021-05-26,109778,416,1513,6,109362,108265
2021-06-03,ND,2021-05-27,2021-06-02,110042,264,1518,5,109778,108524
2021-06-10,ND,2021-06-03,2021-06-09,110296,254,1524,6,110042,108772
2021-06-17,ND,2021-06-10,2021-06-16,110487,191,1527,3,110296,108960
2021-06-24,ND,2021-06-17,2021-06-23,110606,119,1529,2,110487,109077
2021-07-01,ND,2021-06-24,2021-06-30,110703,97,1530,1,110606,109173
2021-07-08,ND,2021-07-01,2021-07-07,110775,72,1533,3,110703,109242
2021-07-15,ND,2021-07-08,2021-07-14,110926,151,1536,3,110775,109390
2021-07-22,ND,2021-07-15,2021-07-21,111091,165,1538,2,110926,109553
2021-07-29,ND,2021-07-22,2021-07-28,111409,318,1540,2,111091,109869
2021-08-05,ND,2021-07-29,2021-08-04,111932,523,1544,4,111409,110388
2021-08-12,ND,2021-08-05,2021-08-11,112743,811,1544,0,111932,111199
2021-08-19,ND,2021-08-12,2021-08-18,113923,1180,1550,6,112743,112373
2021-08-26,ND,2021-08-19,2021-08-25,115666,1743,1557,7,113923,114109
2021-09-02,ND,2021-08-26,2021-09-01,117955,2289,1564,7,115666,116391
2021-09-09,ND,2021-09-02,2021-09-08,120602,2647,1573,9,117955,119029
2021-09-16,ND,2021-09-09,2021-09-15,124046,3444,1586,13,120602,122460
2021-09-23,ND,2021-09-16,2021-09-22,127283,3237,1609,23,124046,125674
2021-09-30,ND,2021-09-23,2021-09-29,131400,4117,1619,10,127283,129781
2021-10-07,ND,2021-09-30,2021-10-06,135732,4332,1646,27,131400,134086
2021-10-14,ND,2021-10-07,2021-10-13,139563,3831,1690,44,135732,137873
2021-10-21,ND,2021-10-14,2021-10-20,142987,3424,1727,37,139563,141260
2021-10-28,ND,2021-10-21,2021-10-27,146387,3400,1772,45,142987,144615
2021-11-04,ND,2021-10-28,2021-11-03,149857,3470,1799,27,146387,148058
2021-11-11,ND,2021-11-04,2021-11-10,153425,3568,1838,39,149857,151587
2021-11-18,ND,2021-11-11,2021-11-17,156740,3315,1856,18,153425,154884
2021-11-25,ND,2021-11-18,2021-11-24,159844,3104,1882,26,156740,157962
2021-12-02,ND,2021-11-25,2021-12-01,162978,3134,1931,49,159844,161047
2021-12-09,ND,2021-12-02,2021-12-08,165844,2866,1966,35,162978,163878
2021-12-16,ND,2021-12-09,2021-12-15,168249,2405,1987,21,165844,166262
2021-12-23,ND,2021-12-16,2021-12-22,170373,2124,2010,23,168249,168363
2021-12-30,ND,2021-12-23,2021-12-29,172607,2234,2020,10,170373,170587
2022-01-06,ND,2021-12-30,2022-01-05,177811,5204,2035,15,172607,175776
2022-01-13,ND,2022-01-06,2022-01-12,187528,9717,2064,29,177811,185464
2022-01-20,ND,2022-01-13,2022-01-19,202334,14806,2078,14,187528,200256
2022-01-27,ND,2022-01-20,2022-01-26,216810,14476,2115,37,202334,214695
2022-02-03,ND,2022-01-27,2022-02-02,226742,9932,2129,14,216810,224613
2022-02-10,ND,2022-02-03,2022-02-09,232724,5982,2164,35,226742,230560
2022-02-17,ND,2022-02-10,2022-02-16,235863,3139,2186,22,232724,233677
2022-02-24,ND,2022-02-17,2022-02-23,237302,1439,2207,21,235863,235095
2022-03-03,ND,2022-02-24,2022-03-02,238317,1015,2221,14,237302,236096
2022-03-10,ND,2022-03-03,2022-03-09,238884,567,2230,9,238317,236654
2022-03-17,ND,2022-03-10,2022-03-16,239292,408,2244,14,238884,237048
2022-03-24,ND,2022-03-17,2022-03-23,239437,145,2253,9,239292,237184
2022-03-31,ND,2022-03-24,2022-03-30,239667,230,2257,4,239437,237410
2022-04-07,ND,2022-03-31,2022-04-06,239857,190,2263,6,239667,237594
2022-04-14,ND,2022-04-07,2022-04-13,240104,247,2267,4,239857,237837
2022-04-21,ND,2022-04-14,2022-04-20,240377,273,2273,6,240104,238104
2022-04-28,ND,2022-04-21,2022-04-27,240710,333,2276,3,240377,238434
2022-05-05,ND,2022-04-28,2022-05-04,241124,414,2277,1,240710,238847
2022-05-12,ND,2022-05-05,2022-05-11,241735,611,2278,1,241124,239457
2022-05-19,ND,2022-05-12,2022-05-18,242458,723,2282,4,241735,240176
2022-05-26,ND,2022-05-19,2022-05-25,243340,882,2285,3,242458,241055
2022-06-02,ND,2022-05-26,2022-06-01,244275,935,2288,3,243340,241987
2022-06-09,ND,2022-06-02,2022-06-08,245474,1199,2293,5,244275,243181
2022-06-16,ND,2022-06-09,2022-06-15,246543,1069,2294,1,245474,244249
2022-06-23,ND,2022-06-16,2022-06-22,247796,1253,2299,5,246543,245497
2022-06-30,ND,2022-06-23,2022-06-29,248961,1165,2303,4,247796,246658
2022-07-07,ND,2022-06-30,2022-07-06,250319,1358,2306,3,248961,248013
2022-07-14,ND,2022-07-07,2022-07-13,251876,1557,2309,3,250319,249567
2022-07-21,ND,2022-07-14,2022-07-20,253676,1800,2314,5,251876,251362
2022-07-28,ND,2022-07-21,2022-07-27,255475,1799,2324,10,253676,253151
2022-08-04,ND,2022-07-28,2022-08-03,257331,1856,2333,9,255475,254998
2022-08-11,ND,2022-08-04,2022-08-10,259269,1938,2339,6,257331,256930
2022-08-18,ND,2022-08-11,2022-08-17,261045,1776,2345,6,259269,258700
2022-08-25,ND,2022-08-18,2022-08-24,262554,1509,2353,8,261045,260201
2022-09-01,ND,2022-08-25,2022-08-31,263918,1364,2360,7,262554,261558
2022-09-08,ND,2022-09-01,2022-09-07,265306,1388,2363,3,263918,262943
2022-09-15,ND,2022-09-08,2022-09-14,266273,967,2369,6,265306,263904
2022-09-22,ND,2022-09-15,2022-09-21,267287,1014,2376,7,266273,264911
2022-09-29,ND,2022-09-22,2022-09-28,268307,1020,2387,11,267287,265920
2022-10-06,ND,2022-09-29,2022-10-05,269306,999,2390,3,268307,266916
2022-10-13,ND,2022-10-06,2022-10-12,270288,982,2392,2,269306,267896
2022-10-20,ND,2022-10-13,2022-10-19,271085,797,2394,2,270288,268691
2022-10-27,ND,2022-10-20,2022-10-26,271912,827,2397,3,271085,269515
2022-11-03,ND,2022-10-27,2022-11-02,272812,900,2399,2,271912,270413
2022-11-10,ND,2022-11-03,2022-11-09,273779,967,2404,5,272812,271375
2022-11-17,ND,2022-11-10,2022-11-16,274701,922,2408,4,273779,272293
2022-11-24,ND,2022-11-17,2022-11-23,275510,809,2410,2,274701,273100
2022-12-01,ND,2022-11-24,2022-11-30,276272,762,2410,0,275510,273862
2022-12-08,ND,2022-12-01,2022-12-07,277362,1090,2410,0,276272,274952
2022-12-15,ND,2022-12-08,2022-12-14,278398,1036,2414,4,277362,275984
2022-12-22,ND,2022-12-15,2022-12-21,279328,930,2422,8,278398,276906
2022-12-29,ND,2022-12-22,2022-12-28,280043,715,2427,5,279328,277616
2023-01-05,ND,2022-12-29,2023-01-04,280578,535,2428,1,280043,278150
2023-01-12,ND,2023-01-05,2023-01-11,281091,513,2428,0,280578,278663
2023-01-19,ND,2023-01-12,2023-01-18,281702,611,2442,14,281091,279260
2023-01-26,ND,2023-01-19,2023-01-25,282170,468,2445,3,281702,279725
2023-02-02,ND,2023-01-26,2023-02-01,282940,770,2449,4,282170,280491
2023-02-09,ND,2023-02-02,2023-02-08,283780,840,2458,9,282940,281322
2023-02-16,ND,2023-02-09,2023-02-15,284627,847,2459,1,283780,282168
2023-02-23,ND,2023-02-16,2023-02-22,285380,753,2463,4,284627,282917
2023-03-02,ND,2023-02-23,2023-03-01,286247,867,2465,2,285380,283782
2023-03-09,ND,2023-03-02,2023-03-08,286950,703,2470,5,286247,284480
2023-03-16,ND,2023-03-09,2023-03-15,287593,643,2474,4,286950,285119
2023-03-23,ND,2023-03-16,2023-03-22,288105,512,2482,8,287593,285623
2023-03-30,ND,2023-03-23,2023-03-29,288603,498,2492,10,288105,286111
2023-04-06,ND,2023-03-30,2023-04-05,289329,726,2496,4,288603,286833
2023-04-13,ND,2023-04-06,2023-04-12,289881,552,2501,5,289329,287380
2023-04-20,ND,2023-04-13,2023-04-19,290246,365,2504,3,289881,287742
2023-04-27,ND,2023-04-20,2023-04-26,290489,243,2508,4,290246,287981
2023-05-04,ND,2023-04-27,2023-05-03,290687,198,2511,3,290489,288176
2023-05-11,ND,2023-05-04,2023-05-10,291093,406,2513,2,290687,288580
2020-01-23,NE,2020-01-16,2020-01-22,0,0,0,0,0,0
2020-01-30,NE,2020-01-23,2020-01-29,0,0,0,0,0,0
2020-02-06,NE,2020-01-30,2020-02-05,0,0,0,0,0,0
2020-02-13,NE,2020-02-06,2020-02-12,0,0,0,0,0,0
2020-02-20,NE,2020-02-13,2020-02-19,0,0,0,0,0,0
2020-02-27,NE,2020-02-20,2020-02-26,0,0,0,0,0,0
2020-03-05,NE,2020-02-27,2020-03-04,2,2,0,0,0,2
2020-03-12,NE,2020-03-05,2020-03-11,6,4,0,0,2,6
2020-03-19,NE,2020-03-12,2020-03-18,29,23,0,0,6,29
2020-03-26,NE,2020-03-19,2020-03-25,74,45,0,0,29,74
2020-04-02,NE,2020-03-26,2020-04-01,213,139,12,12,74,201
2020-04-09,NE,2020-04-02,2020-04-08,509,296,28,16,213,481
2020-04-16,NE,2020-04-09,2020-04-15,904,395,53,25,509,851
2020-04-23,NE,2020-04-16,2020-04-22,1707,803,73,20,904,1634
2020-04-30,NE,2020-04-23,2020-04-29,3796,2089,118,45,1707,3678
2020-05-07,NE,2020-04-30,2020-05-06,6545,2749,149,31,3796,6396
2020-05-14,NE,2020-05-07,2020-05-13,8757,2212,196,47,6545,8561
2020-05-21,NE,2020-05-14,2020-05-20,10743,1986,240,44,8757,10503
2020-05-28,NE,2020-05-21,2020-05-27,12515,1772,274,34,10743,12241
2020-06-04,NE,2020-05-28,2020-06-03,14388,1873,293,19,12515,14095
2020-06-11,NE,2020-06-04,2020-06-10,15487,1099,302,9,14388,15185
2020-06-18,NE,2020-06-11,2020-06-17,16694,1207,331,29,15487,16363
2020-06-25,NE,2020-06-18,2020-06-24,17599,905,348,17,16694,17251
2020-07-02,NE,2020-06-25,2020-07-01,18694,1095,360,12,17599,18334
2020-07-09,NE,2020-07-02,2020-07-08,19797,1103,376,16,18694,19421
2020-07-16,NE,2020-07-09,2020-07-15,21251,1454,387,11,19797,20864
2020-07-23,NE,2020-07-16,2020-07-22,22777,1526,413,26,21251,22364
2020-07-30,NE,2020-07-23,2020-07-29,24655,1878,427,14,22777,24228
2020-08-06,NE,2020-07-30,2020-08-05,26657,2002,464,37,24655,26193
2020-08-13,NE,2020-08-06,2020-08-12,28384,1727,487,23,26657,27897
2020-08-20,NE,2020-08-13,2020-08-19,30150,1766,509,22,28384,29641
2020-08-27,NE,2020-08-20,2020-08-26,31743,1593,532,23,30150,31211
2020-09-03,NE,2020-08-27,2020-09-02,33953,2210,556,24,31743,33397
2020-09-10,NE,2020-09-03,2020-09-09,35728,1775,572,16,33953,35156
2020-09-17,NE,2020-09-10,2020-09-16,38174,2446,610,38,35728,37564
2020-09-24,NE,2020-09-17,2020-09-23,40926,2752,650,40,38174,40276
2020-10-01,NE,2020-09-24,2020-09-30,44036,3110,684,34,40926,43352
2020-10-08,NE,2020-10-01,2020-10-07,47752,3716,739,55,44036,47013
2020-10-15,NE,2020-10-08,2020-10-14,52792,5040,803,64,47752,51989
2020-10-22,NE,2020-10-15,2020-10-21,58643,5851,900,97,52792,57743
2020-10-29,NE,2020-10-22,2020-10-28,65226,6583,1021,121,58643,64205
2020-11-05,NE,2020-10-29,2020-11-04,74828,9602,1161,140,65226,73667
2020-11-12,NE,2020-11-05,2020-11-11,88767,13939,1348,187,74828,87419
2020-11-19,NE,2020-11-12,2020-11-18,104081,15314,1556,208,88767,102525
2020-11-26,NE,2020-11-19,2020-11-25,117895,13814,1741,185,104081,116154
2020-12-03,NE,2020-11-26,2020-12-02,128907,11012,1875,134,117895,127032
2020-12-10,NE,2020-12-03,2020-12-09,140248,11341,2014,139,128907,138234
2020-12-17,NE,2020-12-10,2020-12-16,148818,8570,2102,88,140248,146716
2020-12-24,NE,2020-12-17,2020-12-23,156706,7888,2172,70,148818,154534
2020-12-31,NE,2020-12-24,2020-12-30,162644,5938,2247,75,156706,160397
2021-01-07,NE,2020-12-31,2021-01-06,169998,7354,2320,73,162644,167678
2021-01-14,NE,2021-01-07,2021-01-13,176662,6664,2389,69,169998,174273
2021-01-21,NE,2021-01-14,2021-01-20,182252,5590,2444,55,176662,179808
2021-01-28,NE,2021-01-21,2021-01-27,186481,4229,2489,45,182252,183992
2021-02-04,NE,2021-01-28,2021-02-03,190416,3935,2519,30,186481,187897
2021-02-11,NE,2021-02-04,2021-02-10,193128,2712,2526,7,190416,190602
2021-02-18,NE,2021-02-11,2021-02-17,195187,2059,2543,17,193128,192644
2021-02-25,NE,2021-02-18,2021-02-24,197529,2342,2562,19,195187,194967
2021-03-04,NE,2021-02-25,2021-03-03,199587,2058,2579,17,197529,197008
2021-03-11,NE,2021-03-04,2021-03-10,201693,2106,2590,11,199587,199103
2021-03-18,NE,2021-03-11,2021-03-17,203604,1911,2599,9,201693,201005
2021-03-25,NE,2021-03-18,2021-03-24,205468,1864,2617,18,203604,202851
2021-04-01,NE,2021-03-25,2021-03-31,207929,2461,2626,9,205468,205303
2021-04-08,NE,2021-04-01,2021-04-07,210303,2374,2642,16,207929,207661
2021-04-15,NE,2021-04-08,2021-04-14,212566,2263,2655,13,210303,209911
2021-04-22,NE,2021-04-15,2021-04-21,214966,2400,2673,18,212566,212293
2021-04-29,NE,2021-04-22,2021-04-28,216609,1643,2683,10,214966,213926
2021-05-06,NE,2021-04-29,2021-05-05,217950,1341,2692,9,216609,215258
2021-05-13,NE,2021-05-06,2021-05-12,218986,1036,2706,14,217950,216280
2021-05-20,NE,2021-05-13,2021-05-19,219534,548,2710,4,218986,216824
2021-05-27,NE,2021-05-20,2021-05-26,219994,460,2729,19,219534,217265
2021-06-03,NE,2021-05-27,2021-06-02,220325,331,2732,3,219994,217593
2021-06-10,NE,2021-06-03,2021-06-09,220555,230,2734,2,220325,217821
2021-06-17,NE,2021-06-10,2021-06-16,220767,212,2736,2,220555,218031
2021-06-24,NE,2021-06-17,2021-06-23,220978,211,2738,2,220767,218240
2021-07-01,NE,2021-06-24,2021-06-30,221315,337,2746,8,220978,218569
2021-07-08,NE,2021-07-01,2021-07-07,221831,516,2756,10,221315,219075
2021-07-15,NE,2021-07-08,2021-07-14,222433,602,2766,10,221831,219667
2021-07-22,NE,2021-07-15,2021-07-21,223299,866,2781,15,222433,220518
2021-07-29,NE,2021-07-22,2021-07-28,224716,1417,2801,20,223299,221915
2021-08-05,NE,2021-07-29,2021-08-04,226818,2102,2826,25,224716,223992
2021-08-12,NE,2021-08-05,2021-08-11,229405,2587,2852,26,226818,226553
2021-08-19,NE,2021-08-12,2021-08-18,232740,3335,2888,36,229405,229852
2021-08-26,NE,2021-08-19,2021-08-25,237045,4305,2923,35,232740,234122
2021-09-02,NE,2021-08-26,2021-09-01,242340,5295,2959,36,237045,239381
2021-09-09,NE,2021-09-02,2021-09-08,247309,4969,2997,38,242340,244312
2021-09-16,NE,2021-09-09,2021-09-15,252895,5586,3038,41,247309,249857
2021-09-23,NE,2021-09-16,2021-09-22,257799,4904,3093,55,252895,254706
2021-09-30,NE,2021-09-23,2021-09-29,262459,4660,3145,52,257799,259314
2021-10-07,NE,2021-09-30,2021-10-06,266729,4270,3195,50,262459,263534
2021-10-14,NE,2021-10-07,2021-10-13,270999,4270,3230,35,266729,267769
2021-10-21,NE,2021-10-14,2021-10-20,275007,4008,3264,34,270999,271743
2021-10-28,NE,2021-10-21,2021-10-27,279491,4484,3309,45,275007,276182
2021-11-04,NE,2021-10-28,2021-11-03,284616,5125,3359,50,279491,281257
2021-11-11,NE,2021-11-04,2021-11-10,290862,6246,3416,57,284616,287446
2021-11-18,NE,2021-11-11,2021-11-17,297027,6165,3477,61,290862,293550
2021-11-25,NE,2021-11-18,2021-11-24,303596,6569,3554,77,297027,300042
2021-12-02,NE,2021-11-25,2021-12-01,309554,5958,3618,64,303596,305936
2021-12-09,NE,2021-12-02,2021-12-08,317012,7458,3699,81,309554,313313
2021-12-16,NE,2021-12-09,2021-12-15,323003,5991,3760,61,317012,319243
2021-12-23,NE,2021-12-16,2021-12-22,328574,5571,3810,50,323003,324764
2021-12-30,NE,2021-12-23,2021-12-29,336062,7488,3857,47,328574,332205
2022-01-06,NE,2021-12-30,2022-01-05,352197,16135,3926,69,336062,348271
2022-01-13,NE,2022-01-06,2022-01-12,379942,27745,3995,69,352197,375947
2022-01-20,NE,2022-01-13,2022-01-19,412515,32573,4084,89,379942,408431
2022-01-27,NE,2022-01-20,2022-01-26,439853,27338,4160,76,412515,435693
2022-02-03,NE,2022-01-27,2022-02-02,453472,13619,4221,61,439853,449251
2022-02-10,NE,2022-02-03,2022-02-09,460037,6565,4249,28,453472,455788
2022-02-17,NE,2022-02-10,2022-02-16,463530,3493,4269,20,460037,459261
2022-02-24,NE,2022-02-17,2022-02-23,465651,2121,4286,17,463530,461365
2022-03-03,NE,2022-02-24,2022-03-02,466878,1227,4291,5,465651,462587
2022-03-10,NE,2022-03-03,2022-03-09,467804,926,4294,3,466878,463510
2022-03-17,NE,2022-03-10,2022-03-16,468386,582,4300,6,467804,464086
2022-03-24,NE,2022-03-17,2022-03-23,468857,471,4303,3,468386,464554
2022-03-31,NE,2022-03-24,2022-03-30,469275,418,4306,3,468857,464969
2022-04-07,NE,2022-03-31,2022-04-06,469699,424,4307,1,469275,465392
2022-04-14,NE,2022-04-07,2022-04-13,470215,516,4308,1,469699,465907
2022-04-21,NE,2022-04-14,2022-04-20,470787,572,4311,3,470215,466476
2022-04-28,NE,2022-04-21,2022-04-27,471572,785,4317,6,470787,467255
2022-05-05,NE,2022-04-28,2022-05-04,472544,972,4318,1,471572,468226
2022-05-12,NE,2022-05-05,2022-05-11,474001,1457,4322,4,472544,469679
2022-05-19,NE,2022-05-12,2022-05-18,475747,1746,4323,1,474001,471424
2022-05-26,NE,2022-05-19,2022-05-25,477709,1962,4327,4,475747,473382
2022-06-02,NE,2022-05-26,2022-06-01,480027,2318,4331,4,477709,475696
2022-06-09,NE,2022-06-02,2022-06-08,482799,2772,4336,5,480027,478463
2022-06-16,NE,2022-06-09,2022-06-15,485378,2579,4340,4,482799,481038
2022-06-23,NE,2022-06-16,2022-06-22,488279,2901,4343,3,485378,483936
2022-06-30,NE,2022-06-23,2022-06-29,491781,3502,4353,10,488279,487428
2022-07-07,NE,2022-06-30,2022-07-06,495089,3308,4360,7,491781,490729
2022-07-14,NE,2022-07-07,2022-07-13,499151,4062,4364,4,495089,494787
2022-07-21,NE,2022-07-14,2022-07-20,503049,3898,4371,7,499151,498678
2022-07-28,NE,2022-07-21,2022-07-27,506962,3913,4377,6,503049,502585
2022-08-04,NE,2022-07-28,2022-08-03,510623,3661,4383,6,506962,506240
2022-08-11,NE,2022-08-04,2022-08-10,513708,3085,4385,2,510623,509323
2022-08-18,NE,2022-08-11,2022-08-17,516423,2715,4389,4,513708,512034
2022-08-25,NE,2022-08-18,2022-08-24,519181,2758,4391,2,516423,514790
2022-09-01,NE,2022-08-25,2022-08-31,522179,2998,4392,1,519181,517787
2022-09-08,NE,2022-09-01,2022-09-07,524443,2264,4392,0,522179,520051
2022-09-15,NE,2022-09-08,2022-09-14,526278,1835,4393,1,524443,521885
2022-09-22,NE,2022-09-15,2022-09-21,527803,1525,4480,87,526278,523323
2022-09-29,NE,2022-09-22,2022-09-28,528960,1157,4524,44,527803,524436
2022-10-06,NE,2022-09-29,2022-10-05,530053,1093,4536,12,528960,525517
2022-10-13,NE,2022-10-06,2022-10-12,531103,1050,4539,3,530053,526564
2022-10-20,NE,2022-10-13,2022-10-19,532228,1125,4546,7,531103,527682
2022-10-27,NE,2022-10-20,2022-10-26,533603,1375,4550,4,532228,529053
2022-11-03,NE,2022-10-27,2022-11-02,535367,1764,4562,12,533603,530805
2022-11-10,NE,2022-11-03,2022-11-09,537113,1746,4605,43,535367,532508
2022-11-17,NE,2022-11-10,2022-11-16,539110,1997,4621,16,537113,534489
2022-11-24,NE,2022-11-17,2022-11-23,541150,2040,4652,31,539110,536498
2022-12-01,NE,2022-11-24,2022-11-30,543131,1981,4662,10,541150,538469
2022-12-08,NE,2022-12-01,2022-12-07,546745,3614,4670,8,543131,542075
2022-12-15,NE,2022-12-08,2022-12-14,549482,2737,4673,3,546745,544809
2022-12-22,NE,2022-12-15,2022-12-21,553367,3885,4683,10,549482,548684
2022-12-29,NE,2022-12-22,2022-12-28,555094,1727,4684,1,553367,550410
2023-01-05,NE,2022-12-29,2023-01-04,556509,1415,4720,36,555094,551789
2023-01-12,NE,2023-01-05,2023-01-11,557989,1480,4727,7,556509,553262
2023-01-19,NE,2023-01-12,2023-01-18,558907,918,4732,5,557989,554175
2023-01-26,NE,2023-01-19,2023-01-25,559704,797,4746,14,558907,554958
2023-02-02,NE,2023-01-26,2023-02-01,560610,906,4765,19,559704,555845
2023-02-09,NE,2023-02-02,2023-02-08,561698,1088,4790,25,560610,556908
2023-02-16,NE,2023-02-09,2023-02-15,563016,1318,4826,36,561698,558190
2023-02-23,NE,2023-02-16,2023-02-22,564345,1329,4876,50,563016,559469
2023-03-02,NE,2023-02-23,2023-03-01,565917,1572,4912,36,564345,561005
2023-03-09,NE,2023-03-02,2023-03-08,567421,1504,4933,21,565917,562488
2023-03-16,NE,2023-03-09,2023-03-15,568962,1541,4951,18,567421,564011
2023-03-23,NE,2023-03-16,2023-03-22,570362,1400,4968,17,568962,565394
2023-03-30,NE,2023-03-23,2023-03-29,571602,1240,5014,46,570362,566588
2023-04-06,NE,2023-03-30,2023-04-05,572612,1010,5031,17,571602,567581
2023-04-13,NE,2023-04-06,2023-04-12,573341,729,5034,3,572612,568307
2023-04-20,NE,2023-04-13,2023-04-19,573965,624,5051,17,573341,568914
2023-04-27,NE,2023-04-20,2023-04-26,574379,414,5063,12,573965,569316
2023-05-04,NE,2023-04-27,2023-05-03,574761,382,5065,2,574379,569696
2023-05-11,NE,2023-05-04,2023-05-10,575134,373,5089,24,574761,570045
2020-01-23,NH,2020-01-16,2020-01-22,0,0,0,0,0,0
2020-01-30,NH,2020-01-23,2020-01-29,0,0,0,0,0,0
2020-02-06,NH,2020-01-30,2020-02-05,0,0,0,0,0,0
2020-02-13,NH,2020-02-06,2020-02-12,0,0,0,0,0,0
2020-02-20,NH,2020-02-13,2020-02-19,0,0,0,0,0,0
2020-02-27,NH,2020-02-20,2020-02-26,0,0,0,0,0,0
2020-03-05,NH,2020-02-27,2020-03-04,2,2,0,0,0,2
2020-03-12,NH,2020-03-05,2020-03-11,5,3,0,0,2,5
2020-03-19,NH,2020-03-12,2020-03-18,37,32,0,0,5,37
2020-03-26,NH,2020-03-19,2020-03-25,108,71,1,1,37,107
2020-04-02,NH,2020-03-26,2020-04-01,367,259,3,2,108,364
2020-04-09,NH,2020-04-02,2020-04-08,747,380,13,10,367,734
2020-04-16,NH,2020-04-09,2020-04-15,1139,392,32,19,747,1107
2020-04-23,NH,2020-04-16,2020-04-22,1588,449,48,16,1139,1540
2020-04-30,NH,2020-04-23,2020-04-29,2058,470,60,12,1588,1998
2020-05-07,NH,2020-04-30,2020-05-06,2741,683,92,32,2058,2649
2020-05-14,NH,2020-05-07,2020-05-13,3299,558,150,58,2741,3149
2020-05-21,NH,2020-05-14,2020-05-20,3868,569,190,40,3299,3678
2020-05-28,NH,2020-05-21,2020-05-27,4286,418,223,33,3868,4063
2020-06-04,NH,2020-05-28,2020-06-03,4795,509,265,42,4286,4530
2020-06-11,NH,2020-06-04,2020-06-10,5178,383,301,36,4795,4877
2020-06-18,NH,2020-06-11,2020-06-17,5437,259,330,29,5178,5107
2020-06-25,NH,2020-06-18,2020-06-24,5598,161,347,17,5437,5251
2020-07-02,NH,2020-06-25,2020-07-01,5802,204,373,26,5598,5429
2020-07-09,NH,2020-07-02,2020-07-08,5952,150,386,13,5802,5566
2020-07-16,NH,2020-07-09,2020-07-15,6113,161,394,8,5952,5719
2020-07-23,NH,2020-07-16,2020-07-22,6295,182,402,8,6113,5893
2020-07-30,NH,2020-07-23,2020-07-29,6513,218,411,9,6295,6102
2020-08-06,NH,2020-07-30,2020-08-05,6719,206,418,7,6513,6301
2020-08-13,NH,2020-08-06,2020-08-12,6887,168,420,2,6719,6467
2020-08-20,NH,2020-08-13,2020-08-19,7036,149,427,7,6887,6609
2020-08-27,NH,2020-08-20,2020-08-26,7156,120,429,2,7036,6727
2020-09-03,NH,2020-08-27,2020-09-02,7309,153,432,3,7156,6877
2020-09-10,NH,2020-09-03,2020-09-09,7494,185,433,1,7309,7061
2020-09-17,NH,2020-09-10,2020-09-16,7781,287,438,5,7494,7343
2020-09-24,NH,2020-09-17,2020-09-23,8007,226,438,0,7781,7569
2020-10-01,NH,2020-09-24,2020-09-30,8267,260,439,1,8007,7828
2020-10-08,NH,2020-10-01,2020-10-07,8731,464,446,7,8267,8285
2020-10-15,NH,2020-10-08,2020-10-14,9349,618,458,12,8731,8891
2020-10-22,NH,2020-10-15,2020-10-21,9917,568,469,11,9349,9448
2020-10-29,NH,2020-10-22,2020-10-28,10641,724,478,9,9917,10163
2020-11-05,NH,2020-10-29,2020-11-04,11563,922,484,6,10641,11079
2020-11-12,NH,2020-11-05,2020-11-11,13152,1589,492,8,11563,12660
2020-11-19,NH,2020-11-12,2020-11-18,15766,2614,504,12,13152,15262
2020-11-26,NH,2020-11-19,2020-11-25,18846,3080,514,10,15766,18332
2020-12-03,NH,2020-11-26,2020-12-02,22368,3522,537,23,18846,21831
2020-12-10,NH,2020-12-03,2020-12-09,27592,5224,570,33,22368,27022
2020-12-17,NH,2020-12-10,2020-12-16,33433,5841,625,55,27592,32808
2020-12-24,NH,2020-12-17,2020-12-23,38512,5079,677,52,33433,37835
2020-12-31,NH,2020-12-24,2020-12-30,43242,4730,741,64,38512,42501
2021-01-07,NH,2020-12-31,2021-01-06,48838,5596,816,75,43242,48022
2021-01-14,NH,2021-01-07,2021-01-13,54125,5287,885,69,48838,53240
2021-01-21,NH,2021-01-14,2021-01-20,59437,5312,950,65,54125,58487
2021-01-28,NH,2021-01-21,2021-01-27,63563,4126,1006,56,59437,62557
2021-02-04,NH,2021-01-28,2021-02-03,66721,3158,1076,70,63563,65645
2021-02-11,NH,2021-02-04,2021-02-10,69247,2526,1116,40,66721,68131
2021-02-18,NH,2021-02-11,2021-02-17,71965,2718,1148,32,69247,70817
2021-02-25,NH,2021-02-18,2021-02-24,74258,2293,1157,9,71965,73101
2021-03-04,NH,2021-02-25,2021-03-03,75990,1732,1175,18,74258,74815
2021-03-11,NH,2021-03-04,2021-03-10,77465,1475,1187,12,75990,76278
2021-03-18,NH,2021-03-11,2021-03-17,79367,1902,1202,15,77465,78165
2021-03-25,NH,2021-03-18,2021-03-24,81521,2154,1228,26,79367,80293
2021-04-01,NH,2021-03-25,2021-03-31,84176,2655,1238,10,81521,82938
2021-04-08,NH,2021-04-01,2021-04-07,86935,2759,1250,12,84176,85685
2021-04-15,NH,2021-04-08,2021-04-14,89983,3048,1261,11,86935,88722
2021-04-22,NH,2021-04-15,2021-04-21,92395,2412,1273,12,89983,91122
2021-04-29,NH,2021-04-22,2021-04-28,94405,2010,1297,24,92395,93108
2021-05-06,NH,2021-04-29,2021-05-05,95881,1476,1308,11,94405,94573
2021-05-13,NH,2021-05-06,2021-05-12,97093,1212,1322,14,95881,95771
2021-05-20,NH,2021-05-13,2021-05-19,97978,885,1340,18,97093,96638
2021-05-27,NH,2021-05-20,2021-05-26,98470,492,1346,6,97978,97124
2021-06-03,NH,2021-05-27,2021-06-02,98791,321,1353,7,98470,97438
2021-06-10,NH,2021-06-03,2021-06-09,98996,205,1357,4,98791,97639
2021-06-17,NH,2021-06-10,2021-06-16,99196,200,1364,7,98996,97832
2021-06-24,NH,2021-06-17,2021-06-23,99366,170,1369,5,99196,97997
2021-07-01,NH,2021-06-24,2021-06-30,99505,139,1372,3,99366,98133
2021-07-08,NH,2021-07-01,2021-07-07,99651,146,1374,2,99505,98277
2021-07-15,NH,2021-07-08,2021-07-14,99841,190,1381,7,99651,98460
2021-07-22,NH,2021-07-15,2021-07-21,100072,231,1384,3,99841,98688
2021-07-29,NH,2021-07-22,2021-07-28,100465,393,1386,2,100072,99079
2021-08-05,NH,2021-07-29,2021-08-04,101277,812,1389,3,100465,99888
2021-08-12,NH,2021-08-05,2021-08-11,102353,1076,1393,4,101277,100960
2021-08-19,NH,2021-08-12,2021-08-18,103989,1636,1396,3,102353,102593
2021-08-26,NH,2021-08-19,2021-08-25,105883,1894,1408,12,103989,104475
2021-09-02,NH,2021-08-26,2021-09-01,108021,2138,1420,12,105883,106601
2021-09-09,NH,2021-09-02,2021-09-08,110256,2235,1431,11,108021,108825
2021-09-16,NH,2021-09-09,2021-09-15,113291,3035,1453,22,110256,111838
2021-09-23,NH,2021-09-16,2021-09-22,115957,2666,1466,13,113291,114491
2021-09-30,NH,2021-09-23,2021-09-29,119720,3763,1479,13,115957,118241
2021-10-07,NH,2021-09-30,2021-10-06,122934,3214,1493,14,119720,121441
2021-10-14,NH,2021-10-07,2021-10-13,126773,3839,1511,18,122934,125262
2021-10-21,NH,2021-10-14,2021-10-20,130615,3842,1537,26,126773,129078
2021-10-28,NH,2021-10-21,2021-10-27,132441,1826,1544,7,130615,130897
2021-11-04,NH,2021-10-28,2021-11-03,137778,5337,1581,37,132441,136197
2021-11-11,NH,2021-11-04,2021-11-10,142469,4691,1617,36,137778,140852
2021-11-18,NH,2021-11-11,2021-11-17,148718,6249,1648,31,142469,147070
2021-11-25,NH,2021-11-18,2021-11-24,155711,6993,1683,35,148718,154028
2021-12-02,NH,2021-11-25,2021-12-01,162583,6872,1725,42,155711,160858
2021-12-09,NH,2021-12-02,2021-12-08,171538,8955,1768,43,162583,169770
2021-12-16,NH,2021-12-09,2021-12-15,180238,8700,1817,49,171538,178421
2021-12-23,NH,2021-12-16,2021-12-22,188644,8406,1875,58,180238,186769
2021-12-30,NH,2021-12-23,2021-12-29,196656,8012,1950,75,188644,194706
2022-01-06,NH,2021-12-30,2022-01-05,208073,11417,2013,63,196656,206060
2022-01-13,NH,2022-01-06,2022-01-12,229373,21300,2032,19,208073,227341
2022-01-20,NH,2022-01-13,2022-01-19,251441,22068,2109,77,229373,249332
2022-01-27,NH,2022-01-20,2022-01-26,267800,16359,2173,64,251441,265627
2022-02-03,NH,2022-01-27,2022-02-02,278691,10891,2232,59,267800,276459
2022-02-10,NH,2022-02-03,2022-02-09,285863,7172,2284,52,278691,283579
2022-02-17,NH,2022-02-10,2022-02-16,291540,5677,2326,42,285863,289214
2022-02-24,NH,2022-02-17,2022-02-23,295701,4161,2368,42,291540,293333
2022-03-03,NH,2022-02-24,2022-03-02,298808,3107,2394,26,295701,296414
2022-03-10,NH,2022-03-03,2022-03-09,299873,1065,2408,14,298808,297465
2022-03-17,NH,2022-03-10,2022-03-16,300693,820,2428,20,299873,298265
2022-03-24,NH,2022-03-17,2022-03-23,301534,841,2443,15,300693,299091
2022-03-31,NH,2022-03-24,2022-03-30,302383,849,2452,9,301534,299931
2022-04-07,NH,2022-03-31,2022-04-06,302541,158,2452,0,302383,300089
2022-04-14,NH,2022-04-07,2022-04-13,304793,2252,2461,9,302541,302332
2022-04-21,NH,2022-04-14,2022-04-20,306724,1931,2471,10,304793,304253
2022-04-28,NH,2022-04-21,2022-04-27,309193,2469,2477,6,306724,306716
2022-05-05,NH,2022-04-28,2022-05-04,312161,2968,2486,9,309193,309675
2022-05-12,NH,2022-05-05,2022-05-11,315447,3286,2493,7,312161,312954
2022-05-19,NH,2022-05-12,2022-05-18,319901,4454,2515,22,315447,317386
2022-05-26,NH,2022-05-19,2022-05-25,323326,3425,2528,13,319901,320798
2022-06-02,NH,2022-05-26,2022-06-01,325833,2507,2539,11,323326,323294
2022-06-09,NH,2022-06-02,2022-06-08,327814,1981,2555,16,325833,325259
2022-06-16,NH,2022-06-09,2022-06-15,329230,1416,2565,10,327814,326665
2022-06-23,NH,2022-06-16,2022-06-22,330482,1252,2572,7,329230,327910
2022-06-30,NH,2022-06-23,2022-06-29,331883,1401,2582,10,330482,329301
2022-07-07,NH,2022-06-30,2022-07-06,333251,1368,2594,12,331883,330657
2022-07-14,NH,2022-07-07,2022-07-13,334845,1594,2604,10,333251,332241
2022-07-21,NH,2022-07-14,2022-07-20,336189,1344,2615,11,334845,333574
2022-07-28,NH,2022-07-21,2022-07-27,337834,1645,2623,8,336189,335211
2022-08-04,NH,2022-07-28,2022-08-03,339186,1352,2631,8,337834,336555
2022-08-11,NH,2022-08-04,2022-08-10,340668,1482,2637,6,339186,338031
2022-08-18,NH,2022-08-11,2022-08-17,342042,1374,2646,9,340668,339396
2022-08-25,NH,2022-08-18,2022-08-24,343190,1148,2652,6,342042,340538
2022-09-01,NH,2022-08-25,2022-08-31,344386,1196,2662,10,343190,341724
2022-09-08,NH,2022-09-01,2022-09-07,345448,1062,2666,4,344386,342782
2022-09-15,NH,2022-09-08,2022-09-14,346632,1184,2676,10,345448,343956
2022-09-22,NH,2022-09-15,2022-09-21,348367,1735,2688,12,346632,345679
2022-09-29,NH,2022-09-22,2022-09-28,349851,1484,2703,15,348367,347148
2022-10-06,NH,2022-09-29,2022-10-05,351444,1593,2708,5,349851,348736
2022-10-13,NH,2022-10-06,2022-10-12,352875,1431,2713,5,351444,350162
2022-10-20,NH,2022-10-13,2022-10-19,354928,2053,2725,12,352875,352203
2022-10-27,NH,2022-10-20,2022-10-26,356348,1420,2737,12,354928,353611
2022-11-03,NH,2022-10-27,2022-11-02,357575,1227,2761,24,356348,354814
2022-11-10,NH,2022-11-03,2022-11-09,358819,1244,2782,21,357575,356037
2022-11-17,NH,2022-11-10,2022-11-16,359666,847,2794,12,358819,356872
2022-11-24,NH,2022-11-17,2022-11-23,360483,817,2806,12,359666,357677
2022-12-01,NH,2022-11-24,2022-11-30,361375,892,2816,10,360483,358559
2022-12-08,NH,2022-12-01,2022-12-07,362654,1279,2828,12,361375,359826
2022-12-15,NH,2022-12-08,2022-12-14,364008,1354,2836,8,362654,361172
2022-12-22,NH,2022-12-15,2022-12-21,365559,1551,2847,11,364008,362712
2022-12-29,NH,2022-12-22,2022-12-28,366957,1398,2852,5,365559,364105
2023-01-05,NH,2022-12-29,2023-01-04,368743,1786,2866,14,366957,365877
2023-01-12,NH,2023-01-05,2023-01-11,370511,1768,2887,21,368743,367624
2023-01-19,NH,2023-01-12,2023-01-18,371715,1204,2908,21,370511,368807
2023-01-26,NH,2023-01-19,2023-01-25,372783,1068,2929,21,371715,369854
2023-02-02,NH,2023-01-26,2023-02-01,373539,756,2947,18,372783,370592
2023-02-09,NH,2023-02-02,2023-02-08,374531,992,2962,15,373539,371569
2023-02-16,NH,2023-02-09,2023-02-15,375618,1087,2972,10,374531,372646
2023-02-23,NH,2023-02-16,2023-02-22,376513,895,2984,12,375618,373529
2023-03-02,NH,2023-02-23,2023-03-01,377435,922,2993,9,376513,374442
2023-03-09,NH,2023-03-02,2023-03-08,378114,679,3000,7,377435,375114
2023-03-16,NH,2023-03-09,2023-03-15,378878,764,3009,9,378114,375869
2023-03-23,NH,2023-03-16,2023-03-22,379453,575,3014,5,378878,376439
2023-03-30,NH,2023-03-23,2023-03-29,379998,545,3018,4,379453,376980
2023-04-06,NH,2023-03-30,2023-04-05,380401,403,3027,9,379998,377374
2023-04-13,NH,2023-04-06,2023-04-12,380713,312,3029,2,380401,377684
2023-04-20,NH,2023-04-13,2023-04-19,381070,357,3035,6,380713,378035
2023-04-27,NH,2023-04-20,2023-04-26,381441,371,3038,3,381070,378403
2023-05-04,NH,2023-04-27,2023-05-03,381732,291,3046,8,381441,378686
2023-05-11,NH,2023-05-04,2023-05-10,382013,281,3052,6,381732,378961
2020-01-23,NJ,2020-01-16,2020-01-22,0,0,0,0,0,0
2020-01-30,NJ,2020-01-23,2020-01-29,0,0,0,0,0,0
2020-02-06,NJ,2020-01-30,2020-02-05,0,0,0,0,0,0
2020-02-13,NJ,2020-02-06,2020-02-12,0,0,0,0,0,0
2020-02-20,NJ,2020-02-13,2020-02-19,0,0,0,0,0,0
2020-02-27,NJ,2020-02-20,2020-02-26,0,0,0,0,0,0
2020-03-05,NJ,2020-02-27,2020-03-04,0,0,0,0,0,0
2020-03-12,NJ,2020-03-05,2020-03-11,23,23,1,1,0,22
2020-03-19,NJ,2020-03-12,2020-03-18,397,374,7,6,23,390
2020-03-26,NJ,2020-03-19,2020-03-25,4402,4005,81,74,397,4321
2020-04-02,NJ,2020-03-26,2020-04-01,22255,17853,476,395,4402,21779
2020-04-09,NJ,2020-04-02,2020-04-08,47437,25182,1974,1498,22255,45463
2020-04-16,NJ,2020-04-09,2020-04-15,71030,23593,4088,2114,47437,66942
2020-04-23,NJ,2020-04-16,2020-04-22,95914,24884,6407,2319,71030,89507
2020-04-30,NJ,2020-04-23,2020-04-29,116365,20451,8254,1847,95914,108111
2020-05-07,NJ,2020-04-30,2020-05-06,131928,15563,10187,1933,116365,121741
2020-05-14,NJ,2020-05-07,2020-05-13,141677,9749,11448,1261,131928,130229
2020-05-21,NJ,2020-05-14,2020-05-20,150712,9035,12520,1072,141677,138192
2020-05-28,NJ,2020-05-21,2020-05-27,156909,6197,13143,623,150712,143766
2020-06-04,NJ,2020-05-28,2020-06-03,162435,5526,13710,567,156909,148725
2020-06-11,NJ,2020-06-04,2020-06-10,165536,3101,14224,514,162435,151312
2020-06-18,NJ,2020-06-11,2020-06-17,167845,2309,14690,466,165536,153155
2020-06-25,NJ,2020-06-18,2020-06-24,170068,2223,14872,182,167845,155196
2020-07-02,NJ,2020-06-25,2020-07-01,172934,2866,15071,199,170068,157863
2020-07-09,NJ,2020-07-02,2020-07-08,175227,2293,15333,262,172934,159894
2020-07-16,NJ,2020-07-09,2020-07-15,177628,2401,15627,294,175227,162001
2020-07-23,NJ,2020-07-16,2020-07-22,179497,1869,15716,89,177628,163781
2020-07-30,NJ,2020-07-23,2020-07-29,182797,3300,15778,62,179497,167019
2020-08-06,NJ,2020-07-30,2020-08-05,185810,3013,15830,52,182797,169980
2020-08-13,NJ,2020-08-06,2020-08-12,188703,2893,15875,45,185810,172828
2020-08-20,NJ,2020-08-13,2020-08-19,191483,2780,15905,30,188703,175578
2020-08-27,NJ,2020-08-20,2020-08-26,193652,2169,15914,9,191483,177738
2020-09-03,NJ,2020-08-27,2020-09-02,196225,2573,15963,49,193652,180262
2020-09-10,NJ,2020-09-03,2020-09-09,198984,2759,16005,42,196225,182979
2020-09-17,NJ,2020-09-10,2020-09-16,202133,3149,16050,45,198984,186083
2020-09-24,NJ,2020-09-17,2020-09-23,205771,3638,16078,28,202133,189693
2020-10-01,NJ,2020-09-24,2020-09-30,210663,4892,16122,44,205771,194541
2020-10-08,NJ,2020-10-01,2020-10-07,215907,5244,16146,24,210663,199761
2020-10-15,NJ,2020-10-08,2020-10-14,223083,7176,16194,48,215907,206889
2020-10-22,NJ,2020-10-15,2020-10-21,231862,8779,16246,52,223083,215616
2020-10-29,NJ,2020-10-22,2020-10-28,243995,12133,16324,78,231862,227671
2020-11-05,NJ,2020-10-29,2020-11-04,259709,15714,16391,67,243995,243318
2020-11-12,NJ,2020-11-05,2020-11-11,282233,22524,16476,85,259709,265757
2020-11-19,NJ,2020-11-12,2020-11-18,312701,30468,16655,179,282233,296046
2020-11-26,NJ,2020-11-19,2020-11-25,345398,32697,16886,231,312701,328512
2020-12-03,NJ,2020-11-26,2020-12-02,378624,33226,17145,259,345398,361479
2020-12-10,NJ,2020-12-03,2020-12-09,418861,40237,17542,397,378624,401319
2020-12-17,NJ,2020-12-10,2020-12-16,456938,38077,18003,461,418861,438935
2020-12-24,NJ,2020-12-17,2020-12-23,491341,34403,18466,463,456938,472875
2020-12-31,NJ,2020-12-24,2020-12-30,523295,31954,18952,486,491341,504343
2021-01-07,NJ,2020-12-31,2021-01-06,560057,36762,19523,571,523295,540534
2021-01-14,NJ,2021-01-07,2021-01-13,602629,42572,20162,639,560057,582467
2021-01-21,NJ,2021-01-14,2021-01-20,641140,38511,20664,502,602629,620476
2021-01-28,NJ,2021-01-21,2021-01-27,676537,35397,21220,556,641140,655317
2021-02-04,NJ,2021-01-28,2021-02-03,705807,29270,21693,473,676537,684114
2021-02-11,NJ,2021-02-04,2021-02-10,732674,26867,22250,557,705807,710424
2021-02-18,NJ,2021-02-11,2021-02-17,755174,22500,22632,382,732674,732542
2021-02-25,NJ,2021-02-18,2021-02-24,775386,20212,23077,445,755174,752309
2021-03-04,NJ,2021-02-25,2021-03-03,799476,24090,23449,372,775386,776027
2021-03-11,NJ,2021-03-04,2021-03-10,822817,23341,23768,319,799476,799049
2021-03-18,NJ,2021-03-11,2021-03-17,848727,25910,24045,277,822817,824682
2021-03-25,NJ,2021-03-18,2021-03-24,877936,29209,24292,247,848727,853644
2021-04-01,NJ,2021-03-25,2021-03-31,908816,30880,24561,269,877936,884255
2021-04-08,NJ,2021-04-01,2021-04-07,937979,29163,24748,187,908816,913231
2021-04-15,NJ,2021-04-08,2021-04-14,963484,25505,25005,257,937979,938479
2021-04-22,NJ,2021-04-15,2021-04-21,984703,21219,25271,266,963484,959432
2021-04-29,NJ,2021-04-22,2021-04-28,993123,8420,25508,237,984703,967615
2021-05-06,NJ,2021-04-29,2021-05-05,1004320,11197,25707,199,993123,978613
2021-05-13,NJ,2021-05-06,2021-05-12,1008984,4664,25882,175,1004320,983102
2021-05-20,NJ,2021-05-13,2021-05-19,1012165,3181,26030,148,1008984,986135
2021-05-27,NJ,2021-05-20,2021-05-26,1014971,2806,26159,129,1012165,988812
2021-06-03,NJ,2021-05-27,2021-06-02,1016766,1795,26246,87,1014971,990520
2021-06-10,NJ,2021-06-03,2021-06-09,1018487,1721,26314,68,1016766,992173
2021-06-17,NJ,2021-06-10,2021-06-16,1020326,1839,26356,42,1018487,993970
2021-06-24,NJ,2021-06-17,2021-06-23,1021822,1496,26409,53,1020326,995413
2021-07-01,NJ,2021-06-24,2021-06-30,1023417,1595,26456,47,1021822,996961
2021-07-08,NJ,2021-07-01,2021-07-07,1024748,1331,26488,32,1023417,998260
2021-07-15,NJ,2021-07-08,2021-07-14,1027014,2266,26525,37,1024748,1000489
2021-07-22,NJ,2021-07-15,2021-07-21,1030580,3566,26559,34,1027014,1004021
2021-07-29,NJ,2021-07-22,2021-07-28,1035975,5395,26587,28,1030580,1009388
2021-08-05,NJ,2021-07-29,2021-08-04,1043702,7727,26624,37,1035975,1017078
2021-08-12,NJ,2021-08-05,2021-08-11,1053398,9696,26663,39,1043702,1026735
2021-08-19,NJ,2021-08-12,2021-08-18,1065736,12338,26721,58,1053398,1039015
2021-08-26,NJ,2021-08-19,2021-08-25,1079900,14164,26795,74,1065736,1053105
2021-09-02,NJ,2021-08-26,2021-09-01,1094249,14349,26901,106,1079900,1067348
2021-09-09,NJ,2021-09-02,2021-09-08,1108291,14042,27007,106,1094249,1081284
2021-09-16,NJ,2021-09-09,2021-09-15,1123364,15073,27121,114,1108291,1096243
2021-09-23,NJ,2021-09-16,2021-09-22,1139367,16003,27264,143,1123364,1112103
2021-09-30,NJ,2021-09-23,2021-09-29,1152243,12876,27400,136,1139367,1124843
2021-10-07,NJ,2021-09-30,2021-10-06,1164378,12135,27542,142,1152243,1136836
2021-10-14,NJ,2021-10-07,2021-10-13,1175889,11511,27653,111,1164378,1148236
2021-10-21,NJ,2021-10-14,2021-10-20,1184395,8506,27783,130,1175889,1156612
2021-10-28,NJ,2021-10-21,2021-10-27,1193201,8806,27929,146,1184395,1165272
2021-11-04,NJ,2021-10-28,2021-11-03,1202251,9050,28010,81,1193201,1174241
2021-11-11,NJ,2021-11-04,2021-11-10,1211423,9172,28133,123,1202251,1183290
2021-11-18,NJ,2021-11-11,2021-11-17,1223455,12032,28220,87,1211423,1195235
2021-11-25,NJ,2021-11-18,2021-11-24,1238359,14904,28308,88,1223455,1210051
2021-12-02,NJ,2021-11-25,2021-12-01,1255893,17534,28408,100,1238359,1227485
2021-12-09,NJ,2021-12-02,2021-12-08,1283925,28032,28518,110,1255893,1255407
2021-12-16,NJ,2021-12-09,2021-12-15,1316108,32183,28643,125,1283925,1287465
2021-12-23,NJ,2021-12-16,2021-12-22,1373212,57104,28790,147,1316108,1344422
2021-12-30,NJ,2021-12-23,2021-12-29,1495354,122142,28967,177,1373212,1466387
2022-01-06,NJ,2021-12-30,2022-01-05,1711738,216384,29209,242,1495354,1682529
2022-01-13,NJ,2022-01-06,2022-01-12,1915417,203679,29737,528,1711738,1885680
2022-01-20,NJ,2022-01-13,2022-01-19,2025616,110199,30310,573,1915417,1995306
2022-01-27,NJ,2022-01-20,2022-01-26,2085385,59769,31029,719,2025616,2054356
2022-02-03,NJ,2022-01-27,2022-02-02,2119298,33913,31467,438,2085385,2087831
2022-02-10,NJ,2022-02-03,2022-02-09,2136387,17089,31847,380,2119298,2104540
2022-02-17,NJ,2022-02-10,2022-02-16,2150351,13964,32108,261,2136387,2118243
2022-02-24,NJ,2022-02-17,2022-02-23,2161191,10840,32800,692,2150351,2128391
2022-03-03,NJ,2022-02-24,2022-03-02,2170061,8870,32966,166,2161191,2137095
2022-03-10,NJ,2022-03-03,2022-03-09,2177598,7537,33055,89,2170061,2144543
2022-03-17,NJ,2022-03-10,2022-03-16,2184240,6642,33133,78,2177598,2151107
2022-03-24,NJ,2022-03-17,2022-03-23,2190835,6595,33188,55,2184240,2157647
2022-03-31,NJ,2022-03-24,2022-03-30,2198339,7504,33225,37,2190835,2165114
2022-04-07,NJ,2022-03-31,2022-04-06,2208118,9779,33272,47,2198339,2174846
2022-04-14,NJ,2022-04-07,2022-04-13,2221058,12940,33304,32,2208118,2187754
2022-04-21,NJ,2022-04-14,2022-04-20,2235034,13976,33347,43,2221058,2201687
2022-04-28,NJ,2022-04-21,2022-04-27,2252044,17010,33411,64,2235034,2218633
2022-05-05,NJ,2022-04-28,2022-05-04,2273050,21006,33467,56,2252044,2239583
2022-05-12,NJ,2022-05-05,2022-05-11,2300407,27357,33517,50,2273050,2266890
2022-05-19,NJ,2022-05-12,2022-05-18,2335255,34848,33585,68,2300407,2301670
2022-05-26,NJ,2022-05-19,2022-05-25,2370508,35253,33651,66,2335255,2336857
2022-06-02,NJ,2022-05-26,2022-06-01,2398157,27649,33727,76,2370508,2364430
2022-06-09,NJ,2022-06-02,2022-06-08,2424606,26449,33810,83,2398157,2390796
2022-06-16,NJ,2022-06-09,2022-06-15,2444707,20101,33896,86,2424606,2410811
2022-06-23,NJ,2022-06-16,2022-06-22,2464207,19500,33966,70,2444707,2430241
2022-06-30,NJ,2022-06-23,2022-06-29,2484840,20633,34036,70,2464207,2450804
2022-07-07,NJ,2022-06-30,2022-07-06,2505692,20852,34083,47,2484840,2471609
2022-07-14,NJ,2022-07-07,2022-07-13,2530796,25104,34133,50,2505692,2496663
2022-07-21,NJ,2022-07-14,2022-07-20,2556303,25507,34189,56,2530796,2522114
2022-07-28,NJ,2022-07-21,2022-07-27,2582494,26191,34250,61,2556303,2548244
2022-08-04,NJ,2022-07-28,2022-08-03,2606229,23735,34303,53,2582494,2571926
2022-08-11,NJ,2022-08-04,2022-08-10,2627779,21550,34370,67,2606229,2593409
2022-08-18,NJ,2022-08-11,2022-08-17,2645729,17950,34420,50,2627779,2611309
2022-08-25,NJ,2022-08-18,2022-08-24,2661873,16144,34487,67,2645729,2627386
2022-09-01,NJ,2022-08-25,2022-08-31,2676932,15059,34551,64,2661873,2642381
2022-09-08,NJ,2022-09-01,2022-09-07,2689371,12439,34592,41,2676932,2654779
2022-09-15,NJ,2022-09-08,2022-09-14,2703340,13969,34640,48,2689371,2668700
2022-09-22,NJ,2022-09-15,2022-09-21,2719358,16018,34690,50,2703340,2684668
2022-09-29,NJ,2022-09-22,2022-09-28,2735732,16374,34732,42,2719358,2701000
2022-10-06,NJ,2022-09-29,2022-10-05,2750373,14641,34766,34,2735732,2715607
2022-10-13,NJ,2022-10-06,2022-10-12,2763340,12967,34802,36,2750373,2728538
2022-10-20,NJ,2022-10-13,2022-10-19,2775804,12464,34842,40,2763340,2740962
2022-10-27,NJ,2022-10-20,2022-10-26,2787227,11423,34867,25,2775804,2752360
2022-11-03,NJ,2022-10-27,2022-11-02,2801506,14279,34918,51,2787227,2766588
2022-11-10,NJ,2022-11-03,2022-11-09,2813645,12139,34957,39,2801506,2778688
2022-11-17,NJ,2022-11-10,2022-11-16,2824396,10751,35015,58,2813645,2789381
2022-11-24,NJ,2022-11-17,2022-11-23,2835549,11153,35075,60,2824396,2800474
2022-12-01,NJ,2022-11-24,2022-11-30,2848609,13060,35124,49,2835549,2813485
2022-12-08,NJ,2022-12-01,2022-12-07,2864908,16299,35203,79,2848609,2829705
2022-12-15,NJ,2022-12-08,2022-12-14,2882626,17718,35287,84,2864908,2847339
2022-12-22,NJ,2022-12-15,2022-12-21,2901542,18916,35389,102,2882626,2866153
2022-12-29,NJ,2022-12-22,2022-12-28,2919724,18182,35459,70,2901542,2884265
2023-01-05,NJ,2022-12-29,2023-01-04,2941046,21322,35555,96,2919724,2905491
2023-01-12,NJ,2023-01-05,2023-01-11,2961207,20161,35637,82,2941046,2925570
2023-01-19,NJ,2023-01-12,2023-01-18,2976788,15581,35699,62,2961207,2941089
2023-01-26,NJ,2023-01-19,2023-01-25,2991112,14324,35761,62,2976788,2955351
2023-02-02,NJ,2023-01-26,2023-02-01,3004462,13350,35806,45,2991112,2968656
2023-02-09,NJ,2023-02-02,2023-02-08,3017708,13246,35847,41,3004462,2981861
2023-02-16,NJ,2023-02-09,2023-02-15,3028051,10343,35897,50,3017708,2992154
2023-02-23,NJ,2023-02-16,2023-02-22,3036231,8180,35940,43,3028051,3000291
2023-03-02,NJ,2023-02-23,2023-03-01,3043090,6859,35982,42,3036231,3007108
2023-03-09,NJ,2023-03-02,2023-03-08,3048211,5121,36010,28,3043090,3012201
2023-03-16,NJ,2023-03-09,2023-03-15,3052870,4659,36033,23,3048211,3016837
2023-03-23,NJ,2023-03-16,2023-03-22,3056796,3926,36052,19,3052870,3020744
2023-03-30,NJ,2023-03-23,2023-03-29,3060785,3989,36070,18,3056796,3024715
2023-04-06,NJ,2023-03-30,2023-04-05,3063929,3144,36080,10,3060785,3027849
2023-04-13,NJ,2023-04-06,2023-04-12,3066880,2951,36095,15,3063929,3030785
2023-04-20,NJ,2023-04-13,2023-04-19,3069918,3038,36104,9,3066880,3033814
2023-04-27,NJ,2023-04-20,2023-04-26,3072009,2091,36115,11,3069918,3035894
2023-05-04,NJ,2023-04-27,2023-05-03,3073628,1619,36117,2,3072009,3037511
2023-05-11,NJ,2023-05-04,2023-05-10,3075271,1643,36118,1,3073628,3039153
2020-01-23,NM,2020-01-16,2020-01-22,0,0,0,0,0,0
2020-01-30,NM,2020-01-23,2020-01-29,0,0,0,0,0,0
2020-02-06,NM,2020-01-30,2020-02-05,0,0,0,0,0,0
2020-02-13,NM,2020-02-06,2020-02-12,0,0,0,0,0,0
2020-02-20,NM,2020-02-13,2020-02-19,0,0,0,0,0,0
2020-02-27,NM,2020-02-20,2020-02-26,0,0,0,0,0,0
2020-03-05,NM,2020-02-27,2020-03-04,0,0,0,0,0,0
2020-03-12,NM,2020-03-05,2020-03-11,3,3,0,0,0,3
2020-03-19,NM,2020-03-12,2020-03-18,28,25,0,0,3,28
2020-03-26,NM,2020-03-19,2020-03-25,113,85,1,1,28,112
2020-04-02,NM,2020-03-26,2020-04-01,327,214,5,4,113,322
2020-04-09,NM,2020-04-02,2020-04-08,821,494,13,8,327,808
2020-04-16,NM,2020-04-09,2020-04-15,1484,663,36,23,821,1448
2020-04-23,NM,2020-04-16,2020-04-22,2210,726,71,35,1484,2139
2020-04-30,NM,2020-04-23,2020-04-29,3213,1003,112,41,2210,3101
2020-05-07,NM,2020-04-30,2020-05-06,4288,1075,169,57,3213,4119
2020-05-14,NM,2020-05-07,2020-05-13,5362,1074,231,62,4288,5131
2020-05-21,NM,2020-05-14,2020-05-20,6298,936,283,52,5362,6015
2020-05-28,NM,2020-05-21,2020-05-27,7251,953,329,46,6298,6922
2020-06-04,NM,2020-05-28,2020-06-03,8140,889,375,46,7251,7765
2020-06-11,NM,2020-06-04,2020-06-10,9249,1109,410,35,8140,8839
2020-06-18,NM,2020-06-11,2020-06-17,10065,816,452,42,9249,9613
2020-06-25,NM,2020-06-18,2020-06-24,10990,925,480,28,10065,10510
2020-07-02,NM,2020-06-25,2020-07-01,12276,1286,500,20,10990,11776
2020-07-09,NM,2020-07-02,2020-07-08,14017,1741,527,27,12276,13490
2020-07-16,NM,2020-07-09,2020-07-15,15839,1822,557,30,14017,15282
2020-07-23,NM,2020-07-16,2020-07-22,17828,1989,591,34,15839,17237
2020-07-30,NM,2020-07-23,2020-07-29,20136,2308,632,41,17828,19504
2020-08-06,NM,2020-07-30,2020-08-05,21566,1430,667,35,20136,20899
2020-08-13,NM,2020-08-06,2020-08-12,22817,1251,695,28,21566,22122
2020-08-20,NM,2020-08-13,2020-08-19,23747,930,729,34,22817,23018
2020-08-27,NM,2020-08-20,2020-08-26,24730,983,755,26,23747,23975
2020-09-03,NM,2020-08-27,2020-09-02,25612,882,790,35,24730,24822
2020-09-10,NM,2020-09-03,2020-09-09,26266,654,813,23,25612,25453
2020-09-17,NM,2020-09-10,2020-09-16,27038,772,832,19,26266,26206
2020-09-24,NM,2020-09-17,2020-09-23,27981,943,857,25,27038,27124
2020-10-01,NM,2020-09-24,2020-09-30,29434,1453,877,20,27981,28557
2020-10-08,NM,2020-10-01,2020-10-07,31372,1938,896,19,29434,30476
2020-10-15,NM,2020-10-08,2020-10-14,34288,2916,921,25,31372,33367
2020-10-22,NM,2020-10-15,2020-10-21,38715,4427,950,29,34288,37765
2020-10-29,NM,2020-10-22,2020-10-28,43827,5112,991,41,38715,42836
2020-11-05,NM,2020-10-29,2020-11-04,50252,6425,1059,68,43827,49193
2020-11-12,NM,2020-11-05,2020-11-11,59034,8782,1158,99,50252,57876
2020-11-19,NM,2020-11-12,2020-11-18,70451,11417,1290,132,59034,69161
2020-11-26,NM,2020-11-19,2020-11-25,88102,17651,1451,161,70451,86651
2020-12-03,NM,2020-11-26,2020-12-02,100963,12861,1629,178,88102,99334
2020-12-10,NM,2020-12-03,2020-12-09,112950,11987,1823,194,100963,111127
2020-12-17,NM,2020-12-10,2020-12-16,124357,11407,2049,226,112950,122308
2020-12-24,NM,2020-12-17,2020-12-23,133242,8885,2243,194,124357,130999
2020-12-31,NM,2020-12-24,2020-12-30,141186,7944,2436,193,133242,138750
2021-01-07,NM,2020-12-31,2021-01-06,149984,8798,2641,205,141186,147343
2021-01-14,NM,2021-01-07,2021-01-13,159119,9135,2807,166,149984,156312
2021-01-21,NM,2021-01-14,2021-01-20,165835,6716,3010,203,159119,162825
2021-01-28,NM,2021-01-21,2021-01-27,171047,5212,3198,188,165835,167849
2021-02-04,NM,2021-01-28,2021-02-03,175652,4605,3338,140,171047,172314
2021-02-11,NM,2021-02-04,2021-02-10,178790,3138,3461,123,175652,175329
2021-02-18,NM,2021-02-11,2021-02-17,181332,2542,3561,100,178790,177771
2021-02-25,NM,2021-02-18,2021-02-24,183779,2447,3657,96,181332,180122
2021-03-04,NM,2021-02-25,2021-03-03,185897,2118,3751,94,183779,182146
2021-03-11,NM,2021-03-04,2021-03-10,187486,1589,3836,85,185897,183650
2021-03-18,NM,2021-03-11,2021-03-17,188908,1422,3870,34,187486,185038
2021-03-25,NM,2021-03-18,2021-03-24,190272,1364,3907,37,188908,186365
2021-04-01,NM,2021-03-25,2021-03-31,191649,1377,3935,28,190272,187714
2021-04-08,NM,2021-04-01,2021-04-07,192989,1340,3961,26,191649,189028
2021-04-15,NM,2021-04-08,2021-04-14,194380,1391,3993,32,192989,190387
2021-04-22,NM,2021-04-15,2021-04-21,195783,1403,4017,24,194380,191766
2021-04-29,NM,2021-04-22,2021-04-28,197213,1430,4048,31,195783,193165
2021-05-06,NM,2021-04-29,2021-05-05,198781,1568,4079,31,197213,194702
2021-05-13,NM,2021-05-06,2021-05-12,200227,1446,4104,25,198781,196123
2021-05-20,NM,2021-05-13,2021-05-19,201489,1262,4112,8,200227,197377
2021-05-27,NM,2021-05-20,2021-05-26,202570,1081,4254,142,201489,198316
2021-06-03,NM,2021-05-27,2021-06-02,203222,652,4268,14,202570,198954
2021-06-10,NM,2021-06-03,2021-06-09,203825,603,4292,24,203222,199533
2021-06-17,NM,2021-06-10,2021-06-16,204470,645,4305,13,203825,200165
2021-06-24,NM,2021-06-17,2021-06-23,205131,661,4332,27,204470,200799
2021-07-01,NM,2021-06-24,2021-06-30,205544,413,4340,8,205131,201204
2021-07-08,NM,2021-07-01,2021-07-07,205996,452,4347,7,205544,201649
2021-07-15,NM,2021-07-08,2021-07-14,206846,850,4362,15,205996,202484
2021-07-22,NM,2021-07-15,2021-07-21,207972,1126,4392,30,206846,203580
2021-07-29,NM,2021-07-22,2021-07-28,209684,1712,4407,15,207972,205277
2021-08-05,NM,2021-07-29,2021-08-04,212577,2893,4417,10,209684,208160
2021-08-12,NM,2021-08-05,2021-08-11,216494,3917,4437,20,212577,212057
2021-08-19,NM,2021-08-12,2021-08-18,221960,5466,4459,22,216494,217501
2021-08-26,NM,2021-08-19,2021-08-25,227636,5676,4488,29,221960,223148
2021-09-02,NM,2021-08-26,2021-09-01,233487,5851,4529,41,227636,228958
2021-09-09,NM,2021-09-02,2021-09-08,238430,4943,4577,48,233487,233853
2021-09-16,NM,2021-09-09,2021-09-15,243085,4655,4649,72,238430,238436
2021-09-23,NM,2021-09-16,2021-09-22,247353,4268,4719,70,243085,242634
2021-09-30,NM,2021-09-23,2021-09-29,252017,4664,4788,69,247353,247229
2021-10-07,NM,2021-09-30,2021-10-06,256948,4931,4840,52,252017,252108
2021-10-14,NM,2021-10-07,2021-10-13,262078,5130,4899,59,256948,257179
2021-10-21,NM,2021-10-14,2021-10-20,266777,4699,4966,67,262078,261811
2021-10-28,NM,2021-10-21,2021-10-27,272855,6078,5027,61,266777,267828
2021-11-04,NM,2021-10-28,2021-11-03,279670,6815,5085,58,272855,274585
2021-11-11,NM,2021-11-04,2021-11-10,288557,8887,5148,63,279670,283409
2021-11-18,NM,2021-11-11,2021-11-17,298313,9756,5215,67,288557,293098
2021-11-25,NM,2021-11-18,2021-11-24,308091,9778,5310,95,298313,302781
2021-12-02,NM,2021-11-25,2021-12-01,316089,7998,5379,69,308091,310710
2021-12-09,NM,2021-12-02,2021-12-08,326713,10624,5445,66,316089,321268
2021-12-16,NM,2021-12-09,2021-12-15,334324,7611,5516,71,326713,328808
2021-12-23,NM,2021-12-16,2021-12-22,341510,7186,5701,185,334324,335809
2021-12-30,NM,2021-12-23,2021-12-29,347831,6321,5829,128,341510,342002
2022-01-06,NM,2021-12-30,2022-01-05,361629,13798,5933,104,347831,355696
2022-01-13,NM,2022-01-06,2022-01-12,388125,26496,6073,140,361629,382052
2022-01-20,NM,2022-01-13,2022-01-19,425920,37795,6205,132,388125,419715
2022-01-27,NM,2022-01-20,2022-01-26,460062,34142,6357,152,425920,453705
2022-02-03,NM,2022-01-27,2022-02-02,484454,24392,6488,131,460062,477966
2022-02-10,NM,2022-02-03,2022-02-09,497570,13116,6597,109,484454,490973
2022-02-17,NM,2022-02-10,2022-02-16,505364,7794,6729,132,497570,498635
2022-02-24,NM,2022-02-17,2022-02-23,509704,4340,6851,122,505364,502853
2022-03-03,NM,2022-02-24,2022-03-02,512548,2844,6940,89,509704,505608
2022-03-10,NM,2022-03-03,2022-03-09,514511,1963,7026,86,512548,507485
2022-03-17,NM,2022-03-10,2022-03-16,515818,1307,7116,90,514511,508702
2022-03-24,NM,2022-03-17,2022-03-23,516856,1038,7180,64,515818,509676
2022-03-31,NM,2022-03-24,2022-03-30,517743,887,7255,75,516856,510488
2022-04-07,NM,2022-03-31,2022-04-06,518704,961,7333,78,517743,511371
2022-04-14,NM,2022-04-07,2022-04-13,519511,807,7391,58,518704,512120
2022-04-21,NM,2022-04-14,2022-04-20,520585,1074,7434,43,519511,513151
2022-04-28,NM,2022-04-21,2022-04-27,521814,1229,7465,31,520585,514349
2022-05-05,NM,2022-04-28,2022-05-04,523266,1452,7536,71,521814,515730
2022-05-12,NM,2022-05-05,2022-05-11,525248,1982,7594,58,523266,517654
2022-05-19,NM,2022-05-12,2022-05-18,528146,2898,7650,56,525248,520496
2022-05-26,NM,2022-05-19,2022-05-25,532240,4094,7731,81,528146,524509
2022-06-02,NM,2022-05-26,2022-06-01,536571,4331,7796,65,532240,528775
2022-06-09,NM,2022-06-02,2022-06-08,542746,6175,7856,60,536571,534890
2022-06-16,NM,2022-06-09,2022-06-15,549246,6500,7869,13,542746,541377
2022-06-23,NM,2022-06-16,2022-06-22,555592,6346,7891,22,549246,547701
2022-06-30,NM,2022-06-23,2022-06-29,562791,7199,7928,37,555592,554863
2022-07-07,NM,2022-06-30,2022-07-06,568434,5643,7957,29,562791,560477
2022-07-14,NM,2022-07-07,2022-07-13,575279,6845,8006,49,568434,567273
2022-07-21,NM,2022-07-14,2022-07-20,582061,6782,8138,132,575279,573923
2022-07-28,NM,2022-07-21,2022-07-27,588805,6744,8224,86,582061,580581
2022-08-04,NM,2022-07-28,2022-08-03,594632,5827,8267,43,588805,586365
2022-08-11,NM,2022-08-04,2022-08-10,599757,5125,8303,36,594632,591454
2022-08-18,NM,2022-08-11,2022-08-17,604185,4428,8334,31,599757,595851
2022-08-25,NM,2022-08-18,2022-08-24,608006,3821,8386,52,604185,599620
2022-09-01,NM,2022-08-25,2022-08-31,611305,3299,8447,61,608006,602858
2022-09-08,NM,2022-09-01,2022-09-07,613276,1971,8475,28,611305,604801
2022-09-15,NM,2022-09-08,2022-09-14,615107,1831,8497,22,613276,606610
2022-09-22,NM,2022-09-15,2022-09-21,616521,1414,8534,37,615107,607987
2022-09-29,NM,2022-09-22,2022-09-28,618125,1604,8563,29,616521,609562
2022-10-06,NM,2022-09-29,2022-10-05,619786,1661,8586,23,618125,611200
2022-10-13,NM,2022-10-06,2022-10-12,621483,1697,8599,13,619786,612884
2022-10-20,NM,2022-10-13,2022-10-19,623532,2049,8607,8,621483,614925
2022-10-27,NM,2022-10-20,2022-10-26,626168,2636,8631,24,623532,617537
2022-11-03,NM,2022-10-27,2022-11-02,629318,3150,8644,13,626168,620674
2022-11-10,NM,2022-11-03,2022-11-09,633631,4313,8674,30,629318,624957
2022-11-17,NM,2022-11-10,2022-11-16,638055,4424,8688,14,633631,629367
2022-11-24,NM,2022-11-17,2022-11-23,642634,4579,8701,13,638055,633933
2022-12-01,NM,2022-11-24,2022-11-30,646566,3932,8701,0,642634,637865
2022-12-08,NM,2022-12-01,2022-12-07,650779,4213,8728,27,646566,642051
2022-12-15,NM,2022-12-08,2022-12-14,654144,3365,8754,26,650779,645390
2022-12-22,NM,2022-12-15,2022-12-21,656437,2293,8777,23,654144,647660
2022-12-29,NM,2022-12-22,2022-12-28,658364,1927,8792,15,656437,649572
2023-01-05,NM,2022-12-29,2023-01-04,660146,1782,8830,38,658364,651316
2023-01-12,NM,2023-01-05,2023-01-11,661843,1697,8862,32,660146,652981
2023-01-19,NM,2023-01-12,2023-01-18,662967,1124,8901,39,661843,654066
2023-01-26,NM,2023-01-19,2023-01-25,664024,1057,8931,30,662967,655093
2023-02-02,NM,2023-01-26,2023-02-01,665048,1024,8957,26,664024,656091
2023-02-09,NM,2023-02-02,2023-02-08,666074,1026,8990,33,665048,657084
2023-02-16,NM,2023-02-09,2023-02-15,667148,1074,9006,16,666074,658142
2023-02-23,NM,2023-02-16,2023-02-22,668288,1140,9016,10,667148,659272
2023-03-02,NM,2023-02-23,2023-03-01,669476,1188,9038,22,668288,660438
2023-03-09,NM,2023-03-02,2023-03-08,670688,1212,9056,18,669476,661632
2023-03-16,NM,2023-03-09,2023-03-15,671954,1266,9066,10,670688,662888
2023-03-23,NM,2023-03-16,2023-03-22,673265,1311,9082,16,671954,664183
2023-03-30,NM,2023-03-23,2023-03-29,674675,1410,9106,24,673265,665569
2023-04-06,NM,2023-03-30,2023-04-05,675945,1270,9132,26,674675,666813
2023-04-13,NM,2023-04-06,2023-04-12,677205,1260,9164,32,675945,668041
2023-04-20,NM,2023-04-13,2023-04-19,678413,1208,9175,11,677205,669238
2023-04-27,NM,2023-04-20,2023-04-26,679483,1070,9192,17,678413,670291
2023-05-04,NM,2023-04-27,2023-05-03,680438,955,9236,44,679483,671202
2023-05-11,NM,2023-05-04,2023-05-10,681242,804,9236,0,680438,672006
2020-01-23,NV,2020-01-16,2020-01-22,0,0,0,0,0,0
2020-01-30,NV,2020-01-23,2020-01-29,0,0,0,0,0,0
2020-02-06,NV,2020-01-30,2020-02-05,0,0,0,0,0,0
2020-02-13,NV,2020-02-06,2020-02-12,0,0,0,0,0,0
2020-02-20,NV,2020-02-13,2020-02-19,0,0,0,0,0,0
2020-02-27,NV,2020-02-20,2020-02-26,0,0,0,0,0,0
2020-03-05,NV,2020-02-27,2020-03-04,0,0,0,0,0,0
2020-03-12,NV,2020-03-05,2020-03-11,7,7,0,0,0,7
2020-03-19,NV,2020-03-12,2020-03-18,55,48,1,1,7,54
2020-03-26,NV,2020-03-19,2020-03-25,323,268,6,5,55,317
2020-04-02,NV,2020-03-26,2020-04-01,1279,956,31,25,323,1248
2020-04-09,NV,2020-04-02,2020-04-08,2259,980,72,41,1279,2187
2020-04-16,NV,2020-04-09,2020-04-15,3210,951,131,59,2259,3079
2020-04-23,NV,2020-04-16,2020-04-22,4081,871,171,40,3210,3910
2020-04-30,NV,2020-04-23,2020-04-29,4934,853,230,59,4081,4704
2020-05-07,NV,2020-04-30,2020-05-06,5741,807,289,59,4934,5452
2020-05-14,NV,2020-05-07,2020-05-13,6476,735,331,42,5741,6145
2020-05-21,NV,2020-05-14,2020-05-20,7308,832,377,46,6476,6931
2020-05-28,NV,2020-05-21,2020-05-27,8149,841,402,25,7308,7747
2020-06-04,NV,2020-05-28,2020-06-03,8952,803,431,29,8149,8521
2020-06-11,NV,2020-06-04,2020-06-10,10216,1264,449,18,8952,9767
2020-06-18,NV,2020-06-11,2020-06-17,11854,1638,473,24,10216,11381
2020-06-25,NV,2020-06-18,2020-06-24,14360,2506,494,21,11854,13866
2020-07-02,NV,2020-06-25,2020-07-01,19101,4741,511,17,14360,18590
2020-07-09,NV,2020-07-02,2020-07-08,24301,5200,553,42,19101,23748
2020-07-16,NV,2020-07-09,2020-07-15,30468,6167,618,65,24301,29850
2020-07-23,NV,2020-07-16,2020-07-22,38657,8189,704,86,30468,37953
2020-07-30,NV,2020-07-23,2020-07-29,45807,7150,780,76,38657,45027
2020-08-06,NV,2020-07-30,2020-08-05,52828,7021,890,110,45807,51938
2020-08-13,NV,2020-08-06,2020-08-12,58048,5220,996,106,52828,57052
2020-08-20,NV,2020-08-13,2020-08-19,63028,4980,1134,138,58048,61894
2020-08-27,NV,2020-08-20,2020-08-26,66667,3639,1250,116,63028,65417
2020-09-03,NV,2020-08-27,2020-09-02,69871,3204,1336,86,66667,68535
2020-09-10,NV,2020-09-03,2020-09-09,72258,2387,1412,76,69871,70846
2020-09-17,NV,2020-09-10,2020-09-16,74248,1990,1494,82,72258,72754
2020-09-24,NV,2020-09-17,2020-09-23,76807,2559,1556,62,74248,75251
2020-10-01,NV,2020-09-24,2020-09-30,79980,3173,1600,44,76807,78380
2020-10-08,NV,2020-10-01,2020-10-07,83347,3367,1636,36,79980,81711
2020-10-15,NV,2020-10-08,2020-10-14,87313,3966,1691,55,83347,85622
2020-10-22,NV,2020-10-15,2020-10-21,92063,4750,1732,41,87313,90331
2020-10-29,NV,2020-10-22,2020-10-28,97479,5416,1766,34,92063,95713
2020-11-05,NV,2020-10-29,2020-11-04,104093,6614,1814,48,97479,102279
2020-11-12,NV,2020-11-05,2020-11-11,113411,9318,1877,63,104093,111534
2020-11-19,NV,2020-11-12,2020-11-18,125459,12048,1947,70,113411,123512
2020-11-26,NV,2020-11-19,2020-11-25,142239,16780,2071,124,125459,140168
2020-12-03,NV,2020-11-26,2020-12-02,156972,14733,2203,132,142239,154769
2020-12-10,NV,2020-12-03,2020-12-09,176282,19310,2384,181,156972,173898
2020-12-17,NV,2020-12-10,2020-12-16,194098,17816,2651,267,176282,191447
2020-12-24,NV,2020-12-17,2020-12-23,209962,15864,2870,219,194098,207092
2020-12-31,NV,2020-12-24,2020-12-30,222595,12633,3063,193,209962,219532
2021-01-07,NV,2020-12-31,2021-01-06,237393,14798,3295,232,222595,234098
2021-01-14,NV,2021-01-07,2021-01-13,253985,16592,3596,301,237393,250389
2021-01-21,NV,2021-01-14,2021-01-20,265143,11158,3863,267,253985,261280
2021-01-28,NV,2021-01-21,2021-01-27,273873,8730,4134,271,265143,269739
2021-02-04,NV,2021-01-28,2021-02-03,280707,6834,4373,239,273873,276334
2021-02-11,NV,2021-02-04,2021-02-10,285795,5088,4581,208,280707,281214
2021-02-18,NV,2021-02-11,2021-02-17,289392,3597,4773,192,285795,284619
2021-02-25,NV,2021-02-18,2021-02-24,292059,2667,4920,147,289392,287139
2021-03-04,NV,2021-02-25,2021-03-03,294684,2625,4987,67,292059,289697
2021-03-11,NV,2021-03-04,2021-03-10,297147,2463,5067,80,294684,292080
2021-03-18,NV,2021-03-11,2021-03-17,300118,2971,5147,80,297147,294971
2021-03-25,NV,2021-03-18,2021-03-24,301727,1609,5203,56,300118,296524
2021-04-01,NV,2021-03-25,2021-03-31,303762,2035,5249,46,301727,298513
2021-04-08,NV,2021-04-01,2021-04-07,305929,2167,5308,59,303762,300621
2021-04-15,NV,2021-04-08,2021-04-14,309150,3221,5352,44,305929,303798
2021-04-22,NV,2021-04-15,2021-04-21,311750,2600,5388,36,309150,306362
2021-04-29,NV,2021-04-22,2021-04-28,314475,2725,5448,60,311750,309027
2021-05-06,NV,2021-04-29,2021-05-05,317088,2613,5487,39,314475,311601
2021-05-13,NV,2021-05-06,2021-05-12,319714,2626,5515,28,317088,314199
2021-05-20,NV,2021-05-13,2021-05-19,321716,2002,5545,30,319714,316171
2021-05-27,NV,2021-05-20,2021-05-26,323249,1533,5570,25,321716,317679
2021-06-03,NV,2021-05-27,2021-06-02,324681,1432,5593,23,323249,319088
2021-06-10,NV,2021-06-03,2021-06-09,326591,1910,5616,23,324681,320975
2021-06-17,NV,2021-06-10,2021-06-16,328194,1603,5634,18,326591,322560
2021-06-24,NV,2021-06-17,2021-06-23,330362,2168,5654,20,328194,324708
2021-07-01,NV,2021-06-24,2021-06-30,333712,3350,5681,27,330362,328031
2021-07-08,NV,2021-07-01,2021-07-07,336562,2850,5705,24,333712,330857
2021-07-15,NV,2021-07-08,2021-07-14,341293,4731,5737,32,336562,335556
2021-07-22,NV,2021-07-15,2021-07-21,347098,5805,5789,52,341293,341309
2021-07-29,NV,2021-07-22,2021-07-28,353743,6645,5874,85,347098,347869
2021-08-05,NV,2021-07-29,2021-08-04,361136,7393,5953,79,353743,355183
2021-08-12,NV,2021-08-05,2021-08-11,368614,7478,6096,143,361136,362518
2021-08-19,NV,2021-08-12,2021-08-18,376065,7451,6248,152,368614,369817
2021-08-26,NV,2021-08-19,2021-08-25,384116,8051,6376,128,376065,377740
2021-09-02,NV,2021-08-26,2021-09-01,392030,7914,6538,162,384116,385492
2021-09-09,NV,2021-09-02,2021-09-08,399205,7175,6637,99,392030,392568
2021-09-16,NV,2021-09-09,2021-09-15,407215,8010,6789,152,399205,400426
2021-09-23,NV,2021-09-16,2021-09-22,414321,7106,6948,159,407215,407373
2021-09-30,NV,2021-09-23,2021-09-29,420115,5794,7107,159,414321,413008
2021-10-07,NV,2021-09-30,2021-10-06,424924,4809,7246,139,420115,417678
2021-10-14,NV,2021-10-07,2021-10-13,429478,4554,7366,120,424924,422112
2021-10-21,NV,2021-10-14,2021-10-20,433430,3952,7483,117,429478,425947
2021-10-28,NV,2021-10-21,2021-10-27,437452,4022,7599,116,433430,429853
2021-11-04,NV,2021-10-28,2021-11-03,441755,4303,7676,77,437452,434079
2021-11-11,NV,2021-11-04,2021-11-10,446285,4530,7795,119,441755,438490
2021-11-18,NV,2021-11-11,2021-11-17,450634,4349,7882,87,446285,442752
2021-11-25,NV,2021-11-18,2021-11-24,454726,4092,7971,89,450634,446755
2021-12-02,NV,2021-11-25,2021-12-01,458068,3342,8031,60,454726,450037
2021-12-09,NV,2021-12-02,2021-12-08,462488,4420,8145,114,458068,454343
2021-12-16,NV,2021-12-09,2021-12-15,466848,4360,8243,98,462488,458605
2021-12-23,NV,2021-12-16,2021-12-22,472370,5522,8353,110,466848,464017
2021-12-30,NV,2021-12-23,2021-12-29,481330,8960,8406,53,472370,472924
2022-01-06,NV,2021-12-30,2022-01-05,501974,20644,8487,81,481330,493487
2022-01-13,NV,2022-01-06,2022-01-12,535716,33742,8582,95,501974,527134
2022-01-20,NV,2022-01-13,2022-01-19,599868,64152,8687,105,535716,591181
2022-01-27,NV,2022-01-20,2022-01-26,636701,36833,8836,149,599868,627865
2022-02-03,NV,2022-01-27,2022-02-02,657971,21270,9049,213,636701,648922
2022-02-10,NV,2022-02-03,2022-02-09,666840,8869,9269,220,657971,657571
2022-02-17,NV,2022-02-10,2022-02-16,671336,4496,9445,176,666840,661891
2022-02-24,NV,2022-02-17,2022-02-23,673512,2176,9573,128,671336,663939
2022-03-03,NV,2022-02-24,2022-03-02,679005,5493,9752,179,673512,669253
2022-03-10,NV,2022-03-03,2022-03-09,681302,2297,9874,122,679005,671428
2022-03-17,NV,2022-03-10,2022-03-16,704448,23146,9948,74,681302,694500
2022-03-24,NV,2022-03-17,2022-03-23,705595,1147,10031,83,704448,695564
2022-03-31,NV,2022-03-24,2022-03-30,706754,1159,10091,60,705595,696663
2022-04-07,NV,2022-03-31,2022-04-06,707966,1212,10136,45,706754,697830
2022-04-14,NV,2022-04-07,2022-04-13,709106,1140,10501,365,707966,698605
2022-04-21,NV,2022-04-14,2022-04-20,710340,1234,10683,182,709106,699657
2022-04-28,NV,2022-04-21,2022-04-27,712280,1940,10751,68,710340,701529
2022-05-05,NV,2022-04-28,2022-05-04,714711,2431,10779,28,712280,703932
2022-05-12,NV,2022-05-05,2022-05-11,717894,3183,10797,18,714711,707097
2022-05-19,NV,2022-05-12,2022-05-18,722259,4365,10824,27,717894,711435
2022-05-26,NV,2022-05-19,2022-05-25,728449,6190,10872,48,722259,717577
2022-06-02,NV,2022-05-26,2022-06-01,735631,7182,10896,24,728449,724735
2022-06-09,NV,2022-06-02,2022-06-08,742375,6744,10935,39,735631,731440
2022-06-16,NV,2022-06-09,2022-06-15,751504,9129,10967,32,742375,740537
2022-06-23,NV,2022-06-16,2022-06-22,758577,7073,11006,39,751504,747571
2022-06-30,NV,2022-06-23,2022-06-29,766699,8122,11039,33,758577,755660
2022-07-07,NV,2022-06-30,2022-07-06,774842,8143,11074,35,766699,763768
2022-07-14,NV,2022-07-07,2022-07-13,782544,7702,11141,67,774842,771403
2022-07-21,NV,2022-07-14,2022-07-20,789670,7126,11189,48,782544,778481
2022-07-28,NV,2022-07-21,2022-07-27,819041,29371,11221,32,789670,807820
2022-08-04,NV,2022-07-28,2022-08-03,823573,4532,11257,36,819041,812316
2022-08-11,NV,2022-08-04,2022-08-10,827061,3488,11297,40,823573,815764
2022-08-18,NV,2022-08-11,2022-08-17,829613,2552,11353,56,827061,818260
2022-08-25,NV,2022-08-18,2022-08-24,832159,2546,11375,22,829613,820784
2022-09-01,NV,2022-08-25,2022-08-31,833960,1801,11400,25,832159,822560
2022-09-08,NV,2022-09-01,2022-09-07,835614,1654,11417,17,833960,824197
2022-09-15,NV,2022-09-08,2022-09-14,845183,9569,11430,13,835614,833753
2022-09-22,NV,2022-09-15,2022-09-21,846811,1628,11475,45,845183,835336
2022-09-29,NV,2022-09-22,2022-09-28,847332,521,11501,26,846811,835831
2022-10-06,NV,2022-09-29,2022-10-05,848615,1283,11515,14,847332,837100
2022-10-13,NV,2022-10-06,2022-10-12,849745,1130,11531,16,848615,838214
2022-10-20,NV,2022-10-13,2022-10-19,851298,1553,11544,13,849745,839754
2022-10-27,NV,2022-10-20,2022-10-26,852958,1660,11555,11,851298,841403
2022-11-03,NV,2022-10-27,2022-11-02,854700,1742,11570,15,852958,843130
2022-11-10,NV,2022-11-03,2022-11-09,857473,2773,11580,10,854700,845893
2022-11-17,NV,2022-11-10,2022-11-16,859537,2064,11600,20,857473,847937
2022-11-24,NV,2022-11-17,2022-11-23,861746,2209,11624,24,859537,850122
2022-12-01,NV,2022-11-24,2022-11-30,864406,2660,11630,6,861746,852776
2022-12-08,NV,2022-12-01,2022-12-07,868630,4224,11657,27,864406,856973
2022-12-15,NV,2022-12-08,2022-12-14,871644,3014,11677,20,868630,859967
2022-12-22,NV,2022-12-15,2022-12-21,874114,2470,11705,28,871644,862409
2022-12-29,NV,2022-12-22,2022-12-28,876115,2001,11751,46,874114,864364
2023-01-05,NV,2022-12-29,2023-01-04,878245,2130,11778,27,876115,866467
2023-01-12,NV,2023-01-05,2023-01-11,880228,1983,11823,45,878245,868405
2023-01-19,NV,2023-01-12,2023-01-18,881490,1262,11834,11,880228,869656
2023-01-26,NV,2023-01-19,2023-01-25,882909,1419,11866,32,881490,871043
2023-02-02,NV,2023-01-26,2023-02-01,884178,1269,11867,18,882909,872311
2023-02-09,NV,2023-02-02,2023-02-08,885413,1235,11894,27,884178,873519
2023-02-16,NV,2023-02-09,2023-02-15,886691,1278,11903,9,885413,874788
2023-02-23,NV,2023-02-16,2023-02-22,887800,1109,11911,8,886691,875889
2023-03-02,NV,2023-02-23,2023-03-01,888979,1179,11916,5,887800,877063
2023-03-09,NV,2023-03-02,2023-03-08,890122,1143,11922,6,888979,878200
2023-03-16,NV,2023-03-09,2023-03-15,891702,1233,11937,15,890469,879765
2023-03-23,NV,2023-03-16,2023-03-22,892814,1112,11952,15,891702,880862
2023-03-30,NV,2023-03-23,2023-03-29,893836,1022,11957,5,892814,881879
2023-04-06,NV,2023-03-30,2023-04-05,894792,956,11973,16,893836,882819
2023-04-13,NV,2023-04-06,2023-04-12,895700,908,11976,3,894792,883724
2023-04-20,NV,2023-04-13,2023-04-19,896527,827,11981,5,895700,884546
2023-04-27,NV,2023-04-20,2023-04-26,897265,738,11984,3,896527,885281
2023-05-04,NV,2023-04-27,2023-05-03,897871,606,11998,14,897265,885873
2023-05-11,NV,2023-05-04,2023-05-10,898511,640,12008,10,897871,886503
2020-01-23,NY,2020-01-16,2020-01-22,0,0,0,0,0,0
2020-01-30,NY,2020-01-23,2020-01-29,0,0,0,0,0,0
2020-02-06,NY,2020-01-30,2020-02-05,0,0,0,0,0,0
2020-02-13,NY,2020-02-06,2020-02-12,0,0,0,0,0,0
2020-02-20,NY,2020-02-13,2020-02-19,0,0,0,0,0,0
2020-02-27,NY,2020-02-20,2020-02-26,0,0,0,0,0,0
2020-03-05,NY,2020-02-27,2020-03-04,10,10,0,0,0,10
2020-03-12,NY,2020-03-05,2020-03-11,165,155,0,0,10,165
2020-03-19,NY,2020-03-12,2020-03-18,1167,1002,14,14,165,1153
2020-03-26,NY,2020-03-19,2020-03-25,12985,11818,116,102,1167,12869
2020-04-02,NY,2020-03-26,2020-04-01,36509,23524,733,617,12985,35776
2020-04-09,NY,2020-04-02,2020-04-08,69048,32539,3342,2609,36509,65706
2020-04-16,NY,2020-04-09,2020-04-15,96037,26989,6090,2748,69048,89947
2020-04-23,NY,2020-04-16,2020-04-22,115396,19359,7942,1852,96037,107454
2020-04-30,NY,2020-04-23,2020-04-29,134850,19454,9292,1350,115396,125558
2020-05-07,NY,2020-04-30,2020-05-06,145627,10777,10516,1224,134850,135111
2020-05-14,NY,2020-05-07,2020-05-13,153411,7784,11344,828,145627,142067
2020-05-21,NY,2020-05-14,2020-05-20,159820,6409,7902,-3442,153411,151918
2020-05-28,NY,2020-05-21,2020-05-27,164997,5177,8191,289,159820,156806
2020-06-04,NY,2020-05-28,2020-06-03,169213,4216,8325,134,164997,160888
2020-06-11,NY,2020-06-04,2020-06-10,172038,2825,8467,142,169213,163571
2020-06-18,NY,2020-06-11,2020-06-17,174201,2163,8599,132,172038,165602
2020-06-25,NY,2020-06-18,2020-06-24,176318,2117,8709,110,174201,167609
2020-07-02,NY,2020-06-25,2020-07-01,178604,2286,8740,31,176318,169864
2020-07-09,NY,2020-07-02,2020-07-08,181152,2548,8808,68,178604,172344
2020-07-16,NY,2020-07-09,2020-07-15,184024,2872,8857,49,181152,175167
2020-07-23,NY,2020-07-16,2020-07-22,186442,2418,8905,48,184024,177537
2020-07-30,NY,2020-07-23,2020-07-29,189042,2600,8923,18,186442,180119
2020-08-06,NY,2020-07-30,2020-08-05,191644,2602,8963,40,189042,182681
2020-08-13,NY,2020-08-06,2020-08-12,193974,2330,8971,8,191644,185003
2020-08-20,NY,2020-08-13,2020-08-19,196187,2213,8993,22,193974,187194
2020-08-27,NY,2020-08-20,2020-08-26,198515,2328,9012,19,196187,189503
2020-09-03,NY,2020-08-27,2020-09-02,201412,2897,9026,14,198515,192386
2020-09-10,NY,2020-09-03,2020-09-09,204507,3095,9038,12,201412,195469
2020-09-17,NY,2020-09-10,2020-09-16,207741,3234,9037,-1,204507,198704
2020-09-24,NY,2020-09-17,2020-09-23,210805,3064,9237,200,207741,201568
2020-10-01,NY,2020-09-24,2020-09-30,214608,3803,9263,26,210805,205345
2020-10-08,NY,2020-10-01,2020-10-07,220268,5660,9305,42,214608,210963
2020-10-15,NY,2020-10-08,2020-10-14,226174,5906,9350,45,220268,216824
2020-10-22,NY,2020-10-15,2020-10-21,232460,6286,9396,46,226174,223064
2020-10-29,NY,2020-10-22,2020-10-28,240130,7670,9446,50,232460,230684
2020-11-05,NY,2020-10-29,2020-11-04,249422,9292,9511,65,240130,239911
2020-11-12,NY,2020-11-05,2020-11-11,265651,16229,9616,105,249422,256035
2020-11-19,NY,2020-11-12,2020-11-18,287050,21399,9778,162,265651,277272
2020-11-26,NY,2020-11-19,2020-11-25,313075,26025,9900,122,287050,303175
2020-12-03,NY,2020-11-26,2020-12-02,346492,33417,10195,295,313075,336297
2020-12-10,NY,2020-12-03,2020-12-09,392090,45598,10581,386,346492,381509
2020-12-17,NY,2020-12-10,2020-12-16,438797,46707,11139,558,392090,427658
2020-12-24,NY,2020-12-17,2020-12-23,487062,48265,11871,732,438797,475191
2020-12-31,NY,2020-12-24,2020-12-30,537372,50310,12568,697,487062,524804
2021-01-07,NY,2020-12-31,2021-01-06,603570,66198,13392,824,537372,590178
2021-01-14,NY,2021-01-07,2021-01-13,674705,71135,14271,879,603570,660434
2021-01-21,NY,2021-01-14,2021-01-20,733903,59198,15190,919,674705,718713
2021-01-28,NY,2021-01-21,2021-01-27,784719,50816,15972,782,733903,768747
2021-02-04,NY,2021-01-28,2021-02-03,823062,38343,16676,704,784719,806386
2021-02-11,NY,2021-02-04,2021-02-10,854469,31407,17241,565,823062,837228
2021-02-18,NY,2021-02-11,2021-02-17,880944,26475,17646,405,854469,863298
2021-02-25,NY,2021-02-18,2021-02-24,903553,22609,17986,340,880944,885567
2021-03-04,NY,2021-02-25,2021-03-03,927941,24388,18220,234,903553,909721
2021-03-11,NY,2021-03-04,2021-03-10,950981,23040,18416,196,927941,932565
2021-03-18,NY,2021-03-11,2021-03-17,973874,22893,18578,162,950981,955296
2021-03-25,NY,2021-03-18,2021-03-24,998472,24598,18729,151,973874,979743
2021-04-01,NY,2021-03-25,2021-03-31,1026346,27874,18890,161,998472,1007456
2021-04-08,NY,2021-04-01,2021-04-07,1052885,26539,19058,168,1026346,1033827
2021-04-15,NY,2021-04-08,2021-04-14,1078349,25464,19212,154,1052885,1059137
2021-04-22,NY,2021-04-15,2021-04-21,1099516,21167,19311,99,1078349,1080205
2021-04-29,NY,2021-04-22,2021-04-28,1114602,15086,19441,130,1099516,1095161
2021-05-06,NY,2021-04-29,2021-05-05,1127008,12406,19577,136,1114602,1107431
2021-05-13,NY,2021-05-06,2021-05-12,1136397,9389,19658,81,1127008,1116739
2021-05-20,NY,2021-05-13,2021-05-19,1143691,7294,19712,54,1136397,1123979
2021-05-27,NY,2021-05-20,2021-05-26,1148803,5112,19769,57,1143691,1129034
2021-06-03,NY,2021-05-27,2021-06-02,1151803,3000,19822,53,1148803,1131981
2021-06-10,NY,2021-06-03,2021-06-09,1154047,2244,19865,43,1151803,1134182
2021-06-17,NY,2021-06-10,2021-06-16,1155526,1479,19901,36,1154047,1135625
2021-06-24,NY,2021-06-17,2021-06-23,1156589,1063,19940,39,1155526,1136649
2021-07-01,NY,2021-06-24,2021-06-30,1157569,980,19947,7,1156589,1137622
2021-07-08,NY,2021-07-01,2021-07-07,1158735,1166,19955,8,1157569,1138780
2021-07-15,NY,2021-07-08,2021-07-14,1160626,1891,19965,10,1158735,1140661
2021-07-22,NY,2021-07-15,2021-07-21,1163720,3094,19975,10,1160626,1143745
2021-07-29,NY,2021-07-22,2021-07-28,1169008,5288,19995,20,1163720,1149013
2021-08-05,NY,2021-07-29,2021-08-04,1178087,9079,20013,18,1169008,1158074
2021-08-12,NY,2021-08-05,2021-08-11,1191355,13268,20059,46,1178087,1171296
2021-08-19,NY,2021-08-12,2021-08-18,1207695,16340,20140,81,1191355,1187555
2021-08-26,NY,2021-08-19,2021-08-25,1225101,17406,20231,91,1207695,1204870
2021-09-02,NY,2021-08-26,2021-09-01,1246175,21074,20340,109,1225101,1225835
2021-09-09,NY,2021-09-02,2021-09-08,1266636,20461,20480,140,1246175,1246156
2021-09-16,NY,2021-09-09,2021-09-15,1289513,22877,20632,152,1266636,1268881
2021-09-23,NY,2021-09-16,2021-09-22,1313678,24165,20812,180,1289513,1292866
2021-09-30,NY,2021-09-23,2021-09-29,1337566,23888,20969,157,1313678,1316597
2021-10-07,NY,2021-09-30,2021-10-06,1360433,22867,21126,157,1337566,1339307
2021-10-14,NY,2021-10-07,2021-10-13,1383722,23289,21307,181,1360433,1362415
2021-10-21,NY,2021-10-14,2021-10-20,1406250,22528,21486,179,1383722,1384764
2021-10-28,NY,2021-10-21,2021-10-27,1425273,19023,21681,195,1406250,1403592
2021-11-04,NY,2021-10-28,2021-11-03,1446297,21024,21858,177,1425273,1424439
2021-11-11,NY,2021-11-04,2021-11-10,1471499,25202,22032,174,1446297,1449467
2021-11-18,NY,2021-11-11,2021-11-17,1503512,32013,22202,170,1471499,1481310
2021-11-25,NY,2021-11-18,2021-11-24,1541026,37514,22380,178,1503512,1518646
2021-12-02,NY,2021-11-25,2021-12-01,1577283,36257,22601,221,1541026,1554682
2021-12-09,NY,2021-12-02,2021-12-08,1628399,51116,22869,268,1577283,1605530
2021-12-16,NY,2021-12-09,2021-12-15,1678066,49667,23205,336,1628399,1654861
2021-12-23,NY,2021-12-16,2021-12-22,1747527,69461,23528,323,1678066,1723999
2021-12-30,NY,2021-12-23,2021-12-29,1861178,113651,23892,364,1747527,1837286
2022-01-06,NY,2021-12-30,2022-01-05,2067532,206354,24275,383,1861178,2043257
2022-01-13,NY,2022-01-06,2022-01-12,2294011,226479,24818,543,2067532,2269193
2022-01-20,NY,2022-01-13,2022-01-19,2434495,140484,25410,592,2294011,2409085
2022-01-27,NY,2022-01-20,2022-01-26,2517935,83440,26014,604,2434495,2491921
2022-02-03,NY,2022-01-27,2022-02-02,2565373,47438,26514,500,2517935,2538859
2022-02-10,NY,2022-02-03,2022-02-09,2594093,28720,26876,362,2565373,2567217
2022-02-17,NY,2022-02-10,2022-02-16,2612167,18074,27131,255,2594093,2585036
2022-02-24,NY,2022-02-17,2022-02-23,2624707,12540,27315,184,2612167,2597392
2022-03-03,NY,2022-02-24,2022-03-02,2633235,8528,27449,134,2624707,2605786
2022-03-10,NY,2022-03-03,2022-03-09,2640833,7598,27537,88,2633235,2613296
2022-03-17,NY,2022-03-10,2022-03-16,2648187,7354,27607,70,2640833,2620580
2022-03-24,NY,2022-03-17,2022-03-23,2657498,9311,27651,44,2648187,2629847
2022-03-31,NY,2022-03-24,2022-03-30,2669194,11696,27688,37,2657498,2641506
2022-04-07,NY,2022-03-31,2022-04-06,2684282,15088,27732,44,2669194,2656550
2022-04-14,NY,2022-04-07,2022-04-13,2706561,22279,27776,44,2684282,2678785
2022-04-21,NY,2022-04-14,2022-04-20,2732876,26315,27827,51,2706561,2705049
2022-04-28,NY,2022-04-21,2022-04-27,2762939,30063,27902,75,2732876,2735037
2022-05-05,NY,2022-04-28,2022-05-04,2797657,34718,27987,85,2762939,2769670
2022-05-12,NY,2022-05-05,2022-05-11,2837766,40109,28101,114,2797657,2809665
2022-05-19,NY,2022-05-12,2022-05-18,2878431,40665,28224,123,2837766,2850207
2022-05-26,NY,2022-05-19,2022-05-25,2911805,33374,28339,115,2878431,2883466
2022-06-02,NY,2022-05-26,2022-06-01,2934740,22935,28424,85,2911805,2906316
2022-06-09,NY,2022-06-02,2022-06-08,2954517,19777,28522,98,2934740,2925995
2022-06-16,NY,2022-06-09,2022-06-15,2969934,15417,28583,61,2954517,2941351
2022-06-23,NY,2022-06-16,2022-06-22,2983930,13996,28642,59,2969934,2955288
2022-06-30,NY,2022-06-23,2022-06-29,3000122,16192,28708,66,2983930,2971414
2022-07-07,NY,2022-06-30,2022-07-06,3014477,14355,28758,50,3000122,2985719
2022-07-14,NY,2022-07-07,2022-07-13,3036280,21803,28816,58,3014477,3007464
2022-07-21,NY,2022-07-14,2022-07-20,3056917,20637,28891,75,3036280,3028026
2022-07-28,NY,2022-07-21,2022-07-27,3077690,20773,28971,80,3056917,3048719
2022-08-04,NY,2022-07-28,2022-08-03,3097227,19537,29052,81,3077690,3068175
2022-08-11,NY,2022-08-04,2022-08-10,3115567,18340,29127,75,3097227,3086440
2022-08-18,NY,2022-08-11,2022-08-17,3132526,16959,29197,70,3115567,3103329
2022-08-25,NY,2022-08-18,2022-08-24,3148449,15923,29268,71,3132526,3119181
2022-09-01,NY,2022-08-25,2022-08-31,3163847,15398,29328,60,3148449,3134519
2022-09-08,NY,2022-09-01,2022-09-07,3177280,13433,29400,72,3163847,3147880
2022-09-15,NY,2022-09-08,2022-09-14,3192820,15540,29476,76,3177280,3163344
2022-09-22,NY,2022-09-15,2022-09-21,3211020,18200,29542,66,3192820,3181478
2022-09-29,NY,2022-09-22,2022-09-28,3229569,18549,29605,63,3211020,3199964
2022-10-06,NY,2022-09-29,2022-10-05,3246793,17224,29696,91,3229569,3217097
2022-10-13,NY,2022-10-06,2022-10-12,3262990,16197,29795,99,3246793,3233195
2022-10-20,NY,2022-10-13,2022-10-19,3278513,15523,29890,95,3262990,3248623
2022-10-27,NY,2022-10-20,2022-10-26,3292517,14004,29995,105,3278513,3262522
2022-11-03,NY,2022-10-27,2022-11-02,3306552,14035,30113,118,3292517,3276439
2022-11-10,NY,2022-11-03,2022-11-09,3320495,13943,30228,115,3306552,3290267
2022-11-17,NY,2022-11-10,2022-11-16,3331848,11353,30317,89,3320495,3301531
2022-11-24,NY,2022-11-17,2022-11-23,3342995,11147,30399,82,3331848,3312596
2022-12-01,NY,2022-11-24,2022-11-30,3355841,12846,30482,83,3342995,3325359
2022-12-08,NY,2022-12-01,2022-12-07,3373868,18027,30591,109,3355841,3343277
2022-12-15,NY,2022-12-08,2022-12-14,3392135,18267,30704,113,3373868,3361431
2022-12-22,NY,2022-12-15,2022-12-21,3411559,19424,30818,114,3392135,3380741
2022-12-29,NY,2022-12-22,2022-12-28,3428280,16721,30944,126,3411559,3397336
2023-01-05,NY,2022-12-29,2023-01-04,3446004,17724,31073,129,3428280,3414931
2023-01-12,NY,2023-01-05,2023-01-11,3463172,17168,31196,123,3446004,3431976
2023-01-19,NY,2023-01-12,2023-01-18,3476011,12839,31331,135,3463172,3444680
2023-01-26,NY,2023-01-19,2023-01-25,3488787,12776,31439,108,3476011,3457348
2023-02-02,NY,2023-01-26,2023-02-01,3500409,11622,31543,104,3488787,3468866
2023-02-09,NY,2023-02-02,2023-02-08,3510578,10169,31626,83,3500409,3478952
2023-02-16,NY,2023-02-09,2023-02-15,3519893,9315,31712,86,3510578,3488181
2023-02-23,NY,2023-02-16,2023-02-22,3529466,9573,31785,73,3519893,3497681
2023-03-02,NY,2023-02-23,2023-03-01,3536574,7108,31860,75,3529466,3504714
2023-03-09,NY,2023-03-02,2023-03-08,3542799,6225,31926,66,3536574,3510873
2023-03-16,NY,2023-03-09,2023-03-15,3548021,5222,32007,81,3542799,3516014
2023-03-23,NY,2023-03-16,2023-03-22,3552602,4581,32063,56,3548021,3520539
2023-03-30,NY,2023-03-23,2023-03-29,3556947,4345,32107,44,3552602,3524840
2023-04-06,NY,2023-03-30,2023-04-05,3560529,3582,32158,51,3556947,3528371
2023-04-13,NY,2023-04-06,2023-04-12,3563578,3049,32204,46,3560529,3531374
2023-04-20,NY,2023-04-13,2023-04-19,3566220,2642,32244,40,3563578,3533976
2023-04-27,NY,2023-04-20,2023-04-26,3568357,2137,32286,42,3566220,3536071
2023-05-04,NY,2023-04-27,2023-05-03,3570220,1863,32309,23,3568357,3537911
2023-05-11,NY,2023-05-04,2023-05-10,3572043,1823,32341,32,3570220,3539702
2020-01-23,NYC,2020-01-16,2020-01-22,0,0,0,0,0,0
2020-01-30,NYC,2020-01-23,2020-01-29,0,0,0,0,0,0
2020-02-06,NYC,2020-01-30,2020-02-05,0,0,0,0,0,0
2020-02-13,NYC,2020-02-06,2020-02-12,0,0,0,0,0,0
2020-02-20,NYC,2020-02-13,2020-02-19,0,0,0,0,0,0
2020-02-27,NYC,2020-02-20,2020-02-26,0,0,0,0,0,0
2020-03-05,NYC,2020-02-27,2020-03-04,0,0,0,0,0,0
2020-03-12,NYC,2020-03-05,2020-03-11,51,51,1,1,0,50
2020-03-19,NYC,2020-03-12,2020-03-18,1340,1289,45,44,51,1295
2020-03-26,NYC,2020-03-19,2020-03-25,17856,16516,510,465,1340,17346
2020-04-02,NYC,2020-03-26,2020-04-01,53868,36012,2640,2130,17856,51228
2020-04-09,NYC,2020-04-02,2020-04-08,90927,37059,6468,3828,53868,84459
2020-04-16,NYC,2020-04-09,2020-04-15,126465,35538,10218,3750,90927,116247
2020-04-23,NYC,2020-04-16,2020-04-22,150296,23831,12804,2586,126465,137492
2020-04-30,NYC,2020-04-23,2020-04-29,169082,18786,14701,1897,150296,154381
2020-05-07,NYC,2020-04-30,2020-05-06,182430,13348,15962,1261,169082,166468
2020-05-14,NYC,2020-05-07,2020-05-13,190463,8033,16714,752,182430,173749
2020-05-21,NYC,2020-05-14,2020-05-20,197232,6769,21629,4915,190463,175603
2020-05-28,NYC,2020-05-21,2020-05-27,203285,6053,22044,415,197232,181241
2020-06-04,NYC,2020-05-28,2020-06-03,207463,4178,22429,385,203285,185034
2020-06-11,NYC,2020-06-04,2020-06-10,210680,3217,22687,258,207463,187993
2020-06-18,NYC,2020-06-11,2020-06-17,213183,2503,22854,167,210680,190329
2020-06-25,NYC,2020-06-18,2020-06-24,215566,2383,23004,150,213183,192562
2020-07-02,NYC,2020-06-25,2020-07-01,217852,2286,23106,102,215566,194746
2020-07-09,NYC,2020-07-02,2020-07-08,220162,2310,23243,137,217852,196919
2020-07-16,NYC,2020-07-09,2020-07-15,222810,2648,23336,93,220162,199474
2020-07-23,NYC,2020-07-16,2020-07-22,225512,2702,23414,78,222810,202098
2020-07-30,NYC,2020-07-23,2020-07-29,227615,2103,23472,58,225512,204143
2020-08-06,NYC,2020-07-30,2020-08-05,229515,1900,23511,39,227615,206004
2020-08-13,NYC,2020-08-06,2020-08-12,231344,1829,23546,35,229515,207798
2020-08-20,NYC,2020-08-13,2020-08-19,233253,1909,23584,38,231344,209669
2020-08-27,NYC,2020-08-20,2020-08-26,235080,1827,23611,27,233253,211469
2020-09-03,NYC,2020-08-27,2020-09-02,236993,1913,23684,73,235080,213309
2020-09-10,NYC,2020-09-03,2020-09-09,238902,1909,23714,30,236993,215188
2020-09-17,NYC,2020-09-10,2020-09-16,241156,2254,23741,27,238902,217415
2020-09-24,NYC,2020-09-17,2020-09-23,243494,2338,23766,25,241156,219728
2020-10-01,NYC,2020-09-24,2020-09-30,246929,3435,23799,33,243494,223130
2020-10-08,NYC,2020-10-01,2020-10-07,250939,4010,23851,52,246929,227088
2020-10-15,NYC,2020-10-08,2020-10-14,255053,4114,23883,32,250939,231170
2020-10-22,NYC,2020-10-15,2020-10-21,259422,4369,23926,43,255053,235496
2020-10-29,NYC,2020-10-22,2020-10-28,264559,5137,23961,35,259422,240598
2020-11-05,NYC,2020-10-29,2020-11-04,270468,5909,24011,50,264559,246457
2020-11-12,NYC,2020-11-05,2020-11-11,279802,9334,24076,65,270468,255726
2020-11-19,NYC,2020-11-12,2020-11-18,292761,12959,24130,54,279802,268631
2020-11-26,NYC,2020-11-19,2020-11-25,307561,14800,24207,77,292761,283354
2020-12-03,NYC,2020-11-26,2020-12-02,325077,17516,24263,56,307561,300814
2020-12-10,NYC,2020-12-03,2020-12-09,348868,23791,24369,106,325077,324499
2020-12-17,NYC,2020-12-10,2020-12-16,374539,25671,24524,155,348868,350015
2020-12-24,NYC,2020-12-17,2020-12-23,399751,25212,24732,208,374539,375019
2020-12-31,NYC,2020-12-24,2020-12-30,426018,26267,25007,275,399751,401011
2021-01-07,NYC,2020-12-31,2021-01-06,460727,34709,25251,244,426018,435476
2021-01-14,NYC,2021-01-07,2021-01-13,504561,43834,25652,401,460727,478909
2021-01-21,NYC,2021-01-14,2021-01-20,545908,41347,26127,475,504561,519781
2021-01-28,NYC,2021-01-21,2021-01-27,584353,38445,26639,512,545908,557714
2021-02-04,NYC,2021-01-28,2021-02-03,620880,36527,27194,555,584353,593686
2021-02-11,NYC,2021-02-04,2021-02-10,649590,28710,27794,600,620880,621796
2021-02-18,NYC,2021-02-11,2021-02-17,678098,28508,28348,554,649590,649750
2021-02-25,NYC,2021-02-18,2021-02-24,707478,29380,28888,540,678098,678590
2021-03-04,NYC,2021-02-25,2021-03-03,735307,27829,29436,548,707478,705871
2021-03-11,NYC,2021-03-04,2021-03-10,762049,26742,29870,434,735307,732179
2021-03-18,NYC,2021-03-11,2021-03-17,787901,25852,30306,436,762049,757595
2021-03-25,NYC,2021-03-18,2021-03-24,818046,30145,30703,397,787901,787343
2021-04-01,NYC,2021-03-25,2021-03-31,846792,28746,31106,403,818046,815686
2021-04-08,NYC,2021-04-01,2021-04-07,872195,25403,31484,378,846792,840711
2021-04-15,NYC,2021-04-08,2021-04-14,894959,22764,31846,362,872195,863113
2021-04-22,NYC,2021-04-15,2021-04-21,913290,18331,32136,290,894959,881154
2021-04-29,NYC,2021-04-22,2021-04-28,925846,12556,32393,257,913290,893453
2021-05-06,NYC,2021-04-29,2021-05-05,934879,9033,32657,264,925846,902222
2021-05-13,NYC,2021-05-06,2021-05-12,941166,6287,32867,210,934879,908299
2021-05-20,NYC,2021-05-13,2021-05-19,946007,4841,33033,166,941166,912974
2021-05-27,NYC,2021-05-20,2021-05-26,949295,3288,33137,104,946007,916158
2021-06-03,NYC,2021-05-27,2021-06-02,951466,2171,33216,79,949295,918250
2021-06-10,NYC,2021-06-03,2021-06-09,953242,1776,33297,81,951466,919945
2021-06-17,NYC,2021-06-10,2021-06-16,954784,1542,33339,42,953242,921445
2021-06-24,NYC,2021-06-17,2021-06-23,956060,1276,33368,29,954784,922692
2021-07-01,NYC,2021-06-24,2021-06-30,957417,1357,33400,32,956060,924017
2021-07-08,NYC,2021-07-01,2021-07-07,958814,1397,33425,25,957417,925389
2021-07-15,NYC,2021-07-08,2021-07-14,961876,3062,33456,31,958814,928420
2021-07-22,NYC,2021-07-15,2021-07-21,966177,4301,33483,27,961876,932694
2021-07-29,NYC,2021-07-22,2021-07-28,973124,6947,33505,22,966177,939619
2021-08-05,NYC,2021-07-29,2021-08-04,983227,10103,33544,39,973124,949683
2021-08-12,NYC,2021-08-05,2021-08-11,995994,12767,33598,54,983227,962396
2021-08-19,NYC,2021-08-12,2021-08-18,1010274,14280,33658,60,995994,976616
2021-08-26,NYC,2021-08-19,2021-08-25,1023690,13416,33728,70,1010274,989962
2021-09-02,NYC,2021-08-26,2021-09-01,1036661,12971,33808,80,1023690,1002853
2021-09-09,NYC,2021-09-02,2021-09-08,1046725,10064,33890,82,1036661,1012835
2021-09-16,NYC,2021-09-09,2021-09-15,1060385,13660,33996,106,1046725,1026389
2021-09-23,NYC,2021-09-16,2021-09-22,1073330,12945,34081,85,1060385,1039249
2021-09-30,NYC,2021-09-23,2021-09-29,1084189,10859,34214,133,1073330,1049975
2021-10-07,NYC,2021-09-30,2021-10-06,1095011,10822,34306,92,1084189,1060705
2021-10-14,NYC,2021-10-07,2021-10-13,1104199,9188,34403,97,1095011,1069796
2021-10-21,NYC,2021-10-14,2021-10-20,1112947,8748,34452,49,1104199,1078495
2021-10-28,NYC,2021-10-21,2021-10-27,1119158,6211,34518,66,1112947,1084640
2021-11-04,NYC,2021-10-28,2021-11-03,1125464,6306,34580,62,1119158,1090884
2021-11-11,NYC,2021-11-04,2021-11-10,1132334,6870,34657,77,1125464,1097677
2021-11-18,NYC,2021-11-11,2021-11-17,1140665,8331,34715,58,1132334,1105950
2021-11-25,NYC,2021-11-18,2021-11-24,1151116,10451,34771,56,1140665,1116345
2021-12-02,NYC,2021-11-25,2021-12-01,1161685,10569,34846,75,1151116,1126839
2021-12-09,NYC,2021-12-02,2021-12-08,1178057,16372,34924,78,1161685,1143133
2021-12-16,NYC,2021-12-09,2021-12-15,1203499,25442,35015,91,1178057,1168484
2021-12-23,NYC,2021-12-16,2021-12-22,1287947,84448,35125,110,1203499,1252822
2021-12-30,NYC,2021-12-23,2021-12-29,1469225,181278,35303,178,1287947,1433922
2022-01-06,NYC,2021-12-30,2022-01-05,1744555,275330,35604,301,1469225,1708951
2022-01-13,NYC,2022-01-06,2022-01-12,2016932,272377,36223,619,1744555,1980709
2022-01-20,NYC,2022-01-13,2022-01-19,2159687,142755,37121,898,2016932,2122566
2022-01-27,NYC,2022-01-20,2022-01-26,2226601,66914,37917,796,2159687,2188684
2022-02-03,NYC,2022-01-27,2022-02-02,2253064,26463,38568,651,2226601,2214496
2022-02-10,NYC,2022-02-03,2022-02-09,2269389,16325,39119,551,2253064,2230270
2022-02-17,NYC,2022-02-10,2022-02-16,2279664,10275,39467,348,2269389,2240197
2022-02-24,NYC,2022-02-17,2022-02-23,2286988,7324,39678,211,2279664,2247310
2022-03-03,NYC,2022-02-24,2022-03-02,2291974,4986,39834,156,2286988,2252140
2022-03-10,NYC,2022-03-03,2022-03-09,2296835,4861,39916,82,2291974,2256919
2022-03-17,NYC,2022-03-10,2022-03-16,2302892,6057,39991,75,2296835,2262901
2022-03-24,NYC,2022-03-17,2022-03-23,2309300,6408,40041,50,2302892,2269259
2022-03-31,NYC,2022-03-24,2022-03-30,2318257,8957,40076,35,2309300,2278181
2022-04-07,NYC,2022-03-31,2022-04-06,2328984,10727,40096,20,2318257,2288888
2022-04-14,NYC,2022-04-07,2022-04-13,2343941,14957,40126,30,2328984,2303815
2022-04-21,NYC,2022-04-14,2022-04-20,2361306,17365,40157,31,2343941,2321149
2022-04-28,NYC,2022-04-21,2022-04-27,2376310,15004,40183,26,2361306,2336127
2022-05-05,NYC,2022-04-28,2022-05-04,2395936,19626,40219,36,2376310,2355717
2022-05-12,NYC,2022-05-05,2022-05-11,2423488,27552,40255,36,2395936,2383233
2022-05-19,NYC,2022-05-12,2022-05-18,2453723,30235,40299,44,2423488,2413424
2022-05-26,NYC,2022-05-19,2022-05-25,2482802,29079,40365,66,2453723,2442437
2022-06-02,NYC,2022-05-26,2022-06-01,2508774,25972,40426,61,2482802,2468348
2022-06-09,NYC,2022-06-02,2022-06-08,2533645,24871,40502,76,2508774,2493143
2022-06-16,NYC,2022-06-09,2022-06-15,2554807,21162,40599,97,2533645,2514208
2022-06-23,NYC,2022-06-16,2022-06-22,2575278,20471,40661,62,2554807,2534617
2022-06-30,NYC,2022-06-23,2022-06-29,2598361,23083,40734,73,2575278,2557627
2022-07-07,NYC,2022-06-30,2022-07-06,2623706,25345,40795,61,2598361,2582911
2022-07-14,NYC,2022-07-07,2022-07-13,2654051,30345,40869,74,2623706,2613182
2022-07-21,NYC,2022-07-14,2022-07-20,2686618,32567,40946,77,2654051,2645672
2022-07-28,NYC,2022-07-21,2022-07-27,2715177,28559,41048,102,2686618,2674129
2022-08-04,NYC,2022-07-28,2022-08-03,2738967,23790,41136,88,2715177,2697831
2022-08-11,NYC,2022-08-04,2022-08-10,2765826,26859,41278,142,2738967,2724548
2022-08-18,NYC,2022-08-11,2022-08-17,2785488,19662,41380,102,2765826,2744108
2022-08-25,NYC,2022-08-18,2022-08-24,2802836,17348,41481,101,2785488,2761355
2022-09-01,NYC,2022-08-25,2022-08-31,2817738,14902,41576,95,2802836,2776162
2022-09-08,NYC,2022-09-01,2022-09-07,2831316,13578,41654,78,2817738,2789662
2022-09-15,NYC,2022-09-08,2022-09-14,2844012,12696,41761,107,2831316,2802251
2022-09-22,NYC,2022-09-15,2022-09-21,2858313,14301,41838,77,2844012,2816475
2022-09-29,NYC,2022-09-22,2022-09-28,2872997,14684,41913,75,2858313,2831084
2022-10-06,NYC,2022-09-29,2022-10-05,2886838,13841,42002,89,2872997,2844836
2022-10-13,NYC,2022-10-06,2022-10-12,2899425,12587,42093,91,2886838,2857332
2022-10-20,NYC,2022-10-13,2022-10-19,2913849,14424,42215,122,2899425,2871634
2022-10-27,NYC,2022-10-20,2022-10-26,2928439,14590,42863,91,2913849,2885576
2022-11-03,NYC,2022-10-27,2022-11-02,2944270,15831,42880,17,2928439,2901390
2022-11-10,NYC,2022-11-03,2022-11-09,2962479,18209,42957,77,2944270,2919522
2022-11-17,NYC,2022-11-10,2022-11-16,2979932,17453,43033,76,2962479,2936899
2022-11-24,NYC,2022-11-17,2022-11-23,2996602,16670,43156,123,2979932,2953446
2022-12-01,NYC,2022-11-24,2022-11-30,3015665,19063,43269,113,2996602,2972396
2022-12-08,NYC,2022-12-01,2022-12-07,3041810,26145,43396,127,3015665,2998414
2022-12-15,NYC,2022-12-08,2022-12-14,3067849,26039,43532,136,3041810,3024317
2022-12-22,NYC,2022-12-15,2022-12-21,3094773,26924,43697,165,3067849,3051076
2022-12-29,NYC,2022-12-22,2022-12-28,3117779,23006,43832,135,3094773,3073947
2023-01-05,NYC,2022-12-29,2023-01-04,3140216,22437,44031,199,3117779,3096185
2023-01-12,NYC,2023-01-05,2023-01-11,3163195,22979,44233,202,3140216,3118962
2023-01-19,NYC,2023-01-12,2023-01-18,3180468,17273,44368,135,3163195,3136100
2023-01-26,NYC,2023-01-19,2023-01-25,3196773,16305,44566,198,3180468,3152207
2023-02-02,NYC,2023-01-26,2023-02-01,3209444,12671,44725,159,3196773,3164719
2023-02-09,NYC,2023-02-02,2023-02-08,3219719,10275,44854,129,3209444,3174865
2023-02-16,NYC,2023-02-09,2023-02-15,3228410,8691,44964,110,3219719,3183446
2023-02-23,NYC,2023-02-16,2023-02-22,3235155,6745,44964,0,3228410,3190191
2023-03-02,NYC,2023-02-23,2023-03-01,3240549,5394,44973,9,3235155,3195576
2023-03-09,NYC,2023-03-02,2023-03-08,3245017,4468,44992,19,3240549,3200025
2023-03-16,NYC,2023-03-09,2023-03-15,3248284,3267,45003,11,3245017,3203281
2023-03-23,NYC,2023-03-16,2023-03-22,3251138,2854,45112,109,3248284,3206026
2023-03-30,NYC,2023-03-23,2023-03-29,3254897,3759,45134,22,3251138,3209763
2023-04-06,NYC,2023-03-30,2023-04-05,3256045,1148,45143,9,3254897,3210902
2023-04-13,NYC,2023-04-06,2023-04-12,3258412,2367,45158,15,3256045,3213254
2023-04-20,NYC,2023-04-13,2023-04-19,3260532,2120,45158,0,3258412,3215374
2023-04-27,NYC,2023-04-20,2023-04-26,3262546,2014,45160,2,3260532,3217386
2023-05-04,NYC,2023-04-27,2023-05-03,3264817,2271,45169,9,3262546,3219648
2023-05-11,NYC,2023-05-04,2023-05-10,3266726,1909,45181,12,3264817,3221545
2020-01-23,OH,2020-01-16,2020-01-22,0,0,0,0,0,0
2020-01-30,OH,2020-01-23,2020-01-29,0,0,0,0,0,0
2020-02-06,OH,2020-01-30,2020-02-05,0,0,0,0,0,0
2020-02-13,OH,2020-02-06,2020-02-12,0,0,0,0,0,0
2020-02-20,OH,2020-02-13,2020-02-19,0,0,0,0,0,0
2020-02-27,OH,2020-02-20,2020-02-26,0,0,0,0,0,0
2020-03-05,OH,2020-02-27,2020-03-04,0,0,0,0,0,0
2020-03-12,OH,2020-03-05,2020-03-11,4,4,0,0,0,4
2020-03-19,OH,2020-03-12,2020-03-18,89,85,4,4,4,85
2020-03-26,OH,2020-03-19,2020-03-25,705,616,26,22,89,679
2020-04-02,OH,2020-03-26,2020-04-01,2548,1843,108,82,705,2440
2020-04-09,OH,2020-04-02,2020-04-08,5149,2601,261,153,2548,4888
2020-04-16,OH,2020-04-09,2020-04-15,7791,2642,470,209,5149,7321
2020-04-23,OH,2020-04-16,2020-04-22,14120,6329,742,272,7791,13378
2020-04-30,OH,2020-04-23,2020-04-29,17303,3183,1053,311,14120,16250
2020-05-07,OH,2020-04-30,2020-05-06,21576,4273,1326,273,17303,20250
2020-05-14,OH,2020-05-07,2020-05-13,25721,4145,1581,255,21576,24140
2020-05-21,OH,2020-05-14,2020-05-20,29442,3721,1823,242,25721,27619
2020-05-28,OH,2020-05-21,2020-05-27,33442,4000,2035,212,29442,31407
2020-06-04,OH,2020-05-28,2020-06-03,36796,3354,2214,179,33442,34582
2020-06-11,OH,2020-06-04,2020-06-10,39575,2779,2330,116,36796,37245
2020-06-18,OH,2020-06-11,2020-06-17,42425,2850,2443,113,39575,39982
2020-06-25,OH,2020-06-18,2020-06-24,46760,4335,2525,82,42425,44235
2020-07-02,OH,2020-06-25,2020-07-01,52865,6105,2618,93,46760,50247
2020-07-09,OH,2020-07-02,2020-07-08,60181,7316,2709,91,52865,57472
2020-07-16,OH,2020-07-09,2020-07-15,69313,9132,2818,109,60181,66495
2020-07-23,OH,2020-07-16,2020-07-22,78743,9430,2969,151,69313,75774
2020-07-30,OH,2020-07-23,2020-07-29,87893,9150,3159,190,78743,84734
2020-08-06,OH,2020-07-30,2020-08-05,96305,8412,3305,146,87893,93000
2020-08-13,OH,2020-08-06,2020-08-12,104248,7943,3465,160,96305,100783
2020-08-20,OH,2020-08-13,2020-08-19,110870,6622,3621,156,104248,107249
2020-08-27,OH,2020-08-20,2020-08-26,117586,6716,3801,180,110870,113785
2020-09-03,OH,2020-08-27,2020-09-02,125770,8184,3963,162,117586,121807
2020-09-10,OH,2020-09-03,2020-09-09,132968,7198,4095,132,125770,128873
2020-09-17,OH,2020-09-10,2020-09-16,140518,7550,4218,123,132968,136300
2020-09-24,OH,2020-09-17,2020-09-23,146754,6236,4342,124,140518,142412
2020-10-01,OH,2020-09-24,2020-09-30,153988,7234,4471,129,146754,149517
2020-10-08,OH,2020-10-01,2020-10-07,162723,8735,4595,124,153988,158128
2020-10-15,OH,2020-10-08,2020-10-14,173665,10942,4750,155,162723,168915
2020-10-22,OH,2020-10-15,2020-10-21,188005,14340,4954,204,173665,183051
2020-10-29,OH,2020-10-22,2020-10-28,205347,17342,5207,253,188005,200140
2020-11-05,OH,2020-10-29,2020-11-04,230209,24862,5532,325,205347,224677
2020-11-12,OH,2020-11-05,2020-11-11,267356,37147,5982,450,230209,261374
2020-11-19,OH,2020-11-12,2020-11-18,318828,51472,6518,536,267356,312310
2020-11-26,OH,2020-11-19,2020-11-25,382743,63915,7375,857,318828,375368
2020-12-03,OH,2020-11-26,2020-12-02,437928,55185,8408,1033,382743,429520
2020-12-10,OH,2020-12-03,2020-12-09,520112,82184,9654,1246,437928,510458
2020-12-17,OH,2020-12-10,2020-12-16,584770,64658,10979,1325,520112,573791
2020-12-24,OH,2020-12-17,2020-12-23,644822,60052,12320,1341,584770,632502
2020-12-31,OH,2020-12-24,2020-12-30,690748,45926,13469,1149,644822,677279
2021-01-07,OH,2020-12-31,2021-01-06,742817,52069,14507,1038,690748,728310
2021-01-14,OH,2021-01-07,2021-01-13,799639,56822,15481,974,742817,784158
2021-01-21,OH,2021-01-14,2021-01-20,842433,42794,16308,827,799639,826125
2021-01-28,OH,2021-01-21,2021-01-27,878284,35851,17004,696,842433,861280
2021-02-04,OH,2021-01-28,2021-02-03,906727,28443,17558,554,878284,889169
2021-02-11,OH,2021-02-04,2021-02-10,928631,21904,17991,433,906727,910640
2021-02-18,OH,2021-02-11,2021-02-17,945090,16459,18323,332,928631,926767
2021-02-25,OH,2021-02-18,2021-02-24,960007,14917,18573,250,945090,941434
2021-03-04,OH,2021-02-25,2021-03-03,972605,12598,18781,208,960007,953824
2021-03-11,OH,2021-03-04,2021-03-10,983488,10883,18950,169,972605,964538
2021-03-18,OH,2021-03-11,2021-03-17,993681,10193,19081,131,983488,974600
2021-03-25,OH,2021-03-18,2021-03-24,1004670,10989,19190,109,993681,985480
2021-04-01,OH,2021-03-25,2021-03-31,1017565,12895,19292,102,1004670,998273
2021-04-08,OH,2021-04-01,2021-04-07,1030864,13299,19421,129,1017565,1011443
2021-04-15,OH,2021-04-08,2021-04-14,1045945,15081,19535,114,1030864,1026410
2021-04-22,OH,2021-04-15,2021-04-21,1058397,12452,19671,136,1045945,1038726
2021-04-29,OH,2021-04-22,2021-04-28,1068985,10588,19806,135,1058397,1049179
2021-05-06,OH,2021-04-29,2021-05-05,1078734,9749,19943,137,1068985,1058791
2021-05-13,OH,2021-05-06,2021-05-12,1087182,8448,20039,96,1078734,1067143
2021-05-20,OH,2021-05-13,2021-05-19,1093536,6354,20148,109,1087182,1073388
2021-05-27,OH,2021-05-20,2021-05-26,1099580,6044,20249,101,1093536,1079331
2021-06-03,OH,2021-05-27,2021-06-02,1102885,3305,20330,81,1099580,1082555
2021-06-10,OH,2021-06-03,2021-06-09,1105717,2832,20400,70,1102885,1085317
2021-06-17,OH,2021-06-10,2021-06-16,1107900,2183,20466,66,1105717,1087434
2021-06-24,OH,2021-06-17,2021-06-23,1109701,1801,20511,45,1107900,1089190
2021-07-01,OH,2021-06-24,2021-06-30,1111325,1624,20542,31,1109701,1090783
2021-07-08,OH,2021-07-01,2021-07-07,1113008,1683,20578,36,1111325,1092430
2021-07-15,OH,2021-07-08,2021-07-14,1115245,2237,20603,25,1113008,1094642
2021-07-22,OH,2021-07-15,2021-07-21,1119298,4053,20646,43,1115245,1098652
2021-07-29,OH,2021-07-22,2021-07-28,1125421,6123,20683,37,1119298,1104738
2021-08-05,OH,2021-07-29,2021-08-04,1134965,9544,20746,63,1125421,1114219
2021-08-12,OH,2021-08-05,2021-08-11,1149318,14353,20839,93,1134965,1128479
2021-08-19,OH,2021-08-12,2021-08-18,1168111,18793,20996,157,1149318,1147115
2021-08-26,OH,2021-08-19,2021-08-25,1192478,24367,21224,228,1168111,1171254
2021-09-02,OH,2021-08-26,2021-09-01,1228002,35524,21496,272,1192478,1206506
2021-09-09,OH,2021-09-02,2021-09-08,1268841,40839,21869,373,1228002,1246972
2021-09-16,OH,2021-09-09,2021-09-15,1319265,50424,22356,487,1268841,1296909
2021-09-23,OH,2021-09-16,2021-09-22,1365800,46535,22900,544,1319265,1342900
2021-09-30,OH,2021-09-23,2021-09-29,1407442,41642,23513,613,1365800,1383929
2021-10-07,OH,2021-09-30,2021-10-06,1445785,38343,24114,601,1407442,1421671
2021-10-14,OH,2021-10-07,2021-10-13,1480371,34586,24695,581,1445785,1455676
2021-10-21,OH,2021-10-14,2021-10-20,1507676,27305,25284,589,1480371,1482392
2021-10-28,OH,2021-10-21,2021-10-27,1531815,24139,25804,520,1507676,1506011
2021-11-04,OH,2021-10-28,2021-11-03,1556208,24393,26240,436,1531815,1529968
2021-11-11,OH,2021-11-04,2021-11-10,1585798,29590,26634,394,1556208,1559164
2021-11-18,OH,2021-11-11,2021-11-17,1620436,34638,27042,408,1585798,1593394
2021-11-25,OH,2021-11-18,2021-11-24,1660131,39695,27574,532,1620436,1632557
2021-12-02,OH,2021-11-25,2021-12-01,1699161,39030,28172,598,1660131,1670989
2021-12-09,OH,2021-12-02,2021-12-08,1752508,53347,28932,760,1699161,1723576
2021-12-16,OH,2021-12-09,2021-12-15,1807539,55031,29776,844,1752508,1777763
2021-12-23,OH,2021-12-16,2021-12-22,1880588,73049,30617,841,1807539,1849971
2021-12-30,OH,2021-12-23,2021-12-29,1975723,95135,31498,881,1880588,1944225
2022-01-06,OH,2021-12-30,2022-01-05,2112824,137101,32466,968,1975723,2080358
2022-01-13,OH,2022-01-06,2022-01-12,2246974,134150,33493,1027,2112824,2213481
2022-01-20,OH,2022-01-13,2022-01-19,2439205,192231,34541,1048,2246974,2404664
2022-01-27,OH,2022-01-20,2022-01-26,2540864,101659,35433,892,2439205,2505431
2022-02-03,OH,2022-01-27,2022-02-02,2595504,54640,36052,619,2540864,2559452
2022-02-10,OH,2022-02-03,2022-02-09,2621382,25878,36446,394,2595504,2584936
2022-02-17,OH,2022-02-10,2022-02-16,2638202,16820,36738,292,2621382,2601464
2022-02-24,OH,2022-02-17,2022-02-23,2648378,10176,36992,254,2638202,2611386
2022-03-03,OH,2022-02-24,2022-03-02,2656164,7786,37272,280,2648378,2618892
2022-03-10,OH,2022-03-03,2022-03-09,2661557,5393,37409,137,2656164,2624148
2022-03-17,OH,2022-03-10,2022-03-16,2663835,2278,37409,0,2661557,2626426
2022-03-24,OH,2022-03-17,2022-03-23,2666030,2195,37605,196,2663835,2628425
2022-03-31,OH,2022-03-24,2022-03-30,2669694,3664,37789,184,2666030,2631905
2022-04-07,OH,2022-03-31,2022-04-06,2672786,3092,38036,247,2669694,2634750
2022-04-14,OH,2022-04-07,2022-04-13,2676619,3833,38162,126,2672786,2638457
2022-04-21,OH,2022-04-14,2022-04-20,2681437,4818,38262,100,2676619,2643175
2022-04-28,OH,2022-04-21,2022-04-27,2688326,6889,38357,95,2681437,2649969
2022-05-05,OH,2022-04-28,2022-05-04,2697058,8732,38425,68,2688326,2658633
2022-05-12,OH,2022-05-05,2022-05-11,2708071,11013,38484,59,2697058,2669587
2022-05-19,OH,2022-05-12,2022-05-18,2724041,15970,38536,52,2708071,2685505
2022-05-26,OH,2022-05-19,2022-05-25,2743577,19536,38574,38,2724041,2705003
2022-06-02,OH,2022-05-26,2022-06-01,2763123,19546,38608,34,2743577,2724515
2022-06-09,OH,2022-06-02,2022-06-08,2780653,17530,38634,26,2763123,2742019
2022-06-16,OH,2022-06-09,2022-06-15,2798900,18247,38634,0,2780653,2760266
2022-06-23,OH,2022-06-16,2022-06-22,2815069,16169,38634,0,2798900,2776435
2022-06-30,OH,2022-06-23,2022-06-29,2831228,16159,38767,133,2815069,2792461
2022-07-07,OH,2022-06-30,2022-07-06,2848453,17225,38830,63,2831228,2809623
2022-07-14,OH,2022-07-07,2022-07-13,2867291,18838,38889,59,2848453,2828402
2022-07-21,OH,2022-07-14,2022-07-20,2891756,24465,38922,33,2867291,2852834
2022-07-28,OH,2022-07-21,2022-07-27,2918366,26610,38970,48,2891756,2879396
2022-08-04,OH,2022-07-28,2022-08-03,2948242,29876,39024,54,2918366,2909218
2022-08-11,OH,2022-08-04,2022-08-10,2976027,27785,39121,97,2948242,2936906
2022-08-18,OH,2022-08-11,2022-08-17,3002043,26016,39204,83,2976027,2962839
2022-08-25,OH,2022-08-18,2022-08-24,3026110,24067,39294,90,3002043,2986816
2022-09-01,OH,2022-08-25,2022-08-31,3049546,23436,39388,94,3026110,3010158
2022-09-08,OH,2022-09-01,2022-09-07,3074826,25280,39471,83,3049546,3035355
2022-09-15,OH,2022-09-08,2022-09-14,3096557,21731,39556,85,3074826,3057001
2022-09-22,OH,2022-09-15,2022-09-21,3117109,20552,39653,97,3096557,3077456
2022-09-29,OH,2022-09-22,2022-09-28,3131645,14536,39742,89,3117109,3091903
2022-10-06,OH,2022-09-29,2022-10-05,3143746,12101,39828,86,3131645,3103918
2022-10-13,OH,2022-10-06,2022-10-12,3153743,9997,39919,91,3143746,3113824
2022-10-20,OH,2022-10-13,2022-10-19,3162278,8535,40004,85,3153743,3122274
2022-10-27,OH,2022-10-20,2022-10-26,3173375,11097,40075,71,3162278,3133300
2022-11-03,OH,2022-10-27,2022-11-02,3185038,11663,40139,64,3173375,3144899
2022-11-10,OH,2022-11-03,2022-11-09,3197297,12259,40208,69,3185038,3157089
2022-11-17,OH,2022-11-10,2022-11-16,3208165,10868,40257,49,3197297,3167908
2022-11-24,OH,2022-11-17,2022-11-23,3227759,19594,40466,209,3208165,3187293
2022-12-01,OH,2022-11-24,2022-11-30,3227759,0,40466,0,3227759,3187293
2022-12-08,OH,2022-12-01,2022-12-07,3243850,16091,40558,92,3227759,3203292
2022-12-15,OH,2022-12-08,2022-12-14,3259911,16061,40644,86,3243850,3219267
2022-12-22,OH,2022-12-15,2022-12-21,3276630,16719,40747,103,3259911,3235883
2022-12-29,OH,2022-12-22,2022-12-28,3294521,17891,40840,93,3276630,3253681
2023-01-05,OH,2022-12-29,2023-01-04,3307568,13047,40927,87,3294521,3266641
2023-01-12,OH,2023-01-05,2023-01-11,3321463,13895,41033,106,3307568,3280430
2023-01-19,OH,2023-01-12,2023-01-18,3331651,10188,41139,106,3321463,3290512
2023-01-26,OH,2023-01-19,2023-01-25,3339612,7961,41249,110,3331651,3298363
2023-02-02,OH,2023-01-26,2023-02-01,3347767,8155,41354,105,3339612,3306413
2023-02-09,OH,2023-02-02,2023-02-08,3356027,8260,41464,110,3347767,3314563
2023-02-16,OH,2023-02-09,2023-02-15,3364860,8833,41534,70,3356027,3323326
2023-02-23,OH,2023-02-16,2023-02-22,3373859,8999,41614,80,3364860,3332245
2023-03-02,OH,2023-02-23,2023-03-01,3382995,9136,41685,71,3373859,3341310
2023-03-09,OH,2023-03-02,2023-03-08,3392320,9325,41747,62,3382995,3350573
2023-03-16,OH,2023-03-09,2023-03-15,3400652,8332,41795,48,3392320,3358857
2023-03-23,OH,2023-03-16,2023-03-22,3408238,7586,41863,68,3400652,3366375
2023-03-30,OH,2023-03-23,2023-03-29,3415254,7016,41917,54,3408238,3373337
2023-04-06,OH,2023-03-30,2023-04-05,3421608,6354,41965,48,3415254,3379643
2023-04-13,OH,2023-04-06,2023-04-12,3426822,5214,42018,53,3421608,3384804
2023-04-20,OH,2023-04-13,2023-04-19,3431987,5165,42066,48,3426822,3389921
2023-04-27,OH,2023-04-20,2023-04-26,3435359,3372,42122,56,3431987,3393237
2023-05-04,OH,2023-04-27,2023-05-03,3438480,3121,42167,45,3435359,3396313
2023-05-11,OH,2023-05-04,2023-05-10,3441458,2978,42207,40,3438480,3399251
2020-01-23,OK,2020-01-16,2020-01-22,0,0,0,0,0,0
2020-01-30,OK,2020-01-23,2020-01-29,0,0,0,0,0,0
2020-02-06,OK,2020-01-30,2020-02-05,0,0,0,0,0,0
2020-02-13,OK,2020-02-06,2020-02-12,0,0,0,0,0,0
2020-02-20,OK,2020-02-13,2020-02-19,0,0,0,0,0,0
2020-02-27,OK,2020-02-20,2020-02-26,0,0,0,0,0,0
2020-03-05,OK,2020-02-27,2020-03-04,0,0,0,0,0,0
2020-03-12,OK,2020-03-05,2020-03-11,2,2,0,0,0,2
2020-03-19,OK,2020-03-12,2020-03-18,17,15,0,0,2,17
2020-03-26,OK,2020-03-19,2020-03-25,164,147,5,5,17,159
2020-04-02,OK,2020-03-26,2020-04-01,721,557,29,24,164,692
2020-04-09,OK,2020-04-02,2020-04-08,1527,806,79,50,721,1448
2020-04-16,OK,2020-04-09,2020-04-15,2262,735,123,44,1527,2139
2020-04-23,OK,2020-04-16,2020-04-22,2894,632,170,47,2262,2724
2020-04-30,OK,2020-04-23,2020-04-29,3474,580,214,44,2894,3260
2020-05-07,OK,2020-04-30,2020-05-06,4202,728,253,39,3474,3949
2020-05-14,OK,2020-05-07,2020-05-13,4857,655,279,26,4202,4578
2020-05-21,OK,2020-05-14,2020-05-20,5532,675,299,20,4857,5233
2020-05-28,OK,2020-05-21,2020-05-27,6227,695,322,23,5532,5905
2020-06-04,OK,2020-05-28,2020-06-03,6805,578,341,19,6227,6464
2020-06-11,OK,2020-06-04,2020-06-10,7482,677,355,14,6805,7127
2020-06-18,OK,2020-06-11,2020-06-17,8910,1428,364,9,7482,8546
2020-06-25,OK,2020-06-18,2020-06-24,11514,2604,372,8,8910,11142
2020-07-02,OK,2020-06-25,2020-07-01,14119,2605,389,17,11514,13730
2020-07-09,OK,2020-07-02,2020-07-08,17893,3774,407,18,14119,17486
2020-07-16,OK,2020-07-09,2020-07-15,22812,4919,432,25,17893,22380
2020-07-23,OK,2020-07-16,2020-07-22,27297,4485,474,42,22812,26823
2020-07-30,OK,2020-07-23,2020-07-29,34627,7330,523,49,27297,34104
2020-08-06,OK,2020-07-30,2020-08-05,40571,5944,582,59,34627,39989
2020-08-13,OK,2020-08-06,2020-08-12,45401,4830,627,45,40571,44774
2020-08-20,OK,2020-08-13,2020-08-19,49933,4532,699,72,45401,49234
2020-08-27,OK,2020-08-20,2020-08-26,54839,4906,763,64,49933,54076
2020-09-03,OK,2020-08-27,2020-09-02,60126,5287,821,58,54839,59305
2020-09-10,OK,2020-09-03,2020-09-09,65929,5803,863,42,60126,65066
2020-09-17,OK,2020-09-10,2020-09-16,72283,6354,924,61,65929,71359
2020-09-24,OK,2020-09-17,2020-09-23,80165,7882,970,46,72283,79195
2020-10-01,OK,2020-09-24,2020-09-30,87199,7034,1031,61,80165,86168
2020-10-08,OK,2020-10-01,2020-10-07,94357,7158,1075,44,87199,93282
2020-10-15,OK,2020-10-08,2020-10-14,102625,8268,1132,57,94357,101493
2020-10-22,OK,2020-10-15,2020-10-21,110856,8231,1209,77,102625,109647
2020-10-29,OK,2020-10-22,2020-10-28,119152,8296,1286,77,110856,117866
2020-11-05,OK,2020-10-29,2020-11-04,127773,8621,1392,106,119152,126381
2020-11-12,OK,2020-11-05,2020-11-11,142336,14563,1470,78,127773,140866
2020-11-19,OK,2020-11-12,2020-11-18,161425,19089,1570,100,142336,159855
2020-11-26,OK,2020-11-19,2020-11-25,184342,22917,1680,110,161425,182662
2020-12-03,OK,2020-11-26,2020-12-02,202345,18003,1812,132,184342,200533
2020-12-10,OK,2020-12-03,2020-12-09,222993,20648,1945,133,202345,221048
2020-12-17,OK,2020-12-10,2020-12-16,245272,22279,2128,183,222993,243144
2020-12-24,OK,2020-12-17,2020-12-23,269417,24145,2282,154,245272,267135
2020-12-31,OK,2020-12-24,2020-12-30,287294,17877,2452,170,269417,284842
2021-01-07,OK,2020-12-31,2021-01-06,311924,24630,2632,180,287294,309292
2021-01-14,OK,2021-01-07,2021-01-13,341821,29897,2847,215,311924,338974
2021-01-21,OK,2021-01-14,2021-01-20,360912,19091,3084,237,341821,357828
2021-01-28,OK,2021-01-21,2021-01-27,379789,18877,3387,303,360912,376402
2021-02-04,OK,2021-01-28,2021-02-03,395062,15273,3653,266,379789,391409
2021-02-11,OK,2021-02-04,2021-02-10,408592,13530,3898,245,395062,404694
2021-02-18,OK,2021-02-11,2021-02-17,416806,8214,4087,189,408592,412719
2021-02-25,OK,2021-02-18,2021-02-24,422039,5233,4262,175,416806,417777
2021-03-04,OK,2021-02-25,2021-03-03,426822,4783,4532,270,422039,422290
2021-03-11,OK,2021-03-04,2021-03-10,431397,4575,4699,167,426822,426698
2021-03-18,OK,2021-03-11,2021-03-17,434745,3348,4786,87,431397,429959
2021-03-25,OK,2021-03-18,2021-03-24,437439,2694,4848,62,434745,432591
2021-04-01,OK,2021-03-25,2021-03-31,439737,2298,4951,103,437439,434786
2021-04-08,OK,2021-04-01,2021-04-07,441905,2168,6662,1711,439737,435243
2021-04-15,OK,2021-04-08,2021-04-14,444224,2319,6690,28,441905,437534
2021-04-22,OK,2021-04-15,2021-04-21,445958,1734,6709,19,444224,439249
2021-04-29,OK,2021-04-22,2021-04-28,447634,1676,6780,71,445958,440854
2021-05-06,OK,2021-04-29,2021-05-05,449260,1626,6830,50,447634,442430
2021-05-13,OK,2021-05-06,2021-05-12,450538,1278,6877,47,449260,443661
2021-05-20,OK,2021-05-13,2021-05-19,451469,931,6917,40,450538,444552
2021-05-27,OK,2021-05-20,2021-05-26,452493,1024,7288,371,451469,445205
2021-06-03,OK,2021-05-27,2021-06-02,453281,788,7313,25,452493,445968
2021-06-10,OK,2021-06-03,2021-06-09,454091,810,7323,10,453281,446768
2021-06-17,OK,2021-06-10,2021-06-16,455143,1052,7352,29,454091,447791
2021-06-24,OK,2021-06-17,2021-06-23,456412,1269,7381,29,455143,449031
2021-07-01,OK,2021-06-24,2021-06-30,457850,1438,7386,5,456412,450464
2021-07-08,OK,2021-07-01,2021-07-07,459675,1825,7404,18,457850,452271
2021-07-15,OK,2021-07-08,2021-07-14,463152,3477,7415,11,459675,455737
2021-07-22,OK,2021-07-15,2021-07-21,468401,5249,7452,37,463152,460949
2021-07-29,OK,2021-07-22,2021-07-28,477052,8651,7483,31,468401,469569
2021-08-05,OK,2021-07-29,2021-08-04,489338,12286,7529,46,477052,481809
2021-08-12,OK,2021-08-05,2021-08-11,503552,14214,7592,63,489338,495960
2021-08-19,OK,2021-08-12,2021-08-18,519023,15471,7674,82,503552,511349
2021-08-26,OK,2021-08-19,2021-08-25,534922,15899,7810,136,519023,527112
2021-09-02,OK,2021-08-26,2021-09-01,554496,19574,7999,189,534922,546497
2021-09-09,OK,2021-09-02,2021-09-08,572223,17727,8206,207,554496,564017
2021-09-16,OK,2021-09-09,2021-09-15,587687,15464,8437,231,572223,579250
2021-09-23,OK,2021-09-16,2021-09-22,600800,13113,8713,276,587687,592087
2021-09-30,OK,2021-09-23,2021-09-29,611885,11085,8947,234,600800,602938
2021-10-07,OK,2021-09-30,2021-10-06,620834,8949,9211,264,611885,611623
2021-10-14,OK,2021-10-07,2021-10-13,629512,8678,9400,189,620834,620112
2021-10-21,OK,2021-10-14,2021-10-20,636760,7248,10529,1129,629512,626231
2021-10-28,OK,2021-10-21,2021-10-27,642362,5602,10708,179,636760,631654
2021-11-04,OK,2021-10-28,2021-11-03,646763,4401,10877,169,642362,635886
2021-11-11,OK,2021-11-04,2021-11-10,650689,3926,10877,0,646763,639812
2021-11-18,OK,2021-11-11,2021-11-17,656574,5885,10877,0,650689,645697
2021-11-25,OK,2021-11-18,2021-11-24,662220,5646,10877,0,656574,651343
2021-12-02,OK,2021-11-25,2021-12-01,667512,5292,10877,0,662220,656635
2021-12-09,OK,2021-12-02,2021-12-08,676890,9378,10877,0,667512,666013
2021-12-16,OK,2021-12-09,2021-12-15,684579,7689,10877,0,676890,673702
2021-12-23,OK,2021-12-16,2021-12-22,691282,6703,10877,0,684579,680405
2021-12-30,OK,2021-12-23,2021-12-29,700798,9516,11543,666,691282,689255
2022-01-06,OK,2021-12-30,2022-01-05,724875,24077,11643,100,700798,713232
2022-01-13,OK,2022-01-06,2022-01-12,775169,50294,11738,95,724875,763431
2022-01-20,OK,2022-01-13,2022-01-19,852997,77828,11870,132,775169,841127
2022-01-27,OK,2022-01-20,2022-01-26,931033,78036,12041,171,852997,918992
2022-02-03,OK,2022-01-27,2022-02-02,983937,52904,12189,148,931033,971748
2022-02-10,OK,2022-02-03,2022-02-09,1000480,16543,12425,236,983937,988055
2022-02-17,OK,2022-02-10,2022-02-16,1010536,10056,12763,338,1000480,997773
2022-02-24,OK,2022-02-17,2022-02-23,1016939,6403,12990,227,1010536,1003949
2022-03-03,OK,2022-02-24,2022-03-02,1022744,5805,13276,286,1016939,1009468
2022-03-10,OK,2022-03-03,2022-03-09,1024449,1705,13277,1,1022744,1011172
2022-03-17,OK,2022-03-10,2022-03-16,1026604,2155,13512,235,1024449,1013092
2022-03-24,OK,2022-03-17,2022-03-23,1029562,2958,13728,216,1026604,1015834
2022-03-31,OK,2022-03-24,2022-03-30,1031368,1806,13887,159,1029562,1017481
2022-04-07,OK,2022-03-31,2022-04-06,1033195,1827,14004,117,1031368,1019191
2022-04-14,OK,2022-04-07,2022-04-13,1035250,2055,14078,74,1033195,1021172
2022-04-21,OK,2022-04-14,2022-04-20,1036438,1188,14155,77,1035250,1022283
2022-04-28,OK,2022-04-21,2022-04-27,1038196,1758,14210,55,1036438,1023986
2022-05-05,OK,2022-04-28,2022-05-04,1039943,1747,14259,49,1038196,1025684
2022-05-12,OK,2022-05-05,2022-05-11,1041391,1448,14344,85,1039943,1027047
2022-05-19,OK,2022-05-12,2022-05-18,1043528,2137,14378,34,1041391,1029150
2022-05-26,OK,2022-05-19,2022-05-25,1045565,2037,14416,38,1043528,1031149
2022-06-02,OK,2022-05-26,2022-06-01,1048013,2448,14417,1,1045565,1033596
2022-06-09,OK,2022-06-02,2022-06-08,1051069,3056,14434,17,1048013,1036635
2022-06-16,OK,2022-06-09,2022-06-15,1054953,3884,14454,20,1051069,1040499
2022-06-23,OK,2022-06-16,2022-06-22,1059864,4911,14467,13,1054953,1045397
2022-06-30,OK,2022-06-23,2022-06-29,1065714,5850,14467,0,1059864,1051247
2022-07-07,OK,2022-06-30,2022-07-06,1073197,7483,14470,3,1065714,1058727
2022-07-14,OK,2022-07-07,2022-07-13,1082385,9188,14472,2,1073197,1067913
2022-07-21,OK,2022-07-14,2022-07-20,1092667,10282,14524,52,1082385,1078143
2022-07-28,OK,2022-07-21,2022-07-27,1104056,11389,14554,30,1092667,1089502
2022-08-04,OK,2022-07-28,2022-08-03,1116365,12309,14575,21,1104056,1101790
2022-08-11,OK,2022-08-04,2022-08-10,1128191,11826,14592,17,1116365,1113599
2022-08-18,OK,2022-08-11,2022-08-17,1140352,12161,14622,30,1128191,1125730
2022-08-25,OK,2022-08-18,2022-08-24,1150028,9676,14642,20,1140352,1135386
2022-09-01,OK,2022-08-25,2022-08-31,1159272,9244,14668,26,1150028,1144604
2022-09-08,OK,2022-09-01,2022-09-07,1169963,10691,14739,71,1159272,1155224
2022-09-15,OK,2022-09-08,2022-09-14,1179687,9724,14763,24,1169963,1164924
2022-09-22,OK,2022-09-15,2022-09-21,1186507,6820,14782,19,1179687,1171725
2022-09-29,OK,2022-09-22,2022-09-28,1192151,5644,14784,2,1186507,1177367
2022-10-06,OK,2022-09-29,2022-10-05,1196238,4087,14803,19,1192151,1181435
2022-10-13,OK,2022-10-06,2022-10-12,1199385,3147,14880,77,1196238,1184505
2022-10-20,OK,2022-10-13,2022-10-19,1202100,2715,14920,40,1199385,1187180
2022-10-27,OK,2022-10-20,2022-10-26,1205206,3106,14938,18,1202100,1190268
2022-11-03,OK,2022-10-27,2022-11-02,1208000,2794,14957,19,1205206,1193043
2022-11-10,OK,2022-11-03,2022-11-09,1210887,2887,14988,31,1208000,1195899
2022-11-17,OK,2022-11-10,2022-11-16,1214274,3387,15009,21,1210887,1199265
2022-11-24,OK,2022-11-17,2022-11-23,1217484,3210,15014,5,1214274,1202470
2022-12-01,OK,2022-11-24,2022-11-30,1220388,2904,15046,32,1217484,1205342
2022-12-08,OK,2022-12-01,2022-12-07,1225630,5242,15319,0,1220388,1210311
2022-12-15,OK,2022-12-08,2022-12-14,1231918,6288,15325,6,1225630,1216593
2022-12-22,OK,2022-12-15,2022-12-21,1237716,5798,15351,26,1231918,1222365
2022-12-29,OK,2022-12-22,2022-12-28,1244006,6290,15371,20,1237716,1228635
2023-01-05,OK,2022-12-29,2023-01-04,1249874,5868,15392,21,1244006,1234482
2023-01-12,OK,2023-01-05,2023-01-11,1255490,5616,15397,5,1249874,1240093
2023-01-19,OK,2023-01-12,2023-01-18,1261087,5597,15423,26,1255490,1245664
2023-01-26,OK,2023-01-19,2023-01-25,1265695,4608,15466,43,1261087,1250229
2023-02-02,OK,2023-01-26,2023-02-01,1270476,4781,15516,50,1265695,1254960
2023-02-09,OK,2023-02-02,2023-02-08,1274900,4424,15563,47,1270476,1259337
2023-02-16,OK,2023-02-09,2023-02-15,1278295,3395,15610,47,1274900,1262685
2023-02-23,OK,2023-02-16,2023-02-22,1281551,3256,15654,44,1278295,1265897
2023-03-02,OK,2023-02-23,2023-03-01,1284450,2899,15705,51,1281551,1268745
2023-03-09,OK,2023-03-02,2023-03-08,1287376,2926,15759,54,1284450,1271617
2023-03-16,OK,2023-03-09,2023-03-15,1290929,3553,15808,49,1287376,1275121
2023-03-23,OK,2023-03-16,2023-03-22,1293792,2863,15845,37,1290929,1277947
2023-03-30,OK,2023-03-23,2023-03-29,1293792,0,15845,0,1293792,1277947
2023-04-06,OK,2023-03-30,2023-04-05,1298508,4716,15909,64,1293792,1282599
2023-04-13,OK,2023-04-06,2023-04-12,1300316,1808,15991,82,1298508,1284325
2023-04-20,OK,2023-04-13,2023-04-19,1301908,1592,16033,42,1300316,1285875
2023-04-27,OK,2023-04-20,2023-04-26,1304154,2246,16083,50,1301908,1288071
2023-05-04,OK,2023-04-27,2023-05-03,1305394,1240,16119,36,1304154,1289275
2023-05-11,OK,2023-05-04,2023-05-10,1306350,956,16157,38,1305394,1290193
2020-01-23,OR,2020-01-16,2020-01-22,0,0,0,0,0,0
2020-01-30,OR,2020-01-23,2020-01-29,0,0,0,0,0,0
2020-02-06,OR,2020-01-30,2020-02-05,0,0,0,0,0,0
2020-02-13,OR,2020-02-06,2020-02-12,0,0,0,0,0,0
2020-02-20,OR,2020-02-13,2020-02-19,0,0,0,0,0,0
2020-02-27,OR,2020-02-20,2020-02-26,0,0,0,0,0,0
2020-03-05,OR,2020-02-27,2020-03-04,3,3,0,0,0,3
2020-03-12,OR,2020-03-05,2020-03-11,19,16,0,0,3,19
2020-03-19,OR,2020-03-12,2020-03-18,75,56,3,3,19,72
2020-03-26,OR,2020-03-19,2020-03-25,266,191,10,7,75,256
2020-04-02,OR,2020-03-26,2020-04-01,735,469,19,9,266,716
2020-04-09,OR,2020-04-02,2020-04-08,1182,447,33,14,735,1149
2020-04-16,OR,2020-04-09,2020-04-15,1664,482,58,25,1182,1606
2020-04-23,OR,2020-04-16,2020-04-22,2059,395,78,20,1664,1981
2020-04-30,OR,2020-04-23,2020-04-29,2446,387,101,23,2059,2345
2020-05-07,OR,2020-04-30,2020-05-06,2915,469,115,14,2446,2800
2020-05-14,OR,2020-05-07,2020-05-13,3413,498,134,19,2915,3279
2020-05-21,OR,2020-05-14,2020-05-20,3795,382,144,10,3413,3651
2020-05-28,OR,2020-05-21,2020-05-27,4036,241,148,4,3795,3888
2020-06-04,OR,2020-05-28,2020-06-03,4398,362,159,11,4036,4239
2020-06-11,OR,2020-06-04,2020-06-10,5062,664,169,10,4398,4893
2020-06-18,OR,2020-06-11,2020-06-17,6220,1158,183,14,5062,6037
2020-06-25,OR,2020-06-18,2020-06-24,7444,1224,195,12,6220,7249
2020-07-02,OR,2020-06-25,2020-07-01,8931,1487,208,13,7444,8723
2020-07-09,OR,2020-07-02,2020-07-08,10810,1879,224,16,8931,10586
2020-07-16,OR,2020-07-09,2020-07-15,13081,2271,247,23,10810,12834
2020-07-23,OR,2020-07-16,2020-07-22,15391,2310,271,24,13081,15120
2020-07-30,OR,2020-07-23,2020-07-29,17718,2327,310,39,15391,17408
2020-08-06,OR,2020-07-30,2020-08-05,19976,2258,338,28,17718,19638
2020-08-13,OR,2020-08-06,2020-08-12,22018,2042,375,37,19976,21643
2020-08-20,OR,2020-08-13,2020-08-19,23867,1849,408,33,22018,23459
2020-08-27,OR,2020-08-20,2020-08-26,25566,1699,432,24,23867,25134
2020-09-03,OR,2020-08-27,2020-09-02,27074,1508,467,35,25566,26607
2020-09-10,OR,2020-09-03,2020-09-09,28469,1395,493,26,27074,27976
2020-09-17,OR,2020-09-10,2020-09-16,29849,1380,520,27,28469,29329
2020-09-24,OR,2020-09-17,2020-09-23,31503,1654,537,17,29849,30966
2020-10-01,OR,2020-09-24,2020-09-30,33508,2005,559,22,31503,32949
2020-10-08,OR,2020-10-01,2020-10-07,35634,2126,583,24,33508,35051
2020-10-15,OR,2020-10-08,2020-10-14,38161,2527,607,24,35634,37554
2020-10-22,OR,2020-10-15,2020-10-21,40445,2284,635,28,38161,39810
2020-10-29,OR,2020-10-22,2020-10-28,43228,2783,671,36,40445,42557
2020-11-05,OR,2020-10-29,2020-11-04,47049,3821,705,34,43228,46344
2020-11-12,OR,2020-11-05,2020-11-11,52770,5721,742,37,47049,52028
2020-11-19,OR,2020-11-12,2020-11-18,59669,6899,788,46,52770,58881
2020-11-26,OR,2020-11-19,2020-11-25,68503,8834,867,79,59669,67636
2020-12-03,OR,2020-11-26,2020-12-02,78160,9657,953,86,68503,77207
2020-12-10,OR,2020-12-03,2020-12-09,88287,10127,1110,157,78160,87177
2020-12-17,OR,2020-12-10,2020-12-16,97621,9334,1262,152,88287,96359
2020-12-24,OR,2020-12-17,2020-12-23,105971,8350,1403,141,97621,104568
2020-12-31,OR,2020-12-24,2020-12-30,112260,6289,1468,65,105971,110792
2021-01-07,OR,2020-12-31,2021-01-06,120223,7963,1558,90,112260,118665
2021-01-14,OR,2021-01-07,2021-01-13,129109,8886,1708,150,120223,127401
2021-01-21,OR,2021-01-14,2021-01-20,135143,6034,1832,124,129109,133311
2021-01-28,OR,2021-01-21,2021-01-27,140063,4920,1924,92,135143,138139
2021-02-04,OR,2021-01-28,2021-02-03,144605,4542,1991,67,140063,142614
2021-02-11,OR,2021-02-04,2021-02-10,148475,3870,2044,53,144605,146431
2021-02-18,OR,2021-02-11,2021-02-17,151257,2782,2143,99,148475,149114
2021-02-25,OR,2021-02-18,2021-02-24,154058,2801,2194,51,151257,151864
2021-03-04,OR,2021-02-25,2021-03-03,156288,2230,2252,58,154058,154036
2021-03-11,OR,2021-03-04,2021-03-10,158291,2003,2305,53,156288,155986
2021-03-18,OR,2021-03-11,2021-03-17,160288,1997,2349,44,158291,157939
2021-03-25,OR,2021-03-18,2021-03-24,162383,2095,2368,19,160288,160015
2021-04-01,OR,2021-03-25,2021-03-31,165012,2629,2383,15,162383,162629
2021-04-08,OR,2021-04-01,2021-04-07,168128,3116,2434,51,165012,165694
2021-04-15,OR,2021-04-08,2021-04-14,172206,4078,2448,14,168128,169758
2021-04-22,OR,2021-04-15,2021-04-21,177134,4928,2466,18,172206,174668
2021-04-29,OR,2021-04-22,2021-04-28,182916,5782,2490,24,177134,180426
2021-05-06,OR,2021-04-29,2021-05-05,188417,5501,2509,19,182916,185908
2021-05-13,OR,2021-05-06,2021-05-12,193014,4597,2560,51,188417,190454
2021-05-20,OR,2021-05-13,2021-05-19,196787,3773,2601,41,193014,194186
2021-05-27,OR,2021-05-20,2021-05-26,199784,2997,2639,38,196787,197145
2021-06-03,OR,2021-05-27,2021-06-02,201994,2210,2676,37,199784,199318
2021-06-10,OR,2021-06-03,2021-06-09,203933,1939,2716,40,201994,201217
2021-06-17,OR,2021-06-10,2021-06-16,205698,1765,2744,28,203933,202954
2021-06-24,OR,2021-06-17,2021-06-23,207333,1635,2759,15,205698,204574
2021-07-01,OR,2021-06-24,2021-06-30,208641,1308,2774,15,207333,205867
2021-07-08,OR,2021-07-01,2021-07-07,209764,1123,2788,14,208641,206976
2021-07-15,OR,2021-07-08,2021-07-14,211316,1552,2803,15,209764,208513
2021-07-22,OR,2021-07-15,2021-07-21,213729,2413,2832,29,211316,210897
2021-07-29,OR,2021-07-22,2021-07-28,217689,3960,2848,16,213729,214841
2021-08-05,OR,2021-07-29,2021-08-04,224547,6858,2876,28,217689,221671
2021-08-12,OR,2021-08-05,2021-08-11,234393,9846,2918,42,224547,231475
2021-08-19,OR,2021-08-12,2021-08-18,247866,13473,2972,54,234393,244894
2021-08-26,OR,2021-08-19,2021-08-25,263164,15298,3086,114,247866,260078
2021-09-02,OR,2021-08-26,2021-09-01,279087,15923,3221,135,263164,275866
2021-09-09,OR,2021-09-02,2021-09-08,291978,12891,3373,152,279087,288605
2021-09-16,OR,2021-09-09,2021-09-15,305560,13582,3534,161,291978,302026
2021-09-23,OR,2021-09-16,2021-09-22,317107,11547,3649,115,305560,313458
2021-09-30,OR,2021-09-23,2021-09-29,328184,11077,3771,122,317107,324413
2021-10-07,OR,2021-09-30,2021-10-06,338131,9947,3900,129,328184,334231
2021-10-14,OR,2021-10-07,2021-10-13,346484,8353,4117,217,338131,342367
2021-10-21,OR,2021-10-14,2021-10-20,354676,8192,4234,117,346484,350442
2021-10-28,OR,2021-10-21,2021-10-27,362560,7884,4334,100,354676,358226
2021-11-04,OR,2021-10-28,2021-11-03,369817,7257,4469,135,362560,365348
2021-11-11,OR,2021-11-04,2021-11-10,376373,6556,4730,261,369817,371643
2021-11-18,OR,2021-11-11,2021-11-17,381842,5469,4874,144,376373,376968
2021-11-25,OR,2021-11-18,2021-11-24,387485,5643,5116,242,381842,382369
2021-12-02,OR,2021-11-25,2021-12-01,392197,4712,5186,70,387485,387011
2021-12-09,OR,2021-12-02,2021-12-08,398262,6065,5318,132,392197,392944
2021-12-16,OR,2021-12-09,2021-12-15,403328,5066,5507,189,398262,397821
2021-12-23,OR,2021-12-16,2021-12-22,409249,5921,5590,83,403328,403659
2021-12-30,OR,2021-12-23,2021-12-29,418333,9084,5640,50,409249,412693
2022-01-06,OR,2021-12-30,2022-01-05,441648,23315,5719,79,418333,435929
2022-01-13,OR,2022-01-06,2022-01-12,494946,53298,5845,126,441648,489101
2022-01-20,OR,2022-01-13,2022-01-19,549942,54996,5908,63,494946,544034
2022-01-27,OR,2022-01-20,2022-01-26,605363,55421,6048,140,549942,599315
2022-02-03,OR,2022-01-27,2022-02-02,643973,38610,6163,115,605363,637810
2022-02-10,OR,2022-02-03,2022-02-09,668782,24809,6322,159,643973,662460
2022-02-17,OR,2022-02-10,2022-02-16,682565,13783,6416,94,668782,676149
2022-02-24,OR,2022-02-17,2022-02-23,690480,7915,6519,103,682565,683961
2022-03-03,OR,2022-02-24,2022-03-02,695322,4842,6652,133,690480,688670
2022-03-10,OR,2022-03-03,2022-03-09,698493,3171,6800,148,695322,691693
2022-03-17,OR,2022-03-10,2022-03-16,700655,2162,6934,134,698493,693721
2022-03-24,OR,2022-03-17,2022-03-23,702284,1629,7011,77,700655,695273
2022-03-31,OR,2022-03-24,2022-03-30,703839,1555,7139,128,702284,696700
2022-04-07,OR,2022-03-31,2022-04-06,705816,1977,7225,86,703839,698591
2022-04-14,OR,2022-04-07,2022-04-13,708521,2705,7402,177,705816,701119
2022-04-21,OR,2022-04-14,2022-04-20,712685,4164,7465,63,708521,705220
2022-04-28,OR,2022-04-21,2022-04-27,718630,5945,7498,33,712685,711132
2022-05-05,OR,2022-04-28,2022-05-04,726611,7981,7518,20,718630,719093
2022-05-12,OR,2022-05-05,2022-05-11,735464,8853,7547,29,726611,727917
2022-05-19,OR,2022-05-12,2022-05-18,745723,10259,7568,21,735464,738155
2022-05-26,OR,2022-05-19,2022-05-25,757209,11486,7607,39,745723,749602
2022-06-02,OR,2022-05-26,2022-06-01,767285,10076,7639,32,757209,759646
2022-06-09,OR,2022-06-02,2022-06-08,777699,10414,7682,43,767285,770017
2022-06-16,OR,2022-06-09,2022-06-15,788127,10428,7720,38,777699,780407
2022-06-23,OR,2022-06-16,2022-06-22,798052,9925,7744,24,788127,790308
2022-06-30,OR,2022-06-23,2022-06-29,809826,11774,7807,63,798052,802019
2022-07-07,OR,2022-06-30,2022-07-06,819678,9852,7836,29,809826,811842
2022-07-14,OR,2022-07-07,2022-07-13,830059,10381,7884,48,819678,822175
2022-07-21,OR,2022-07-14,2022-07-20,839294,9235,7983,99,830059,831311
2022-07-28,OR,2022-07-21,2022-07-27,848045,8751,8061,78,839294,839984
2022-08-04,OR,2022-07-28,2022-08-03,856228,8183,8175,114,848045,848053
2022-08-11,OR,2022-08-04,2022-08-10,863044,6816,8252,77,856228,854792
2022-08-18,OR,2022-08-11,2022-08-17,868903,5859,8325,73,863044,860578
2022-08-25,OR,2022-08-18,2022-08-24,873957,5054,8365,40,868903,865592
2022-09-01,OR,2022-08-25,2022-08-31,878149,4192,8412,47,873957,869737
2022-09-08,OR,2022-09-01,2022-09-07,881996,3847,8454,42,878149,873542
2022-09-15,OR,2022-09-08,2022-09-14,885962,3966,8492,38,881996,877470
2022-09-22,OR,2022-09-15,2022-09-21,890506,4544,8520,28,885962,881986
2022-09-29,OR,2022-09-22,2022-09-28,894776,4270,8561,41,890506,886215
2022-10-06,OR,2022-09-29,2022-10-05,899013,4237,8590,29,894776,890423
2022-10-13,OR,2022-10-06,2022-10-12,902319,3306,8621,31,899013,893698
2022-10-20,OR,2022-10-13,2022-10-19,905873,3554,8645,24,902319,897228
2022-10-27,OR,2022-10-20,2022-10-26,908181,2308,8680,35,905873,899501
2022-11-03,OR,2022-10-27,2022-11-02,910693,2512,8726,46,908181,901967
2022-11-10,OR,2022-11-03,2022-11-09,913809,3116,8743,17,910693,905066
2022-11-17,OR,2022-11-10,2022-11-16,917164,3355,8787,44,913809,908377
2022-11-24,OR,2022-11-17,2022-11-23,920718,3554,8824,37,917164,911894
2022-12-01,OR,2022-11-24,2022-11-30,924632,3914,8864,40,920718,915768
2022-12-08,OR,2022-12-01,2022-12-07,929127,4495,8892,28,924632,920235
2022-12-15,OR,2022-12-08,2022-12-14,933108,3981,8935,43,929127,924173
2022-12-22,OR,2022-12-15,2022-12-21,936721,3613,8948,13,933108,927773
2022-12-29,OR,2022-12-22,2022-12-28,939303,2582,8962,14,936721,930341
2023-01-05,OR,2022-12-29,2023-01-04,942121,2818,9024,62,939303,933097
2023-01-12,OR,2023-01-05,2023-01-11,944622,2501,9078,54,942121,935544
2023-01-19,OR,2023-01-12,2023-01-18,946727,2105,9141,63,944622,937586
2023-01-26,OR,2023-01-19,2023-01-25,948901,2174,9164,23,946727,939737
2023-02-02,OR,2023-01-26,2023-02-01,951465,2564,9231,67,948901,942234
2023-02-09,OR,2023-02-02,2023-02-08,954077,2612,9250,19,951465,944827
2023-02-16,OR,2023-02-09,2023-02-15,956770,2693,9295,45,954077,947475
2023-02-23,OR,2023-02-16,2023-02-22,959393,2623,9334,39,956770,950059
2023-03-02,OR,2023-02-23,2023-03-01,961523,2130,9360,26,959393,952163
2023-03-09,OR,2023-03-02,2023-03-08,963564,2041,9372,12,961523,954192
2023-03-16,OR,2023-03-09,2023-03-15,965285,1721,9426,54,963564,955859
2023-03-23,OR,2023-03-16,2023-03-22,967155,1870,9445,19,965285,957710
2023-03-30,OR,2023-03-23,2023-03-29,968789,1634,9470,25,967155,959319
2023-04-06,OR,2023-03-30,2023-04-05,970148,1359,9479,9,968789,960669
2023-04-13,OR,2023-04-06,2023-04-12,971436,1288,9526,47,970148,961910
2023-04-20,OR,2023-04-13,2023-04-19,972660,1224,9529,3,971436,963131
2023-04-27,OR,2023-04-20,2023-04-26,973867,1207,9538,9,972660,964329
2023-05-04,OR,2023-04-27,2023-05-03,974924,1057,9544,6,973867,965380
2023-05-11,OR,2023-05-04,2023-05-10,975856,932,9550,6,974924,966306
2020-01-23,PA,2020-01-16,2020-01-22,0,0,0,0,0,0
2020-01-30,PA,2020-01-23,2020-01-29,0,0,0,0,0,0
2020-02-06,PA,2020-01-30,2020-02-05,0,0,0,0,0,0
2020-02-13,PA,2020-02-06,2020-02-12,0,0,0,0,0,0
2020-02-20,PA,2020-02-13,2020-02-19,0,0,0,0,0,0
2020-02-27,PA,2020-02-20,2020-02-26,0,0,0,0,0,0
2020-03-05,PA,2020-02-27,2020-03-04,0,0,0,0,0,0
2020-03-12,PA,2020-03-05,2020-03-11,18,18,0,0,0,18
2020-03-19,PA,2020-03-12,2020-03-18,159,141,1,1,18,158
2020-03-26,PA,2020-03-19,2020-03-25,1257,1098,16,15,159,1241
2020-04-02,PA,2020-03-26,2020-04-01,5948,4691,89,73,1257,5859
2020-04-09,PA,2020-04-02,2020-04-08,16428,10480,424,335,5948,16004
2020-04-16,PA,2020-04-09,2020-04-15,26831,10403,931,507,16428,25900
2020-04-23,PA,2020-04-16,2020-04-22,36406,9575,1917,986,26831,34489
2020-04-30,PA,2020-04-23,2020-04-29,46355,9949,2757,840,36406,43598
2020-05-07,PA,2020-04-30,2020-05-06,54826,8471,3652,895,46355,51174
2020-05-14,PA,2020-05-07,2020-05-13,61995,7169,4348,696,54826,57647
2020-05-21,PA,2020-05-14,2020-05-20,67831,5836,4997,649,61995,62834
2020-05-28,PA,2020-05-21,2020-05-27,72967,5136,5479,482,67831,67488
2020-06-04,PA,2020-05-28,2020-06-03,77106,4139,5918,439,72967,71188
2020-06-11,PA,2020-06-04,2020-06-10,80566,3460,6189,271,77106,74377
2020-06-18,PA,2020-06-11,2020-06-17,83559,2993,6427,238,80566,77132
2020-06-25,PA,2020-06-18,2020-06-24,86992,3433,6603,176,83559,80389
2020-07-02,PA,2020-06-25,2020-07-01,91078,4086,6760,157,86992,84318
2020-07-09,PA,2020-07-02,2020-07-08,96111,5033,6887,127,91078,89224
2020-07-16,PA,2020-07-09,2020-07-15,101567,5456,7025,138,96111,94542
2020-07-23,PA,2020-07-16,2020-07-22,107543,5976,7131,106,101567,100412
2020-07-30,PA,2020-07-23,2020-07-29,114198,6655,7228,97,107543,106970
2020-08-06,PA,2020-07-30,2020-08-05,119806,5608,7312,84,114198,112494
2020-08-13,PA,2020-08-06,2020-08-12,125306,5500,7452,140,119806,117854
2020-08-20,PA,2020-08-13,2020-08-19,130414,5108,7571,119,125306,122843
2020-08-27,PA,2020-08-20,2020-08-26,134852,4438,7670,99,130414,127182
2020-09-03,PA,2020-08-27,2020-09-02,140121,5269,7763,93,134852,132358
2020-09-10,PA,2020-09-03,2020-09-09,145827,5706,7859,96,140121,137968
2020-09-17,PA,2020-09-10,2020-09-16,151603,5776,7954,95,145827,143649
2020-09-24,PA,2020-09-17,2020-09-23,157170,5567,8103,149,151603,149067
2020-10-01,PA,2020-09-24,2020-09-30,163900,6730,8181,78,157170,155719
2020-10-08,PA,2020-10-01,2020-10-07,171388,7488,8311,130,163900,163077
2020-10-15,PA,2020-10-08,2020-10-14,180715,9327,8446,135,171388,172269
2020-10-22,PA,2020-10-15,2020-10-21,191403,10688,8598,152,180715,182805
2020-10-29,PA,2020-10-22,2020-10-28,205862,14459,8755,157,191403,197107
2020-11-05,PA,2020-10-29,2020-11-04,223168,17306,8926,171,205862,214242
2020-11-12,PA,2020-11-05,2020-11-11,249428,26260,9197,271,223168,240231
2020-11-19,PA,2020-11-12,2020-11-18,288831,39403,9544,347,249428,279287
2020-11-26,PA,2020-11-19,2020-11-25,335401,46570,10189,645,288831,325212
2020-12-03,PA,2020-11-26,2020-12-02,383879,48478,10881,692,335401,372998
2020-12-10,PA,2020-12-03,2020-12-09,453464,69585,11919,1038,383879,441545
2020-12-17,PA,2020-12-10,2020-12-16,527869,74405,13333,1414,453464,514536
2020-12-24,PA,2020-12-17,2020-12-23,589711,61842,14663,1330,527869,575048
2020-12-31,PA,2020-12-24,2020-12-30,640139,50428,15926,1263,589711,624213
2021-01-07,PA,2020-12-31,2021-01-06,692078,51939,17165,1239,640139,674913
2021-01-14,PA,2021-01-07,2021-01-13,750146,58068,18628,1463,692078,731518
2021-01-21,PA,2021-01-14,2021-01-20,791402,41256,20027,1399,750146,771375
2021-01-28,PA,2021-01-21,2021-01-27,826816,35414,21243,1216,791402,805573
2021-02-04,PA,2021-01-28,2021-02-03,861942,35126,22083,840,826816,839859
2021-02-11,PA,2021-02-04,2021-02-10,888820,26878,22860,777,861942,865960
2021-02-18,PA,2021-02-11,2021-02-17,910535,21715,23422,562,888820,887113
2021-02-25,PA,2021-02-18,2021-02-24,928568,18033,23869,447,910535,904699
2021-03-04,PA,2021-02-25,2021-03-03,946717,18149,24239,370,928568,922478
2021-03-11,PA,2021-03-04,2021-03-10,964252,17535,24512,273,946717,939740
2021-03-18,PA,2021-03-11,2021-03-17,982915,18663,24746,234,964252,958169
2021-03-25,PA,2021-03-18,2021-03-24,1006271,23356,24945,199,982915,981326
2021-04-01,PA,2021-03-25,2021-03-31,1035284,29013,25161,216,1006271,1010123
2021-04-08,PA,2021-04-01,2021-04-07,1065333,30049,25364,203,1035284,1039969
2021-04-15,PA,2021-04-08,2021-04-14,1099334,34001,25616,252,1065333,1073718
2021-04-22,PA,2021-04-15,2021-04-21,1130118,30784,25925,309,1099334,1104193
2021-04-29,PA,2021-04-22,2021-04-28,1154938,24820,26221,296,1130118,1128717
2021-05-06,PA,2021-04-29,2021-05-05,1176567,21629,26501,280,1154938,1150066
2021-05-13,PA,2021-05-06,2021-05-12,1191857,15290,26750,249,1176567,1165107
2021-05-20,PA,2021-05-13,2021-05-19,1202965,11108,26999,249,1191857,1175966
2021-05-27,PA,2021-05-20,2021-05-26,1211782,8817,27194,195,1202965,1184588
2021-06-03,PA,2021-05-27,2021-06-02,1216933,5151,27324,130,1211782,1189609
2021-06-10,PA,2021-06-03,2021-06-09,1220804,3871,27470,146,1216933,1193334
2021-06-17,PA,2021-06-10,2021-06-16,1223368,2564,27574,104,1220804,1195794
2021-06-24,PA,2021-06-17,2021-06-23,1225026,1658,27650,76,1223368,1197376
2021-07-01,PA,2021-06-24,2021-06-30,1226294,1268,27711,61,1225026,1198583
2021-07-08,PA,2021-07-01,2021-07-07,1227481,1187,27754,43,1226294,1199727
2021-07-15,PA,2021-07-08,2021-07-14,1229279,1798,27800,46,1227481,1201479
2021-07-22,PA,2021-07-15,2021-07-21,1232363,3084,27843,43,1229279,1204520
2021-07-29,PA,2021-07-22,2021-07-28,1237209,4846,27870,27,1232363,1209339
2021-08-05,PA,2021-07-29,2021-08-04,1245460,8251,27915,45,1237209,1217545
2021-08-12,PA,2021-08-05,2021-08-11,1257212,11752,27961,46,1245460,1229251
2021-08-19,PA,2021-08-12,2021-08-18,1272171,14959,28050,89,1257212,1244121
2021-08-26,PA,2021-08-19,2021-08-25,1292234,20063,28167,117,1272171,1264067
2021-09-02,PA,2021-08-26,2021-09-01,1315946,23712,28280,113,1292234,1287666
2021-09-09,PA,2021-09-02,2021-09-08,1341357,25411,28486,206,1315946,1312871
2021-09-16,PA,2021-09-09,2021-09-15,1371979,30622,28740,254,1341357,1343239
2021-09-23,PA,2021-09-16,2021-09-22,1405859,33880,29039,299,1371979,1376820
2021-09-30,PA,2021-09-23,2021-09-29,1439395,33536,29359,320,1405859,1410036
2021-10-07,PA,2021-09-30,2021-10-06,1473402,34007,29759,400,1439395,1443643
2021-10-14,PA,2021-10-07,2021-10-13,1506895,33493,30265,506,1473402,1476630
2021-10-21,PA,2021-10-14,2021-10-20,1537523,30628,30752,487,1506895,1506771
2021-10-28,PA,2021-10-21,2021-10-27,1565193,27670,31226,474,1537523,1533967
2021-11-04,PA,2021-10-28,2021-11-03,1592178,26985,31740,514,1565193,1560438
2021-11-11,PA,2021-11-04,2021-11-10,1623786,31608,32212,472,1592178,1591574
2021-11-18,PA,2021-11-11,2021-11-17,1661272,37486,32654,442,1623786,1628618
2021-11-25,PA,2021-11-18,2021-11-24,1705734,44462,33126,472,1661272,1672608
2021-12-02,PA,2021-11-25,2021-12-01,1745788,40054,33564,438,1705734,1712224
2021-12-09,PA,2021-12-02,2021-12-08,1800424,54636,34235,671,1745788,1766189
2021-12-16,PA,2021-12-09,2021-12-15,1858289,57865,35041,806,1800424,1823248
2021-12-23,PA,2021-12-16,2021-12-22,1914742,56453,35828,787,1858289,1878914
2021-12-30,PA,2021-12-23,2021-12-29,1995095,80353,36565,737,1914742,1958530
2022-01-06,PA,2021-12-30,2022-01-05,2149881,154786,37223,658,1995095,2112658
2022-01-13,PA,2022-01-06,2022-01-12,2351053,201172,38254,1031,2149881,2312799
2022-01-20,PA,2022-01-13,2022-01-19,2507761,156708,38945,691,2351053,2468816
2022-01-27,PA,2022-01-20,2022-01-26,2606904,99143,40100,1155,2507761,2566804
2022-02-03,PA,2022-01-27,2022-02-02,2675788,68884,41136,1036,2606904,2634652
2022-02-10,PA,2022-02-03,2022-02-09,2710244,34456,41957,821,2675788,2668287
2022-02-17,PA,2022-02-10,2022-02-16,2732800,22556,42577,620,2710244,2690223
2022-02-24,PA,2022-02-17,2022-02-23,2749362,16562,43018,441,2732800,2706344
2022-03-03,PA,2022-02-24,2022-03-02,2759297,9935,43409,391,2749362,2715888
2022-03-10,PA,2022-03-03,2022-03-09,2766203,6906,43707,298,2759297,2722496
2022-03-17,PA,2022-03-10,2022-03-16,2771669,5466,43928,221,2766203,2727741
2022-03-24,PA,2022-03-17,2022-03-23,2775910,4241,44077,149,2771669,2731833
2022-03-31,PA,2022-03-24,2022-03-30,2780236,4326,44208,131,2775910,2736028
2022-04-07,PA,2022-03-31,2022-04-06,2785093,4857,44312,104,2780236,2740781
2022-04-14,PA,2022-04-07,2022-04-13,2792077,6984,44381,69,2785093,2747696
2022-04-21,PA,2022-04-14,2022-04-20,2801522,9445,44487,106,2792077,2757035
2022-04-28,PA,2022-04-21,2022-04-27,2812823,11301,44564,77,2801522,2768259
2022-05-05,PA,2022-04-28,2022-05-04,2827827,15004,44657,93,2812823,2783170
2022-05-12,PA,2022-05-05,2022-05-11,2849853,22026,44735,78,2827827,2805118
2022-05-19,PA,2022-05-12,2022-05-18,2877616,27763,44814,79,2849853,2832802
2022-05-26,PA,2022-05-19,2022-05-25,2908253,30637,45050,236,2877616,2863203
2022-06-02,PA,2022-05-26,2022-06-01,2932594,24341,45154,104,2908253,2887440
2022-06-09,PA,2022-06-02,2022-06-08,2954806,22212,45302,148,2932594,2909504
2022-06-16,PA,2022-06-09,2022-06-15,2972282,17476,45447,145,2954806,2926835
2022-06-23,PA,2022-06-16,2022-06-22,2987470,15188,45547,100,2972282,2941923
2022-06-30,PA,2022-06-23,2022-06-29,3001382,13912,45610,63,2987470,2955772
2022-07-07,PA,2022-06-30,2022-07-06,3018396,17014,45718,108,3001382,2972678
2022-07-14,PA,2022-07-07,2022-07-13,3038167,19771,45847,129,3018396,2992320
2022-07-21,PA,2022-07-14,2022-07-20,3058253,20086,45936,89,3038167,3012317
2022-07-28,PA,2022-07-21,2022-07-27,3083286,25033,46073,137,3058253,3037213
2022-08-04,PA,2022-07-28,2022-08-03,3105254,21968,46163,90,3083286,3059091
2022-08-11,PA,2022-08-04,2022-08-10,3125912,20658,46286,123,3105254,3079626
2022-08-18,PA,2022-08-11,2022-08-17,3147414,21502,46403,117,3125912,3101011
2022-08-25,PA,2022-08-18,2022-08-24,3167636,20222,46501,98,3147414,3121135
2022-09-01,PA,2022-08-25,2022-08-31,3185916,18280,46608,107,3167636,3139308
2022-09-08,PA,2022-09-01,2022-09-07,3202876,16960,46762,154,3185916,3156114
2022-09-15,PA,2022-09-08,2022-09-14,3221810,18934,46893,131,3202876,3174917
2022-09-22,PA,2022-09-15,2022-09-21,3239101,17291,47022,129,3221810,3192079
2022-09-29,PA,2022-09-22,2022-09-28,3254348,15247,47139,117,3239101,3207209
2022-10-06,PA,2022-09-29,2022-10-05,3267127,12779,47257,118,3254348,3219870
2022-10-13,PA,2022-10-06,2022-10-12,3280509,13382,47366,109,3267127,3233143
2022-10-20,PA,2022-10-13,2022-10-19,3292643,12134,47496,130,3280509,3245147
2022-10-27,PA,2022-10-20,2022-10-26,3304938,12295,47634,138,3292643,3257304
2022-11-03,PA,2022-10-27,2022-11-02,3318008,13070,47782,148,3304938,3270226
2022-11-10,PA,2022-11-03,2022-11-09,3330228,12220,47932,150,3318008,3282296
2022-11-17,PA,2022-11-10,2022-11-16,3340015,9787,48126,194,3330228,3291889
2022-11-24,PA,2022-11-17,2022-11-23,3350067,10052,48271,145,3340015,3301796
2022-12-01,PA,2022-11-24,2022-11-30,3360797,10730,48387,116,3350067,3312410
2022-12-08,PA,2022-12-01,2022-12-07,3374733,13936,48527,140,3360797,3326206
2022-12-15,PA,2022-12-08,2022-12-14,3388571,13838,48662,135,3374733,3339909
2022-12-22,PA,2022-12-15,2022-12-21,3403177,14606,48798,136,3388571,3354379
2022-12-29,PA,2022-12-22,2022-12-28,3416142,12965,48892,94,3403177,3367250
2023-01-05,PA,2022-12-29,2023-01-04,3431861,15719,49034,142,3416142,3382827
2023-01-12,PA,2023-01-05,2023-01-11,3447091,15230,49263,229,3431861,3397828
2023-01-19,PA,2023-01-12,2023-01-18,3458136,11045,49397,134,3447091,3408739
2023-01-26,PA,2023-01-19,2023-01-25,3469076,10940,49633,236,3458136,3419443
2023-02-02,PA,2023-01-26,2023-02-01,3479345,10269,49791,158,3469076,3429554
2023-02-09,PA,2023-02-02,2023-02-08,3490499,11154,49920,129,3479345,3440579
2023-02-16,PA,2023-02-09,2023-02-15,3501712,11213,50055,135,3490499,3451657
2023-02-23,PA,2023-02-16,2023-02-22,3512137,10425,50168,113,3501712,3461969
2023-03-02,PA,2023-02-23,2023-03-01,3520813,8676,50281,113,3512137,3470532
2023-03-09,PA,2023-03-02,2023-03-08,3527854,7041,50398,117,3520813,3477456
2023-03-16,PA,2023-03-09,2023-03-15,3533937,6083,50517,119,3527854,3483420
2023-03-23,PA,2023-03-16,2023-03-22,3539135,5198,50623,106,3533937,3488512
2023-03-30,PA,2023-03-23,2023-03-29,3543923,4788,50713,90,3539135,3493210
2023-04-06,PA,2023-03-30,2023-04-05,3547967,4044,50780,67,3543923,3497187
2023-04-13,PA,2023-04-06,2023-04-12,3551440,3473,50860,80,3547967,3500580
2023-04-20,PA,2023-04-13,2023-04-19,3554128,2688,50946,86,3551440,3503182
2023-04-27,PA,2023-04-20,2023-04-26,3556028,1900,50999,53,3554128,3505029
2023-05-04,PA,2023-04-27,2023-05-03,3557354,1326,51042,43,3556028,3506312
2023-05-11,PA,2023-05-04,2023-05-10,3559331,1977,51047,5,3557354,3508284
2020-01-23,PR,2020-01-16,2020-01-22,0,0,0,0,0,0
2020-01-30,PR,2020-01-23,2020-01-29,0,0,0,0,0,0
2020-02-06,PR,2020-01-30,2020-02-05,0,0,0,0,0,0
2020-02-13,PR,2020-02-06,2020-02-12,0,0,0,0,0,0
2020-02-20,PR,2020-02-13,2020-02-19,0,0,0,0,0,0
2020-02-27,PR,2020-02-20,2020-02-26,0,0,0,0,0,0
2020-03-05,PR,2020-02-27,2020-03-04,0,0,0,0,0,0
2020-03-12,PR,2020-03-05,2020-03-11,0,0,0,0,0,0
2020-03-19,PR,2020-03-12,2020-03-18,5,5,0,0,0,5
2020-03-26,PR,2020-03-19,2020-03-25,51,46,2,2,5,49
2020-04-02,PR,2020-03-26,2020-04-01,286,235,11,9,51,275
2020-04-09,PR,2020-04-02,2020-04-08,620,334,24,13,286,596
2020-04-16,PR,2020-04-09,2020-04-15,870,250,51,27,620,819
2020-04-23,PR,2020-04-16,2020-04-22,870,0,64,13,870,806
2020-04-30,PR,2020-04-23,2020-04-29,897,27,86,22,870,811
2020-05-07,PR,2020-04-30,2020-05-06,997,100,99,13,897,898
2020-05-14,PR,2020-05-07,2020-05-13,1053,56,115,16,997,938
2020-05-21,PR,2020-05-14,2020-05-20,1198,145,125,10,1053,1073
2020-05-28,PR,2020-05-21,2020-05-27,1245,47,129,4,1198,1116
2020-06-04,PR,2020-05-28,2020-06-03,1294,49,140,11,1245,1154
2020-06-11,PR,2020-06-04,2020-06-10,1381,87,143,3,1294,1238
2020-06-18,PR,2020-06-11,2020-06-17,1475,94,147,4,1381,1328
2020-06-25,PR,2020-06-18,2020-06-24,1576,101,149,2,1475,1427
2020-07-02,PR,2020-06-25,2020-07-01,1729,153,153,4,1576,1576
2020-07-09,PR,2020-07-02,2020-07-08,2171,442,159,6,1729,2012
2020-07-16,PR,2020-07-09,2020-07-15,3042,871,171,12,2171,2871
2020-07-23,PR,2020-07-16,2020-07-22,4330,1288,185,14,3042,4145
2020-07-30,PR,2020-07-23,2020-07-29,5700,1370,211,26,4330,5489
2020-08-06,PR,2020-07-30,2020-08-05,7684,1984,246,35,5700,7438
2020-08-13,PR,2020-08-06,2020-08-12,10169,2485,295,49,7684,9874
2020-08-20,PR,2020-08-13,2020-08-19,12453,2284,356,61,10169,12097
2020-08-27,PR,2020-08-20,2020-08-26,14008,1555,404,48,12453,13604
2020-09-03,PR,2020-08-27,2020-09-02,15935,1927,443,39,14008,15492
2020-09-10,PR,2020-09-03,2020-09-09,16791,856,500,57,15935,16291
2020-09-17,PR,2020-09-10,2020-09-16,18255,1464,570,70,16791,17685
2020-09-24,PR,2020-09-17,2020-09-23,20437,2182,617,47,18255,19820
2020-10-01,PR,2020-09-24,2020-09-30,24001,3564,661,44,20437,23340
2020-10-08,PR,2020-10-01,2020-10-07,25658,1657,705,44,24001,24953
2020-10-15,PR,2020-10-08,2020-10-14,27629,1971,742,37,25658,26887
2020-10-22,PR,2020-10-15,2020-10-21,29714,2085,774,32,27629,28940
2020-10-29,PR,2020-10-22,2020-10-28,32528,2814,813,39,29714,31715
2020-11-05,PR,2020-10-29,2020-11-04,35807,3279,850,37,32528,34957
2020-11-12,PR,2020-11-05,2020-11-11,39120,3313,901,51,35807,38219
2020-11-19,PR,2020-11-12,2020-11-18,43910,4790,971,70,39120,42939
2020-11-26,PR,2020-11-19,2020-11-25,48725,4815,1052,81,43910,47673
2020-12-03,PR,2020-11-26,2020-12-02,53708,4983,1144,92,48725,52564
2020-12-10,PR,2020-12-03,2020-12-09,58962,5254,1219,75,53708,57743
2020-12-17,PR,2020-12-10,2020-12-16,63686,4724,1312,93,58962,62374
2020-12-24,PR,2020-12-17,2020-12-23,70808,7122,1423,111,63686,69385
2020-12-31,PR,2020-12-24,2020-12-30,76291,5483,1503,80,70808,74788
2021-01-07,PR,2020-12-31,2021-01-06,79903,3612,1588,85,76291,78315
2021-01-14,PR,2021-01-07,2021-01-13,84816,4913,1679,91,79903,83137
2021-01-21,PR,2021-01-14,2021-01-20,88728,3912,1732,53,84816,86996
2021-01-28,PR,2021-01-21,2021-01-27,92541,3813,1801,69,88728,90740
2021-02-04,PR,2021-01-28,2021-02-03,94984,2443,1861,60,92541,93123
2021-02-11,PR,2021-02-04,2021-02-10,96636,1652,1902,41,94984,94734
2021-02-18,PR,2021-02-11,2021-02-17,98508,1872,1940,38,96636,96568
2021-02-25,PR,2021-02-18,2021-02-24,99620,1112,2016,76,98508,97604
2021-03-04,PR,2021-02-25,2021-03-03,100867,1247,2053,37,99620,98814
2021-03-11,PR,2021-03-04,2021-03-10,102054,1187,2071,18,100867,99983
2021-03-18,PR,2021-03-11,2021-03-17,103347,1293,2085,14,102054,101262
2021-03-25,PR,2021-03-18,2021-03-24,104968,1621,2103,18,103347,102865
2021-04-01,PR,2021-03-25,2021-03-31,107471,2503,2118,15,104968,105353
2021-04-08,PR,2021-04-01,2021-04-07,110679,3208,2141,23,107471,108538
2021-04-15,PR,2021-04-08,2021-04-14,117836,7157,2182,41,110679,115654
2021-04-22,PR,2021-04-15,2021-04-21,125212,7376,2238,56,117836,122974
2021-04-29,PR,2021-04-22,2021-04-28,130671,5459,2296,58,125212,128375
2021-05-06,PR,2021-04-29,2021-05-05,133848,3177,2348,52,130671,131500
2021-05-13,PR,2021-05-06,2021-05-12,135871,2023,2412,64,133848,133459
2021-05-20,PR,2021-05-13,2021-05-19,137153,1282,2461,49,135871,134692
2021-05-27,PR,2021-05-20,2021-05-26,138214,1061,2489,28,137153,135725
2021-06-03,PR,2021-05-27,2021-06-02,138798,584,2512,23,138214,136286
2021-06-10,PR,2021-06-03,2021-06-09,139189,391,2525,13,138798,136664
2021-06-17,PR,2021-06-10,2021-06-16,139490,301,2539,14,139189,136951
2021-06-24,PR,2021-06-17,2021-06-23,139801,311,2544,5,139490,137257
2021-07-01,PR,2021-06-24,2021-06-30,140055,254,2549,5,139801,137506
2021-07-08,PR,2021-07-01,2021-07-07,140433,378,2553,4,140055,137880
2021-07-15,PR,2021-07-08,2021-07-14,141099,666,2559,6,140433,138540
2021-07-22,PR,2021-07-15,2021-07-21,142358,1259,2566,7,141099,139792
2021-07-29,PR,2021-07-22,2021-07-28,144962,2604,2577,11,142358,142385
2021-08-05,PR,2021-07-29,2021-08-04,149357,4395,2594,17,144962,146763
2021-08-12,PR,2021-08-05,2021-08-11,154557,5200,2643,49,149357,151914
2021-08-19,PR,2021-08-12,2021-08-18,159863,5306,2702,59,154557,157161
2021-08-26,PR,2021-08-19,2021-08-25,167072,7209,2786,84,159863,164286
2021-09-02,PR,2021-08-26,2021-09-01,171555,4483,2884,98,167072,168671
2021-09-09,PR,2021-09-02,2021-09-08,175174,3619,2967,83,171555,172207
2021-09-16,PR,2021-09-09,2021-09-15,177986,2812,3055,88,175174,174931
2021-09-23,PR,2021-09-16,2021-09-22,179751,1765,3109,54,177986,176642
2021-09-30,PR,2021-09-23,2021-09-29,181187,1436,3149,40,179751,178038
2021-10-07,PR,2021-09-30,2021-10-06,182578,1391,3182,33,181187,179396
2021-10-14,PR,2021-10-07,2021-10-13,183377,799,3201,19,182578,180176
2021-10-21,PR,2021-10-14,2021-10-20,184181,804,3215,14,183377,180966
2021-10-28,PR,2021-10-21,2021-10-27,184878,697,3228,13,184181,181650
2021-11-04,PR,2021-10-28,2021-11-03,185589,711,3239,11,184878,182350
2021-11-11,PR,2021-11-04,2021-11-10,186458,869,3252,13,185589,183206
2021-11-18,PR,2021-11-11,2021-11-17,187205,747,3259,7,186458,183946
2021-11-25,PR,2021-11-18,2021-11-24,188015,810,3266,7,187205,184749
2021-12-02,PR,2021-11-25,2021-12-01,188606,591,3270,4,188015,185336
2021-12-09,PR,2021-12-02,2021-12-08,189495,889,3274,4,188606,186221
2021-12-16,PR,2021-12-09,2021-12-15,190269,774,3277,3,189495,186992
2021-12-23,PR,2021-12-16,2021-12-22,202750,12481,3287,10,190269,199463
2021-12-30,PR,2021-12-23,2021-12-29,243617,40867,3295,8,202750,240322
2022-01-06,PR,2021-12-30,2022-01-05,313182,69565,3324,29,243617,309858
2022-01-13,PR,2022-01-06,2022-01-12,374105,60923,3421,97,313182,370684
2022-01-20,PR,2022-01-13,2022-01-19,423655,49550,3563,142,374105,420092
2022-01-27,PR,2022-01-20,2022-01-26,448972,25317,3754,191,423655,445218
2022-02-03,PR,2022-01-27,2022-02-02,459638,10666,3887,133,448972,455751
2022-02-10,PR,2022-02-03,2022-02-09,466244,6606,3984,97,459638,462260
2022-02-17,PR,2022-02-10,2022-02-16,470180,3936,4055,71,466244,466125
2022-02-24,PR,2022-02-17,2022-02-23,472540,2360,4088,33,470180,468452
2022-03-03,PR,2022-02-24,2022-03-02,474143,1603,4122,34,472540,470021
2022-03-10,PR,2022-03-03,2022-03-09,475812,1669,4146,24,474143,471666
2022-03-17,PR,2022-03-10,2022-03-16,476848,1036,4152,6,475812,472696
2022-03-24,PR,2022-03-17,2022-03-23,478473,1625,4158,6,476848,474315
2022-03-31,PR,2022-03-24,2022-03-30,480515,2042,4166,8,478473,476349
2022-04-07,PR,2022-03-31,2022-04-06,483606,3091,4171,5,480515,479435
2022-04-14,PR,2022-04-07,2022-04-13,489653,6047,4182,11,483606,485471
2022-04-21,PR,2022-04-14,2022-04-20,499973,10320,4188,6,489653,495785
2022-04-28,PR,2022-04-21,2022-04-27,522860,22887,4195,7,499973,518665
2022-05-05,PR,2022-04-28,2022-05-04,550666,27806,4217,22,522860,546449
2022-05-12,PR,2022-05-05,2022-05-11,582216,31550,4240,23,550666,577976
2022-05-19,PR,2022-05-12,2022-05-18,620697,38481,4285,45,582216,616412
2022-05-26,PR,2022-05-19,2022-05-25,647141,26444,4330,45,620697,642811
2022-06-02,PR,2022-05-26,2022-06-01,672907,25766,4375,45,647141,668532
2022-06-09,PR,2022-06-02,2022-06-08,699571,26664,4420,45,672907,695151
2022-06-16,PR,2022-06-09,2022-06-15,723832,24261,4460,40,699571,719372
2022-06-23,PR,2022-06-16,2022-06-22,744853,21021,4504,44,723832,740349
2022-06-30,PR,2022-06-23,2022-06-29,768738,23885,4561,57,744853,764177
2022-07-07,PR,2022-06-30,2022-07-06,783205,14467,4603,42,768738,778602
2022-07-14,PR,2022-07-07,2022-07-13,806697,23492,4653,50,783205,802044
2022-07-21,PR,2022-07-14,2022-07-20,824108,17411,4700,47,806697,819408
2022-07-28,PR,2022-07-21,2022-07-27,841200,17092,4741,41,824108,836459
2022-08-04,PR,2022-07-28,2022-08-03,860097,18897,4784,43,841200,855313
2022-08-11,PR,2022-08-04,2022-08-10,879947,19850,4820,36,860097,875127
2022-08-18,PR,2022-08-11,2022-08-17,896405,16458,4880,60,879947,891525
2022-08-25,PR,2022-08-18,2022-08-24,910198,13793,4923,43,896405,905275
2022-09-01,PR,2022-08-25,2022-08-31,924047,13849,4971,48,910198,919076
2022-09-08,PR,2022-09-01,2022-09-07,934744,10697,5007,36,924047,929737
2022-09-15,PR,2022-09-08,2022-09-14,944406,9662,5053,46,934744,939353
2022-09-22,PR,2022-09-15,2022-09-21,948106,3700,5085,32,944406,943021
2022-09-29,PR,2022-09-22,2022-09-28,952813,4707,5129,44,948106,947684
2022-10-06,PR,2022-09-29,2022-10-05,960181,7368,5167,38,952813,955014
2022-10-13,PR,2022-10-06,2022-10-12,964869,4688,5193,26,960181,959676
2022-10-20,PR,2022-10-13,2022-10-19,970438,5569,5220,27,964869,965218
2022-10-27,PR,2022-10-20,2022-10-26,977157,6719,5243,23,970438,971914
2022-11-03,PR,2022-10-27,2022-11-02,983575,6418,5265,22,977157,978310
2022-11-10,PR,2022-11-03,2022-11-09,990366,6791,5285,20,983575,985081
2022-11-17,PR,2022-11-10,2022-11-16,996883,6517,5305,20,990366,991578
2022-11-24,PR,2022-11-17,2022-11-23,1004673,7790,5337,32,996883,999336
2022-12-01,PR,2022-11-24,2022-11-30,1011127,6454,5367,30,1004673,1005760
2022-12-08,PR,2022-12-01,2022-12-07,1021148,10021,5413,46,1011127,1015735
2022-12-15,PR,2022-12-08,2022-12-14,1030956,9808,5455,42,1021148,1025501
2022-12-22,PR,2022-12-15,2022-12-21,1040786,9830,5490,35,1030956,1035296
2022-12-29,PR,2022-12-22,2022-12-28,1049438,8652,5519,29,1040786,1043919
2023-01-05,PR,2022-12-29,2023-01-04,1056921,7483,5555,36,1049438,1051366
2023-01-12,PR,2023-01-05,2023-01-11,1063989,7068,5595,40,1056921,1058394
2023-01-19,PR,2023-01-12,2023-01-18,1071990,8001,5623,28,1063989,1066367
2023-01-26,PR,2023-01-19,2023-01-25,1078661,6671,5666,43,1071990,1072995
2023-02-02,PR,2023-01-26,2023-02-01,1084499,5838,5699,33,1078661,1078800
2023-02-09,PR,2023-02-02,2023-02-08,1088981,4482,5724,25,1084499,1083257
2023-02-16,PR,2023-02-09,2023-02-15,1092831,3850,5762,38,1088981,1087069
2023-02-23,PR,2023-02-16,2023-02-22,1095911,3080,5781,19,1092831,1090130
2023-03-02,PR,2023-02-23,2023-03-01,1098678,2767,5802,21,1095911,1092876
2023-03-09,PR,2023-03-02,2023-03-08,1101027,2349,5820,18,1098678,1095207
2023-03-16,PR,2023-03-09,2023-03-15,1103343,2316,5832,12,1101027,1097511
2023-03-23,PR,2023-03-16,2023-03-22,1105530,2187,5848,16,1103343,1099682
2023-03-30,PR,2023-03-23,2023-03-29,1107728,2198,5855,7,1105530,1101873
2023-04-06,PR,2023-03-30,2023-04-05,1109596,1868,5864,9,1107728,1103732
2023-04-13,PR,2023-04-06,2023-04-12,1111019,1423,5872,8,1109596,1105147
2023-04-20,PR,2023-04-13,2023-04-19,1113163,2144,5881,9,1111019,1107282
2023-04-27,PR,2023-04-20,2023-04-26,1115724,2561,5887,6,1113163,1109837
2023-05-04,PR,2023-04-27,2023-05-03,1118600,2876,5897,10,1115724,1112703
2023-05-11,PR,2023-05-04,2023-05-10,1122076,3476,5908,11,1118600,1116168
2020-01-23,PW,2020-01-16,2020-01-22,0,0,0,0,0,0
2020-01-30,PW,2020-01-23,2020-01-29,0,0,0,0,0,0
2020-02-06,PW,2020-01-30,2020-02-05,0,0,0,0,0,0
2020-02-13,PW,2020-02-06,2020-02-12,0,0,0,0,0,0
2020-02-20,PW,2020-02-13,2020-02-19,0,0,0,0,0,0
2020-02-27,PW,2020-02-20,2020-02-26,0,0,0,0,0,0
2020-03-05,PW,2020-02-27,2020-03-04,0,0,0,0,0,0
2020-03-12,PW,2020-03-05,2020-03-11,0,0,0,0,0,0
2020-03-19,PW,2020-03-12,2020-03-18,0,0,0,0,0,0
2020-03-26,PW,2020-03-19,2020-03-25,0,0,0,0,0,0
2020-04-02,PW,2020-03-26,2020-04-01,0,0,0,0,0,0
2020-04-09,PW,2020-04-02,2020-04-08,0,0,0,0,0,0
2020-04-16,PW,2020-04-09,2020-04-15,0,0,0,0,0,0
2020-04-23,PW,2020-04-16,2020-04-22,0,0,0,0,0,0
2020-04-30,PW,2020-04-23,2020-04-29,0,0,0,0,0,0
2020-05-07,PW,2020-04-30,2020-05-06,0,0,0,0,0,0
2020-05-14,PW,2020-05-07,2020-05-13,0,0,0,0,0,0
2020-05-21,PW,2020-05-14,2020-05-20,0,0,0,0,0,0
2020-05-28,PW,2020-05-21,2020-05-27,0,0,0,0,0,0
2020-06-04,PW,2020-05-28,2020-06-03,0,0,0,0,0,0
2020-06-11,PW,2020-06-04,2020-06-10,0,0,0,0,0,0
2020-06-18,PW,2020-06-11,2020-06-17,0,0,0,0,0,0
2020-06-25,PW,2020-06-18,2020-06-24,0,0,0,0,0,0
2020-07-02,PW,2020-06-25,2020-07-01,0,0,0,0,0,0
2020-07-09,PW,2020-07-02,2020-07-08,0,0,0,0,0,0
2020-07-16,PW,2020-07-09,2020-07-15,0,0,0,0,0,0
2020-07-23,PW,2020-07-16,2020-07-22,0,0,0,0,0,0
2020-07-30,PW,2020-07-23,2020-07-29,0,0,0,0,0,0
2020-08-06,PW,2020-07-30,2020-08-05,0,0,0,0,0,0
2020-08-13,PW,2020-08-06,2020-08-12,0,0,0,0,0,0
2020-08-20,PW,2020-08-13,2020-08-19,0,0,0,0,0,0
2020-08-27,PW,2020-08-20,2020-08-26,0,0,0,0,0,0
2020-09-03,PW,2020-08-27,2020-09-02,0,0,0,0,0,0
2020-09-10,PW,2020-09-03,2020-09-09,0,0,0,0,0,0
2020-09-17,PW,2020-09-10,2020-09-16,0,0,0,0,0,0
2020-09-24,PW,2020-09-17,2020-09-23,0,0,0,0,0,0
2020-10-01,PW,2020-09-24,2020-09-30,0,0,0,0,0,0
2020-10-08,PW,2020-10-01,2020-10-07,0,0,0,0,0,0
2020-10-15,PW,2020-10-08,2020-10-14,0,0,0,0,0,0
2020-10-22,PW,2020-10-15,2020-10-21,0,0,0,0,0,0
2020-10-29,PW,2020-10-22,2020-10-28,0,0,0,0,0,0
2020-11-05,PW,2020-10-29,2020-11-04,0,0,0,0,0,0
2020-11-12,PW,2020-11-05,2020-11-11,0,0,0,0,0,0
2020-11-19,PW,2020-11-12,2020-11-18,0,0,0,0,0,0
2020-11-26,PW,2020-11-19,2020-11-25,0,0,0,0,0,0
2020-12-03,PW,2020-11-26,2020-12-02,0,0,0,0,0,0
2020-12-10,PW,2020-12-03,2020-12-09,0,0,0,0,0,0
2020-12-17,PW,2020-12-10,2020-12-16,0,0,0,0,0,0
2020-12-24,PW,2020-12-17,2020-12-23,0,0,0,0,0,0
2020-12-31,PW,2020-12-24,2020-12-30,0,0,0,0,0,0
2021-01-07,PW,2020-12-31,2021-01-06,0,0,0,0,0,0
2021-01-14,PW,2021-01-07,2021-01-13,0,0,0,0,0,0
2021-01-21,PW,2021-01-14,2021-01-20,0,0,0,0,0,0
2021-01-28,PW,2021-01-21,2021-01-27,0,0,0,0,0,0
2021-02-04,PW,2021-01-28,2021-02-03,0,0,0,0,0,0
2021-02-11,PW,2021-02-04,2021-02-10,0,0,0,0,0,0
2021-02-18,PW,2021-02-11,2021-02-17,0,0,0,0,0,0
2021-02-25,PW,2021-02-18,2021-02-24,0,0,0,0,0,0
2021-03-04,PW,2021-02-25,2021-03-03,0,0,0,0,0,0
2021-03-11,PW,2021-03-04,2021-03-10,0,0,0,0,0,0
2021-03-18,PW,2021-03-11,2021-03-17,0,0,0,0,0,0
2021-03-25,PW,2021-03-18,2021-03-24,0,0,0,0,0,0
2021-04-01,PW,2021-03-25,2021-03-31,0,0,0,0,0,0
2021-04-08,PW,2021-04-01,2021-04-07,0,0,0,0,0,0
2021-04-15,PW,2021-04-08,2021-04-14,0,0,0,0,0,0
2021-04-22,PW,2021-04-15,2021-04-21,0,0,0,0,0,0
2021-04-29,PW,2021-04-22,2021-04-28,0,0,0,0,0,0
2021-05-06,PW,2021-04-29,2021-05-05,0,0,0,0,0,0
2021-05-13,PW,2021-05-06,2021-05-12,0,0,0,0,0,0
2021-05-20,PW,2021-05-13,2021-05-19,0,0,0,0,0,0
2021-05-27,PW,2021-05-20,2021-05-26,0,0,0,0,0,0
2021-06-03,PW,2021-05-27,2021-06-02,1,1,0,0,0,1
2021-06-10,PW,2021-06-03,2021-06-09,1,0,0,0,1,1
2021-06-17,PW,2021-06-10,2021-06-16,2,1,0,0,1,2
2021-06-24,PW,2021-06-17,2021-06-23,2,0,0,0,2,2
2021-07-01,PW,2021-06-24,2021-06-30,2,0,0,0,2,2
2021-07-08,PW,2021-07-01,2021-07-07,2,0,0,0,2,2
2021-07-15,PW,2021-07-08,2021-07-14,2,0,0,0,2,2
2021-07-22,PW,2021-07-15,2021-07-21,2,0,0,0,2,2
2021-07-29,PW,2021-07-22,2021-07-28,2,0,0,0,2,2
2021-08-05,PW,2021-07-29,2021-08-04,2,0,0,0,2,2
2021-08-12,PW,2021-08-05,2021-08-11,2,0,0,0,2,2
2021-08-19,PW,2021-08-12,2021-08-18,2,0,0,0,2,2
2021-08-26,PW,2021-08-19,2021-08-25,4,2,0,0,2,4
2021-09-02,PW,2021-08-26,2021-09-01,4,0,0,0,4,4
2021-09-09,PW,2021-09-02,2021-09-08,4,0,0,0,4,4
2021-09-16,PW,2021-09-09,2021-09-15,7,3,0,0,4,7
2021-09-23,PW,2021-09-16,2021-09-22,7,0,0,0,7,7
2021-09-30,PW,2021-09-23,2021-09-29,7,0,0,0,7,7
2021-10-07,PW,2021-09-30,2021-10-06,7,0,0,0,7,7
2021-10-14,PW,2021-10-07,2021-10-13,10,3,0,0,7,10
2021-10-21,PW,2021-10-14,2021-10-20,10,0,0,0,10,10
2021-10-28,PW,2021-10-21,2021-10-27,10,0,0,0,10,10
2021-11-04,PW,2021-10-28,2021-11-03,10,0,0,0,10,10
2021-11-11,PW,2021-11-04,2021-11-10,10,0,0,0,10,10
2021-11-18,PW,2021-11-11,2021-11-17,10,0,0,0,10,10
2021-11-25,PW,2021-11-18,2021-11-24,10,0,0,0,10,10
2021-12-02,PW,2021-11-25,2021-12-01,10,0,0,0,10,10
2021-12-09,PW,2021-12-02,2021-12-08,10,0,0,0,10,10
2021-12-16,PW,2021-12-09,2021-12-15,10,0,0,0,10,10
2021-12-23,PW,2021-12-16,2021-12-22,10,0,0,0,10,10
2021-12-30,PW,2021-12-23,2021-12-29,12,2,0,0,10,12
2022-01-06,PW,2021-12-30,2022-01-05,19,7,0,0,12,19
2022-01-13,PW,2022-01-06,2022-01-12,31,12,0,0,19,31
2022-01-20,PW,2022-01-13,2022-01-19,192,161,0,0,31,192
2022-01-27,PW,2022-01-20,2022-01-26,901,709,0,0,192,901
2022-02-03,PW,2022-01-27,2022-02-02,2118,1217,0,0,901,2118
2022-02-10,PW,2022-02-03,2022-02-09,2959,841,0,0,2118,2959
2022-02-17,PW,2022-02-10,2022-02-16,3425,466,5,5,2959,3420
2022-02-24,PW,2022-02-17,2022-02-23,3696,271,6,1,3425,3690
2022-03-03,PW,2022-02-24,2022-03-02,3823,127,6,0,3696,3817
2022-03-10,PW,2022-03-03,2022-03-09,3888,65,6,0,3823,3882
2022-03-17,PW,2022-03-10,2022-03-16,3935,47,6,0,3888,3929
2022-03-24,PW,2022-03-17,2022-03-23,3976,41,6,0,3935,3970
2022-03-31,PW,2022-03-24,2022-03-30,4024,48,6,0,3976,4018
2022-04-07,PW,2022-03-31,2022-04-06,4070,46,6,0,4024,4064
2022-04-14,PW,2022-04-07,2022-04-13,4122,52,6,0,4070,4116
2022-04-21,PW,2022-04-14,2022-04-20,4279,157,6,0,4122,4273
2022-04-28,PW,2022-04-21,2022-04-27,4486,207,6,0,4279,4480
2022-05-05,PW,2022-04-28,2022-05-04,4690,204,6,0,4486,4684
2022-05-12,PW,2022-05-05,2022-05-11,4782,92,6,0,4690,4776
2022-05-19,PW,2022-05-12,2022-05-18,4936,154,6,0,4782,4930
2022-05-26,PW,2022-05-19,2022-05-25,5020,84,6,0,4936,5014
2022-06-02,PW,2022-05-26,2022-06-01,5065,45,6,0,5020,5059
2022-06-09,PW,2022-06-02,2022-06-08,5126,61,6,0,5065,5120
2022-06-16,PW,2022-06-09,2022-06-15,5165,39,6,0,5126,5159
2022-06-23,PW,2022-06-16,2022-06-22,5193,28,6,0,5165,5187
2022-06-30,PW,2022-06-23,2022-06-29,5207,14,6,0,5193,5201
2022-07-07,PW,2022-06-30,2022-07-06,5207,0,6,0,5207,5201
2022-07-14,PW,2022-07-07,2022-07-13,5207,0,6,0,5207,5201
2022-07-21,PW,2022-07-14,2022-07-20,5214,7,6,0,5207,5208
2022-07-28,PW,2022-07-21,2022-07-27,5220,6,6,0,5214,5214
2022-08-04,PW,2022-07-28,2022-08-03,5234,14,6,0,5220,5228
2022-08-11,PW,2022-08-04,2022-08-10,5241,7,6,0,5234,5235
2022-08-18,PW,2022-08-11,2022-08-17,5246,5,6,0,5241,5240
2022-08-25,PW,2022-08-18,2022-08-24,5279,33,6,0,5246,5273
2022-09-01,PW,2022-08-25,2022-08-31,5348,69,6,0,5279,5342
2022-09-08,PW,2022-09-01,2022-09-07,5403,55,6,0,5348,5397
2022-09-15,PW,2022-09-08,2022-09-14,5430,27,6,0,5403,5424
2022-09-22,PW,2022-09-15,2022-09-21,5445,15,6,0,5430,5439
2022-09-29,PW,2022-09-22,2022-09-28,5460,15,6,0,5445,5454
2022-10-06,PW,2022-09-29,2022-10-05,5460,0,6,0,5460,5454
2022-10-13,PW,2022-10-06,2022-10-12,5481,21,6,0,5460,5475
2022-10-20,PW,2022-10-13,2022-10-19,5490,9,7,1,5481,5483
2022-10-27,PW,2022-10-20,2022-10-26,5509,19,7,0,5490,5502
2022-11-03,PW,2022-10-27,2022-11-02,5513,4,7,0,5509,5506
2022-11-10,PW,2022-11-03,2022-11-09,5530,17,7,0,5513,5523
2022-11-17,PW,2022-11-10,2022-11-16,5572,42,7,0,5530,5565
2022-11-24,PW,2022-11-17,2022-11-23,5684,112,7,0,5572,5677
2022-12-01,PW,2022-11-24,2022-11-30,5785,101,7,0,5684,5778
2022-12-08,PW,2022-12-01,2022-12-07,5896,111,7,0,5785,5889
2022-12-15,PW,2022-12-08,2022-12-14,5933,37,9,2,5896,5924
2022-12-22,PW,2022-12-15,2022-12-21,5955,22,9,0,5933,5946
2022-12-29,PW,2022-12-22,2022-12-28,5968,13,9,0,5955,5959
2023-01-05,PW,2022-12-29,2023-01-04,5971,3,9,0,5968,5962
2023-01-12,PW,2023-01-05,2023-01-11,5976,5,9,0,5971,5967
2023-01-19,PW,2023-01-12,2023-01-18,5980,4,9,0,5976,5971
2023-01-26,PW,2023-01-19,2023-01-25,5986,6,9,0,5980,5977
2023-02-02,PW,2023-01-26,2023-02-01,5986,0,9,0,5986,5977
2023-02-09,PW,2023-02-02,2023-02-08,5987,1,9,0,5986,5978
2023-02-16,PW,2023-02-09,2023-02-15,5988,1,9,0,5987,5979
2023-02-23,PW,2023-02-16,2023-02-22,5988,0,9,0,5988,5979
2023-03-02,PW,2023-02-23,2023-03-01,5989,1,9,0,5988,5980
2023-03-09,PW,2023-03-02,2023-03-08,5991,2,9,0,5989,5982
2023-03-16,PW,2023-03-09,2023-03-15,5994,3,9,0,5991,5985
2023-03-23,PW,2023-03-16,2023-03-22,5995,1,9,0,5994,5986
2023-03-30,PW,2023-03-23,2023-03-29,5997,2,9,0,5995,5988
2023-04-06,PW,2023-03-30,2023-04-05,5997,0,9,0,5997,5988
2023-04-13,PW,2023-04-06,2023-04-12,5997,0,9,0,5997,5988
2023-04-20,PW,2023-04-13,2023-04-19,5999,2,9,0,5997,5990
2023-04-27,PW,2023-04-20,2023-04-26,5999,0,9,0,5999,5990
2023-05-04,PW,2023-04-27,2023-05-03,5999,0,9,0,5999,5990
2023-05-11,PW,2023-05-04,2023-05-10,6000,1,9,0,5999,5991
2020-01-23,RI,2020-01-16,2020-01-22,0,0,0,0,0,0
2020-01-30,RI,2020-01-23,2020-01-29,0,0,0,0,0,0
2020-02-06,RI,2020-01-30,2020-02-05,0,0,0,0,0,0
2020-02-13,RI,2020-02-06,2020-02-12,0,0,0,0,0,0
2020-02-20,RI,2020-02-13,2020-02-19,0,0,0,0,0,0
2020-02-27,RI,2020-02-20,2020-02-26,0,0,0,0,0,0
2020-03-05,RI,2020-02-27,2020-03-04,2,2,0,0,0,2
2020-03-12,RI,2020-03-05,2020-03-11,13,11,0,0,2,13
2020-03-19,RI,2020-03-12,2020-03-18,46,33,0,0,13,46
2020-03-26,RI,2020-03-19,2020-03-25,176,130,0,0,46,176
2020-04-02,RI,2020-03-26,2020-04-01,648,472,12,12,176,636
2020-04-09,RI,2020-04-02,2020-04-08,1835,1187,43,31,648,1792
2020-04-16,RI,2020-04-09,2020-04-15,3823,1988,104,61,1835,3719
2020-04-23,RI,2020-04-16,2020-04-22,6190,2367,188,84,3823,6002
2020-04-30,RI,2020-04-23,2020-04-29,8449,2259,265,77,6190,8184
2020-05-07,RI,2020-04-30,2020-05-06,10289,1840,387,122,8449,9902
2020-05-14,RI,2020-05-07,2020-05-13,11801,1512,467,80,10289,11334
2020-05-21,RI,2020-05-14,2020-05-20,13115,1314,555,88,11801,12560
2020-05-28,RI,2020-05-21,2020-05-27,13975,860,675,120,13115,13300
2020-06-04,RI,2020-05-28,2020-06-03,14716,741,755,80,13975,13961
2020-06-11,RI,2020-06-04,2020-06-10,15221,505,822,67,14716,14399
2020-06-18,RI,2020-06-11,2020-06-17,15627,406,884,62,15221,14743
2020-06-25,RI,2020-06-18,2020-06-24,15990,363,918,34,15627,15072
2020-07-02,RI,2020-06-25,2020-07-01,16288,298,957,39,15990,15331
2020-07-09,RI,2020-07-02,2020-07-08,16579,291,972,15,16288,15607
2020-07-16,RI,2020-07-09,2020-07-15,16956,377,986,14,16579,15970
2020-07-23,RI,2020-07-16,2020-07-22,17498,542,999,13,16956,16499
2020-07-30,RI,2020-07-23,2020-07-29,18232,734,1005,6,17498,17227
2020-08-06,RI,2020-07-30,2020-08-05,18880,648,1012,7,18232,17868
2020-08-13,RI,2020-08-06,2020-08-12,19491,611,1018,6,18880,18473
2020-08-20,RI,2020-08-13,2020-08-19,20078,587,1027,9,19491,19051
2020-08-27,RI,2020-08-20,2020-08-26,20806,728,1043,16,20078,19763
2020-09-03,RI,2020-08-27,2020-09-02,21285,479,1054,11,20806,20231
2020-09-10,RI,2020-09-03,2020-09-09,21726,441,1066,12,21285,20660
2020-09-17,RI,2020-09-10,2020-09-16,22395,669,1084,18,21726,21311
2020-09-24,RI,2020-09-17,2020-09-23,23105,710,1105,21,22395,22000
2020-10-01,RI,2020-09-24,2020-09-30,23969,864,1116,11,23105,22853
2020-10-08,RI,2020-10-01,2020-10-07,25035,1066,1126,10,23969,23909
2020-10-15,RI,2020-10-08,2020-10-14,26373,1338,1148,22,25035,25225
2020-10-22,RI,2020-10-15,2020-10-21,28424,2051,1172,24,26373,27252
2020-10-29,RI,2020-10-22,2020-10-28,31075,2651,1194,22,28424,29881
2020-11-05,RI,2020-10-29,2020-11-04,34349,3274,1220,26,31075,33129
2020-11-12,RI,2020-11-05,2020-11-11,39268,4919,1248,28,34349,38020
2020-11-19,RI,2020-11-12,2020-11-18,45315,6047,1286,38,39268,44029
2020-11-26,RI,2020-11-19,2020-11-25,51701,6386,1338,52,45315,50363
2020-12-03,RI,2020-11-26,2020-12-02,58823,7122,1397,59,51701,57426
2020-12-10,RI,2020-12-03,2020-12-09,67721,8898,1495,98,58823,66226
2020-12-17,RI,2020-12-10,2020-12-16,74693,6972,1598,103,67721,73095
2020-12-24,RI,2020-12-17,2020-12-23,80053,5360,1710,112,74693,78343
2020-12-31,RI,2020-12-24,2020-12-30,86190,6137,1779,69,80053,84411
2021-01-07,RI,2020-12-31,2021-01-06,92904,6714,1906,127,86190,90998
2021-01-14,RI,2021-01-07,2021-01-13,99421,6517,1992,86,92904,97429
2021-01-21,RI,2021-01-14,2021-01-20,104512,5091,2071,79,99421,102441
2021-01-28,RI,2021-01-21,2021-01-27,109080,4568,2139,68,104512,106941
2021-02-04,RI,2021-01-28,2021-02-03,112363,3283,2203,64,109080,110160
2021-02-11,RI,2021-02-04,2021-02-10,115145,2782,2270,67,112363,112875
2021-02-18,RI,2021-02-11,2021-02-17,117382,2237,2362,92,115145,115020
2021-02-25,RI,2021-02-18,2021-02-24,119595,2213,2490,128,117382,117105
2021-03-04,RI,2021-02-25,2021-03-03,121983,2388,2532,42,119595,119451
2021-03-11,RI,2021-03-04,2021-03-10,124182,2199,2555,23,121983,121627
2021-03-18,RI,2021-03-11,2021-03-17,126314,2132,2583,28,124182,123731
2021-03-25,RI,2021-03-18,2021-03-24,128785,2471,2597,14,126314,126188
2021-04-01,RI,2021-03-25,2021-03-31,131669,2884,2616,19,128785,129053
2021-04-08,RI,2021-04-01,2021-04-07,134286,2617,2630,14,131669,131656
2021-04-15,RI,2021-04-08,2021-04-14,137114,2828,2645,15,134286,134469
2021-04-22,RI,2021-04-15,2021-04-21,139320,2206,2659,14,137114,136661
2021-04-29,RI,2021-04-22,2021-04-28,141032,1712,2668,9,139320,138364
2021-05-06,RI,2021-04-29,2021-05-05,142368,1336,2684,16,141032,139684
2021-05-13,RI,2021-05-06,2021-05-12,143336,968,2697,13,142368,140639
2021-05-20,RI,2021-05-13,2021-05-19,144027,691,2702,5,143336,141325
2021-05-27,RI,2021-05-20,2021-05-26,144488,461,2707,5,144027,141781
2021-06-03,RI,2021-05-27,2021-06-02,144686,198,2714,7,144488,141972
2021-06-10,RI,2021-06-03,2021-06-09,144891,205,2721,7,144686,142170
2021-06-17,RI,2021-06-10,2021-06-16,145035,144,2723,2,144891,142312
2021-06-24,RI,2021-06-17,2021-06-23,145157,122,2726,3,145035,142431
2021-07-01,RI,2021-06-24,2021-06-30,145263,106,2729,3,145157,142534
2021-07-08,RI,2021-07-01,2021-07-07,145404,141,2729,0,145263,142675
2021-07-15,RI,2021-07-08,2021-07-14,145618,214,2735,6,145404,142883
2021-07-22,RI,2021-07-15,2021-07-21,146033,415,2738,3,145618,143295
2021-07-29,RI,2021-07-22,2021-07-28,146785,752,2738,0,146033,144047
2021-08-05,RI,2021-07-29,2021-08-04,148082,1297,2742,4,146785,145340
2021-08-12,RI,2021-08-05,2021-08-11,149666,1584,2743,1,148082,146923
2021-08-19,RI,2021-08-12,2021-08-18,151640,1974,2751,8,149666,148889
2021-08-26,RI,2021-08-19,2021-08-25,153506,1866,2761,10,151640,150745
2021-09-02,RI,2021-08-26,2021-09-01,155640,2134,2771,10,153506,152869
2021-09-09,RI,2021-09-02,2021-09-08,157683,2043,2786,15,155640,154897
2021-09-16,RI,2021-09-09,2021-09-15,160121,2438,2809,23,157683,157312
2021-09-23,RI,2021-09-16,2021-09-22,162368,2247,2819,10,160121,159549
2021-09-30,RI,2021-09-23,2021-09-29,164423,2055,2837,18,162368,161586
2021-10-07,RI,2021-09-30,2021-10-06,166250,1827,2851,14,164423,163399
2021-10-14,RI,2021-10-07,2021-10-13,168070,1820,2859,8,166250,165211
2021-10-21,RI,2021-10-14,2021-10-20,169703,1633,2870,11,168070,166833
2021-10-28,RI,2021-10-21,2021-10-27,171051,1348,2877,7,169703,168174
2021-11-04,RI,2021-10-28,2021-11-03,172651,1600,2880,3,171051,169771
2021-11-11,RI,2021-11-04,2021-11-10,174710,2059,2887,7,172651,171823
2021-11-18,RI,2021-11-11,2021-11-17,177534,2824,2902,15,174710,174632
2021-11-25,RI,2021-11-18,2021-11-24,181068,3534,2916,14,177534,178152
2021-12-02,RI,2021-11-25,2021-12-01,185513,4445,2939,23,181068,182574
2021-12-09,RI,2021-12-02,2021-12-08,191602,6089,2951,12,185513,188651
2021-12-16,RI,2021-12-09,2021-12-15,198865,7263,2985,34,191602,195880
2021-12-23,RI,2021-12-16,2021-12-22,206857,7992,3018,33,198865,203839
2021-12-30,RI,2021-12-23,2021-12-29,220800,13943,3066,48,206857,217734
2022-01-06,RI,2021-12-30,2022-01-05,250055,29255,3113,47,220800,246942
2022-01-13,RI,2022-01-06,2022-01-12,284311,34256,3164,51,250055,281147
2022-01-20,RI,2022-01-13,2022-01-19,310033,25722,3238,74,284311,306795
2022-01-27,RI,2022-01-20,2022-01-26,323794,13761,3311,73,310033,320483
2022-02-03,RI,2022-01-27,2022-02-02,330571,6777,3369,58,323794,327202
2022-02-10,RI,2022-02-03,2022-02-09,334366,3795,3402,33,330571,330964
2022-02-17,RI,2022-02-10,2022-02-16,336618,2252,3425,23,334366,333193
2022-02-24,RI,2022-02-17,2022-02-23,338073,1455,3434,9,336618,334639
2022-03-03,RI,2022-02-24,2022-03-02,339326,1253,3488,54,338073,335838
2022-03-10,RI,2022-03-03,2022-03-09,340375,1049,3504,16,339326,336871
2022-03-17,RI,2022-03-10,2022-03-16,341606,1231,3512,8,340375,338094
2022-03-24,RI,2022-03-17,2022-03-23,342800,1194,3518,6,341606,339282
2022-03-31,RI,2022-03-24,2022-03-30,344049,1249,3522,4,342800,340527
2022-04-07,RI,2022-03-31,2022-04-06,345770,1721,3524,2,344049,342246
2022-04-14,RI,2022-04-07,2022-04-13,348136,2366,3527,3,345770,344609
2022-04-21,RI,2022-04-14,2022-04-20,350418,2282,3532,5,348136,346886
2022-04-28,RI,2022-04-21,2022-04-27,353438,3020,3538,6,350418,349900
2022-05-05,RI,2022-04-28,2022-05-04,357429,3991,3542,4,353438,353887
2022-05-12,RI,2022-05-05,2022-05-11,362521,5092,3548,6,357429,358973
2022-05-19,RI,2022-05-12,2022-05-18,368164,5643,3561,13,362521,364603
2022-05-26,RI,2022-05-19,2022-05-25,372350,4186,3569,8,368164,368781
2022-06-02,RI,2022-05-26,2022-06-01,375571,3221,3580,11,372350,371991
2022-06-09,RI,2022-06-02,2022-06-08,378230,2659,3584,4,375571,374646
2022-06-16,RI,2022-06-09,2022-06-15,380278,2048,3596,12,378230,376682
2022-06-23,RI,2022-06-16,2022-06-22,382015,1737,3605,9,380278,378410
2022-06-30,RI,2022-06-23,2022-06-29,383834,1819,3609,4,382015,380225
2022-07-07,RI,2022-06-30,2022-07-06,385362,1528,3613,4,383834,381749
2022-07-14,RI,2022-07-07,2022-07-13,387330,1968,3621,8,385362,383709
2022-07-21,RI,2022-07-14,2022-07-20,389134,1804,3625,4,387330,385509
2022-07-28,RI,2022-07-21,2022-07-27,391026,1892,3630,5,389134,387396
2022-08-04,RI,2022-07-28,2022-08-03,393037,2011,3630,0,391026,389407
2022-08-11,RI,2022-08-04,2022-08-10,394806,1769,3635,5,393037,391171
2022-08-18,RI,2022-08-11,2022-08-17,396487,1681,3637,2,394806,392850
2022-08-25,RI,2022-08-18,2022-08-24,398126,1639,3644,7,396487,394482
2022-09-01,RI,2022-08-25,2022-08-31,399707,1581,3652,8,398126,396055
2022-09-08,RI,2022-09-01,2022-09-07,401077,1370,3657,5,399707,397420
2022-09-15,RI,2022-09-08,2022-09-14,402862,1785,3666,9,401077,399196
2022-09-22,RI,2022-09-15,2022-09-21,404675,1813,3669,3,402862,401006
2022-09-29,RI,2022-09-22,2022-09-28,406475,1800,3674,5,404675,402801
2022-10-06,RI,2022-09-29,2022-10-05,408042,1567,3679,5,406475,404363
2022-10-13,RI,2022-10-06,2022-10-12,409623,1581,3684,5,408042,405939
2022-10-20,RI,2022-10-13,2022-10-19,411166,1543,3689,5,409623,407477
2022-10-27,RI,2022-10-20,2022-10-26,412464,1298,3696,7,411166,408768
2022-11-03,RI,2022-10-27,2022-11-02,413661,1197,3705,9,412464,409956
2022-11-10,RI,2022-11-03,2022-11-09,414887,1226,3721,16,413661,411166
2022-11-17,RI,2022-11-10,2022-11-16,415932,1045,3731,10,414887,412201
2022-11-24,RI,2022-11-17,2022-11-23,417067,1135,3736,5,415932,413331
2022-12-01,RI,2022-11-24,2022-11-30,418522,1455,3747,11,417067,414775
2022-12-08,RI,2022-12-01,2022-12-07,420321,1799,3758,11,418522,416563
2022-12-15,RI,2022-12-08,2022-12-14,422075,1754,3770,12,420321,418305
2022-12-22,RI,2022-12-15,2022-12-21,424179,2104,3782,12,422075,420397
2022-12-29,RI,2022-12-22,2022-12-28,426209,2030,3787,5,424179,422422
2023-01-05,RI,2022-12-29,2023-01-04,428586,2377,3798,11,426209,424788
2023-01-12,RI,2023-01-05,2023-01-11,430678,2092,3809,11,428586,426869
2023-01-19,RI,2023-01-12,2023-01-18,432326,1648,3821,12,430678,428505
2023-01-26,RI,2023-01-19,2023-01-25,433822,1496,3832,11,432326,429990
2023-02-02,RI,2023-01-26,2023-02-01,435129,1307,3841,9,433822,431288
2023-02-09,RI,2023-02-02,2023-02-08,436154,1025,3847,6,435129,432307
2023-02-16,RI,2023-02-09,2023-02-15,437043,889,3860,13,436154,433183
2023-02-23,RI,2023-02-16,2023-02-22,437760,717,3865,5,437043,433895
2023-03-02,RI,2023-02-23,2023-03-01,438374,614,3870,5,437760,434504
2023-03-09,RI,2023-03-02,2023-03-08,438893,519,3879,9,438374,435014
2023-03-16,RI,2023-03-09,2023-03-15,439321,428,3884,5,438893,435437
2023-03-23,RI,2023-03-16,2023-03-22,439741,420,3890,6,439321,435851
2023-03-30,RI,2023-03-23,2023-03-29,440089,348,3894,4,439741,436195
2023-04-06,RI,2023-03-30,2023-04-05,440417,328,3901,7,440089,436516
2023-04-13,RI,2023-04-06,2023-04-12,440695,278,3904,3,440417,436791
2023-04-20,RI,2023-04-13,2023-04-19,440920,225,3908,4,440695,437012
2023-04-27,RI,2023-04-20,2023-04-26,441104,184,3912,4,440920,437192
2023-05-04,RI,2023-04-27,2023-05-03,441281,177,3915,3,441104,437366
2023-05-11,RI,2023-05-04,2023-05-10,441466,185,3915,0,441281,437551
2020-01-23,RMI,2020-01-16,2020-01-22,0,0,0,0,0,0
2020-01-30,RMI,2020-01-23,2020-01-29,0,0,0,0,0,0
2020-02-06,RMI,2020-01-30,2020-02-05,0,0,0,0,0,0
2020-02-13,RMI,2020-02-06,2020-02-12,0,0,0,0,0,0
2020-02-20,RMI,2020-02-13,2020-02-19,0,0,0,0,0,0
2020-02-27,RMI,2020-02-20,2020-02-26,0,0,0,0,0,0
2020-03-05,RMI,2020-02-27,2020-03-04,0,0,0,0,0,0
2020-03-12,RMI,2020-03-05,2020-03-11,0,0,0,0,0,0
2020-03-19,RMI,2020-03-12,2020-03-18,0,0,0,0,0,0
2020-03-26,RMI,2020-03-19,2020-03-25,0,0,0,0,0,0
2020-04-02,RMI,2020-03-26,2020-04-01,0,0,0,0,0,0
2020-04-09,RMI,2020-04-02,2020-04-08,0,0,0,0,0,0
2020-04-16,RMI,2020-04-09,2020-04-15,0,0,0,0,0,0
2020-04-23,RMI,2020-04-16,2020-04-22,0,0,0,0,0,0
2020-04-30,RMI,2020-04-23,2020-04-29,0,0,0,0,0,0
2020-05-07,RMI,2020-04-30,2020-05-06,0,0,0,0,0,0
2020-05-14,RMI,2020-05-07,2020-05-13,0,0,0,0,0,0
2020-05-21,RMI,2020-05-14,2020-05-20,0,0,0,0,0,0
2020-05-28,RMI,2020-05-21,2020-05-27,0,0,0,0,0,0
2020-06-04,RMI,2020-05-28,2020-06-03,0,0,0,0,0,0
2020-06-11,RMI,2020-06-04,2020-06-10,0,0,0,0,0,0
2020-06-18,RMI,2020-06-11,2020-06-17,0,0,0,0,0,0
2020-06-25,RMI,2020-06-18,2020-06-24,0,0,0,0,0,0
2020-07-02,RMI,2020-06-25,2020-07-01,0,0,0,0,0,0
2020-07-09,RMI,2020-07-02,2020-07-08,0,0,0,0,0,0
2020-07-16,RMI,2020-07-09,2020-07-15,0,0,0,0,0,0
2020-07-23,RMI,2020-07-16,2020-07-22,0,0,0,0,0,0
2020-07-30,RMI,2020-07-23,2020-07-29,0,0,0,0,0,0
2020-08-06,RMI,2020-07-30,2020-08-05,0,0,0,0,0,0
2020-08-13,RMI,2020-08-06,2020-08-12,0,0,0,0,0,0
2020-08-20,RMI,2020-08-13,2020-08-19,0,0,0,0,0,0
2020-08-27,RMI,2020-08-20,2020-08-26,0,0,0,0,0,0
2020-09-03,RMI,2020-08-27,2020-09-02,0,0,0,0,0,0
2020-09-10,RMI,2020-09-03,2020-09-09,0,0,0,0,0,0
2020-09-17,RMI,2020-09-10,2020-09-16,0,0,0,0,0,0
2020-09-24,RMI,2020-09-17,2020-09-23,0,0,0,0,0,0
2020-10-01,RMI,2020-09-24,2020-09-30,0,0,0,0,0,0
2020-10-08,RMI,2020-10-01,2020-10-07,0,0,0,0,0,0
2020-10-15,RMI,2020-10-08,2020-10-14,0,0,0,0,0,0
2020-10-22,RMI,2020-10-15,2020-10-21,0,0,0,0,0,0
2020-10-29,RMI,2020-10-22,2020-10-28,1,1,0,0,0,1
2020-11-05,RMI,2020-10-29,2020-11-04,1,0,0,0,1,1
2020-11-12,RMI,2020-11-05,2020-11-11,1,0,0,0,1,1
2020-11-19,RMI,2020-11-12,2020-11-18,4,3,0,0,1,4
2020-11-26,RMI,2020-11-19,2020-11-25,4,0,0,0,4,4
2020-12-03,RMI,2020-11-26,2020-12-02,4,0,0,0,4,4
2020-12-10,RMI,2020-12-03,2020-12-09,4,0,0,0,4,4
2020-12-17,RMI,2020-12-10,2020-12-16,4,0,0,0,4,4
2020-12-24,RMI,2020-12-17,2020-12-23,4,0,0,0,4,4
2020-12-31,RMI,2020-12-24,2020-12-30,4,0,0,0,4,4
2021-01-07,RMI,2020-12-31,2021-01-06,4,0,0,0,4,4
2021-01-14,RMI,2021-01-07,2021-01-13,4,0,0,0,4,4
2021-01-21,RMI,2021-01-14,2021-01-20,4,0,0,0,4,4
2021-01-28,RMI,2021-01-21,2021-01-27,4,0,0,0,4,4
2021-02-04,RMI,2021-01-28,2021-02-03,4,0,0,0,4,4
2021-02-11,RMI,2021-02-04,2021-02-10,4,0,0,0,4,4
2021-02-18,RMI,2021-02-11,2021-02-17,4,0,0,0,4,4
2021-02-25,RMI,2021-02-18,2021-02-24,4,0,0,0,4,4
2021-03-04,RMI,2021-02-25,2021-03-03,4,0,0,0,4,4
2021-03-11,RMI,2021-03-04,2021-03-10,4,0,0,0,4,4
2021-03-18,RMI,2021-03-11,2021-03-17,4,0,0,0,4,4
2021-03-25,RMI,2021-03-18,2021-03-24,4,0,0,0,4,4
2021-04-01,RMI,2021-03-25,2021-03-31,4,0,0,0,4,4
2021-04-08,RMI,2021-04-01,2021-04-07,4,0,0,0,4,4
2021-04-15,RMI,2021-04-08,2021-04-14,4,0,0,0,4,4
2021-04-22,RMI,2021-04-15,2021-04-21,4,0,0,0,4,4
2021-04-29,RMI,2021-04-22,2021-04-28,4,0,0,0,4,4
2021-05-06,RMI,2021-04-29,2021-05-05,4,0,0,0,4,4
2021-05-13,RMI,2021-05-06,2021-05-12,4,0,0,0,4,4
2021-05-20,RMI,2021-05-13,2021-05-19,4,0,0,0,4,4
2021-05-27,RMI,2021-05-20,2021-05-26,4,0,0,0,4,4
2021-06-03,RMI,2021-05-27,2021-06-02,4,0,0,0,4,4
2021-06-10,RMI,2021-06-03,2021-06-09,4,0,0,0,4,4
2021-06-17,RMI,2021-06-10,2021-06-16,4,0,0,0,4,4
2021-06-24,RMI,2021-06-17,2021-06-23,4,0,0,0,4,4
2021-07-01,RMI,2021-06-24,2021-06-30,4,0,0,0,4,4
2021-07-08,RMI,2021-07-01,2021-07-07,4,0,0,0,4,4
2021-07-15,RMI,2021-07-08,2021-07-14,4,0,0,0,4,4
2021-07-22,RMI,2021-07-15,2021-07-21,4,0,0,0,4,4
2021-07-29,RMI,2021-07-22,2021-07-28,4,0,0,0,4,4
2021-08-05,RMI,2021-07-29,2021-08-04,4,0,0,0,4,4
2021-08-12,RMI,2021-08-05,2021-08-11,4,0,0,0,4,4
2021-08-19,RMI,2021-08-12,2021-08-18,4,0,0,0,4,4
2021-08-26,RMI,2021-08-19,2021-08-25,4,0,0,0,4,4
2021-09-02,RMI,2021-08-26,2021-09-01,4,0,0,0,4,4
2021-09-09,RMI,2021-09-02,2021-09-08,4,0,0,0,4,4
2021-09-16,RMI,2021-09-09,2021-09-15,4,0,0,0,4,4
2021-09-23,RMI,2021-09-16,2021-09-22,4,0,0,0,4,4
2021-09-30,RMI,2021-09-23,2021-09-29,4,0,0,0,4,4
2021-10-07,RMI,2021-09-30,2021-10-06,4,0,0,0,4,4
2021-10-14,RMI,2021-10-07,2021-10-13,4,0,0,0,4,4
2021-10-21,RMI,2021-10-14,2021-10-20,4,0,0,0,4,4
2021-10-28,RMI,2021-10-21,2021-10-27,4,0,0,0,4,4
2021-11-04,RMI,2021-10-28,2021-11-03,4,0,0,0,4,4
2021-11-11,RMI,2021-11-04,2021-11-10,4,0,0,0,4,4
2021-11-18,RMI,2021-11-11,2021-11-17,4,0,0,0,4,4
2021-11-25,RMI,2021-11-18,2021-11-24,4,0,0,0,4,4
2021-12-02,RMI,2021-11-25,2021-12-01,4,0,0,0,4,4
2021-12-09,RMI,2021-12-02,2021-12-08,4,0,0,0,4,4
2021-12-16,RMI,2021-12-09,2021-12-15,4,0,0,0,4,4
2021-12-23,RMI,2021-12-16,2021-12-22,4,0,0,0,4,4
2021-12-30,RMI,2021-12-23,2021-12-29,4,0,0,0,4,4
2022-01-06,RMI,2021-12-30,2022-01-05,4,0,0,0,4,4
2022-01-13,RMI,2022-01-06,2022-01-12,4,0,0,0,4,4
2022-01-20,RMI,2022-01-13,2022-01-19,4,0,0,0,4,4
2022-01-27,RMI,2022-01-20,2022-01-26,4,0,0,0,4,4
2022-02-03,RMI,2022-01-27,2022-02-02,4,0,0,0,4,4
2022-02-10,RMI,2022-02-03,2022-02-09,4,0,0,0,4,4
2022-02-17,RMI,2022-02-10,2022-02-16,4,0,0,0,4,4
2022-02-24,RMI,2022-02-17,2022-02-23,4,0,0,0,4,4
2022-03-03,RMI,2022-02-24,2022-03-02,4,0,0,0,4,4
2022-03-10,RMI,2022-03-03,2022-03-09,4,0,0,0,4,4
2022-03-17,RMI,2022-03-10,2022-03-16,4,0,0,0,4,4
2022-03-24,RMI,2022-03-17,2022-03-23,4,0,0,0,4,4
2022-03-31,RMI,2022-03-24,2022-03-30,4,0,0,0,4,4
2022-04-07,RMI,2022-03-31,2022-04-06,4,0,0,0,4,4
2022-04-14,RMI,2022-04-07,2022-04-13,4,0,0,0,4,4
2022-04-21,RMI,2022-04-14,2022-04-20,15,11,0,0,4,15
2022-04-28,RMI,2022-04-21,2022-04-27,17,2,0,0,15,17
2022-05-05,RMI,2022-04-28,2022-05-04,17,0,0,0,17,17
2022-05-12,RMI,2022-05-05,2022-05-11,17,0,0,0,17,17
2022-05-19,RMI,2022-05-12,2022-05-18,17,0,0,0,17,17
2022-05-26,RMI,2022-05-19,2022-05-25,17,0,0,0,17,17
2022-06-02,RMI,2022-05-26,2022-06-01,17,0,0,0,17,17
2022-06-09,RMI,2022-06-02,2022-06-08,18,1,0,0,17,18
2022-06-16,RMI,2022-06-09,2022-06-15,18,0,0,0,18,18
2022-06-23,RMI,2022-06-16,2022-06-22,18,0,0,0,18,18
2022-06-30,RMI,2022-06-23,2022-06-29,18,0,0,0,18,18
2022-07-07,RMI,2022-06-30,2022-07-06,44,26,0,0,18,44
2022-07-14,RMI,2022-07-07,2022-07-13,49,5,0,0,44,49
2022-07-21,RMI,2022-07-14,2022-07-20,59,10,0,0,49,59
2022-07-28,RMI,2022-07-21,2022-07-27,59,0,0,0,59,59
2022-08-04,RMI,2022-07-28,2022-08-03,67,8,0,0,59,67
2022-08-11,RMI,2022-08-04,2022-08-10,189,122,1,1,67,188
2022-08-18,RMI,2022-08-11,2022-08-17,6606,6417,9,8,189,6597
2022-08-25,RMI,2022-08-18,2022-08-24,13932,7326,14,5,6606,13918
2022-09-01,RMI,2022-08-25,2022-08-31,15042,1110,17,3,13932,15025
2022-09-08,RMI,2022-09-01,2022-09-07,15071,29,17,0,15042,15054
2022-09-15,RMI,2022-09-08,2022-09-14,15180,109,17,0,15071,15163
2022-09-22,RMI,2022-09-15,2022-09-21,15224,44,17,0,15180,15207
2022-09-29,RMI,2022-09-22,2022-09-28,15305,81,17,0,15224,15288
2022-10-06,RMI,2022-09-29,2022-10-05,15305,0,17,0,15305,15288
2022-10-13,RMI,2022-10-06,2022-10-12,15375,70,17,0,15305,15358
2022-10-20,RMI,2022-10-13,2022-10-19,15375,0,17,0,15375,15358
2022-10-27,RMI,2022-10-20,2022-10-26,15375,0,17,0,15375,15358
2022-11-03,RMI,2022-10-27,2022-11-02,15375,0,17,0,15375,15358
2022-11-10,RMI,2022-11-03,2022-11-09,15386,11,17,0,15375,15369
2022-11-17,RMI,2022-11-10,2022-11-16,15386,0,17,0,15386,15369
2022-11-24,RMI,2022-11-17,2022-11-23,15501,115,17,0,15386,15484
2022-12-01,RMI,2022-11-24,2022-11-30,15541,40,17,0,15501,15524
2022-12-08,RMI,2022-12-01,2022-12-07,15541,0,17,0,15541,15524
2022-12-15,RMI,2022-12-08,2022-12-14,15544,3,17,0,15541,15527
2022-12-22,RMI,2022-12-15,2022-12-21,15544,0,17,0,15544,15527
2022-12-29,RMI,2022-12-22,2022-12-28,15544,0,17,0,15544,15527
2023-01-05,RMI,2022-12-29,2023-01-04,15544,0,17,0,15544,15527
2023-01-12,RMI,2023-01-05,2023-01-11,15544,0,17,0,15544,15527
2023-01-19,RMI,2023-01-12,2023-01-18,15544,0,17,0,15544,15527
2023-01-26,RMI,2023-01-19,2023-01-25,15544,0,17,0,15544,15527
2023-02-02,RMI,2023-01-26,2023-02-01,15584,40,17,0,15544,15567
2023-02-09,RMI,2023-02-02,2023-02-08,15590,6,17,0,15584,15573
2023-02-16,RMI,2023-02-09,2023-02-15,15590,0,17,0,15590,15573
2023-02-23,RMI,2023-02-16,2023-02-22,15618,28,17,0,15590,15601
2023-03-02,RMI,2023-02-23,2023-03-01,15618,0,17,0,15618,15601
2023-03-09,RMI,2023-03-02,2023-03-08,15649,31,17,0,15618,15632
2023-03-16,RMI,2023-03-09,2023-03-15,15723,74,17,0,15649,15706
2023-03-23,RMI,2023-03-16,2023-03-22,15723,0,17,0,15723,15706
2023-03-30,RMI,2023-03-23,2023-03-29,15723,0,17,0,15723,15706
2023-04-06,RMI,2023-03-30,2023-04-05,16013,290,17,0,15723,15996
2023-04-13,RMI,2023-04-06,2023-04-12,16081,68,17,0,16013,16064
2023-04-20,RMI,2023-04-13,2023-04-19,16081,0,17,0,16081,16064
2023-04-27,RMI,2023-04-20,2023-04-26,16081,0,17,0,16081,16064
2023-05-04,RMI,2023-04-27,2023-05-03,16081,0,17,0,16081,16064
2023-05-11,RMI,2023-05-04,2023-05-10,16081,0,17,0,16081,16064
2020-01-23,SC,2020-01-16,2020-01-22,0,0,0,0,0,0
2020-01-30,SC,2020-01-23,2020-01-29,0,0,0,0,0,0
2020-02-06,SC,2020-01-30,2020-02-05,0,0,0,0,0,0
2020-02-13,SC,2020-02-06,2020-02-12,0,0,0,0,0,0
2020-02-20,SC,2020-02-13,2020-02-19,0,0,0,0,0,0
2020-02-27,SC,2020-02-20,2020-02-26,0,0,0,0,0,0
2020-03-05,SC,2020-02-27,2020-03-04,0,0,0,0,0,0
2020-03-12,SC,2020-03-05,2020-03-11,10,10,0,0,0,10
2020-03-19,SC,2020-03-12,2020-03-18,60,50,1,1,10,59
2020-03-26,SC,2020-03-19,2020-03-25,426,366,7,6,60,419
2020-04-02,SC,2020-03-26,2020-04-01,1293,867,26,19,426,1267
2020-04-09,SC,2020-04-02,2020-04-08,2419,1126,51,25,1293,2368
2020-04-16,SC,2020-04-09,2020-04-15,3658,1239,105,54,2419,3553
2020-04-23,SC,2020-04-16,2020-04-22,4761,1103,140,35,3658,4621
2020-04-30,SC,2020-04-23,2020-04-29,5883,1122,231,91,4761,5652
2020-05-07,SC,2020-04-30,2020-05-06,6939,1056,304,73,5883,6635
2020-05-14,SC,2020-05-07,2020-05-13,8038,1099,361,57,6939,7677
2020-05-21,SC,2020-05-14,2020-05-20,9177,1139,407,46,8038,8770
2020-05-28,SC,2020-05-21,2020-05-27,10624,1447,466,59,9177,10158
2020-06-04,SC,2020-05-28,2020-06-03,12470,1846,518,52,10624,11952
2020-06-11,SC,2020-06-04,2020-06-10,15768,3298,575,57,12470,15193
2020-06-18,SC,2020-06-11,2020-06-17,20556,4788,618,43,15768,19938
2020-06-25,SC,2020-06-18,2020-06-24,27898,7342,684,66,20556,27214
2020-07-02,SC,2020-06-25,2020-07-01,37919,10021,765,81,27898,37154
2020-07-09,SC,2020-07-02,2020-07-08,48909,10990,882,117,37919,48027
2020-07-16,SC,2020-07-09,2020-07-15,62245,13336,999,117,48909,61246
2020-07-23,SC,2020-07-16,2020-07-22,75042,12797,1285,286,62245,73757
2020-07-30,SC,2020-07-23,2020-07-29,85847,10805,1615,330,75042,84232
2020-08-06,SC,2020-07-30,2020-08-05,95472,9625,1894,279,85847,93578
2020-08-13,SC,2020-08-06,2020-08-12,102979,7507,2143,249,95472,100836
2020-08-20,SC,2020-08-13,2020-08-19,108413,5434,2358,215,102979,106055
2020-08-27,SC,2020-08-20,2020-08-26,114094,5681,2575,217,108413,111519
2020-09-03,SC,2020-08-27,2020-09-02,120507,6413,2794,219,114094,117713
2020-09-10,SC,2020-09-03,2020-09-09,126213,5706,2941,147,120507,123272
2020-09-17,SC,2020-09-10,2020-09-16,134122,7909,3130,189,126213,130992
2020-09-24,SC,2020-09-17,2020-09-23,141688,7566,3262,132,134122,138426
2020-10-01,SC,2020-09-24,2020-09-30,147957,6269,3376,114,141688,144581
2020-10-08,SC,2020-10-01,2020-10-07,153706,5749,3501,125,147957,150205
2020-10-15,SC,2020-10-08,2020-10-14,159808,6102,3592,91,153706,156216
2020-10-22,SC,2020-10-15,2020-10-21,166360,6552,3707,115,159808,162653
2020-10-29,SC,2020-10-22,2020-10-28,173481,7121,3874,167,166360,169607
2020-11-05,SC,2020-10-29,2020-11-04,180869,7388,3984,110,173481,176885
2020-11-12,SC,2020-11-05,2020-11-11,188996,8127,4076,92,180869,184920
2020-11-19,SC,2020-11-12,2020-11-18,199446,10450,4181,105,188996,195265
2020-11-26,SC,2020-11-19,2020-11-25,210905,11459,4317,136,199446,206588
2020-12-03,SC,2020-11-26,2020-12-02,220835,9930,4445,128,210905,216390
2020-12-10,SC,2020-12-03,2020-12-09,239444,18609,4612,167,220835,234832
2020-12-17,SC,2020-12-10,2020-12-16,260120,20676,4800,188,239444,255320
2020-12-24,SC,2020-12-17,2020-12-23,282230,22110,5028,228,260120,277202
2020-12-31,SC,2020-12-24,2020-12-30,303475,21245,5249,221,282230,298226
2021-01-07,SC,2020-12-31,2021-01-06,333235,29760,5583,334,303475,327652
2021-01-14,SC,2021-01-07,2021-01-13,365378,32143,5911,328,333235,359467
2021-01-21,SC,2021-01-14,2021-01-20,399843,34465,6327,416,365378,393516
2021-01-28,SC,2021-01-21,2021-01-27,427231,27388,6669,342,399843,420562
2021-02-04,SC,2021-01-28,2021-02-03,450794,23563,7395,726,427231,443399
2021-02-11,SC,2021-02-04,2021-02-10,473140,22346,7742,347,450794,465398
2021-02-18,SC,2021-02-11,2021-02-17,492369,19229,8116,374,473140,484253
2021-02-25,SC,2021-02-18,2021-02-24,509044,16675,8399,283,492369,500645
2021-03-04,SC,2021-02-25,2021-03-03,519996,10952,8619,220,509044,511377
2021-03-11,SC,2021-03-04,2021-03-10,528473,8477,8782,163,519996,519691
2021-03-18,SC,2021-03-11,2021-03-17,536100,7627,8929,147,528473,527171
2021-03-25,SC,2021-03-18,2021-03-24,543932,7832,9055,126,536100,534877
2021-04-01,SC,2021-03-25,2021-03-31,551631,7699,9145,90,543932,542486
2021-04-08,SC,2021-04-01,2021-04-07,558631,7000,9210,65,551631,549421
2021-04-15,SC,2021-04-08,2021-04-14,564933,6302,9299,89,558631,555634
2021-04-22,SC,2021-04-15,2021-04-21,571369,6436,9362,63,564933,562007
2021-04-29,SC,2021-04-22,2021-04-28,576640,5271,9469,107,571369,567171
2021-05-06,SC,2021-04-29,2021-05-05,581839,5199,9533,64,576640,572306
2021-05-13,SC,2021-05-06,2021-05-12,585600,3761,9589,56,581839,576011
2021-05-20,SC,2021-05-13,2021-05-19,589471,3871,9647,58,585600,579824
2021-05-27,SC,2021-05-20,2021-05-26,591834,2363,9687,40,589471,582147
2021-06-03,SC,2021-05-27,2021-06-02,593384,1550,9713,26,591834,583671
2021-06-10,SC,2021-06-03,2021-06-09,594444,1060,9747,34,593384,584697
2021-06-17,SC,2021-06-10,2021-06-16,595217,773,9776,29,594444,585441
2021-06-24,SC,2021-06-17,2021-06-23,595843,626,9792,16,595217,586051
2021-07-01,SC,2021-06-24,2021-06-30,596813,970,9810,18,595843,587003
2021-07-08,SC,2021-07-01,2021-07-07,598227,1414,9831,21,596813,588396
2021-07-15,SC,2021-07-08,2021-07-14,600606,2379,9844,13,598227,590762
2021-07-22,SC,2021-07-15,2021-07-21,604653,4047,9869,25,600606,594784
2021-07-29,SC,2021-07-22,2021-07-28,613033,8380,9894,25,604653,603139
2021-08-05,SC,2021-07-29,2021-08-04,628203,15170,9930,36,613033,618273
2021-08-12,SC,2021-08-05,2021-08-11,648508,20305,10007,77,628203,638501
2021-08-19,SC,2021-08-12,2021-08-18,673172,24664,10141,134,648508,663031
2021-08-26,SC,2021-08-19,2021-08-25,702894,29722,10357,216,673172,692537
2021-09-02,SC,2021-08-26,2021-09-01,740634,37740,10684,327,702894,729950
2021-09-09,SC,2021-09-02,2021-09-08,776342,35708,10996,312,740634,765346
2021-09-16,SC,2021-09-09,2021-09-15,809780,33438,11483,487,776342,798297
2021-09-23,SC,2021-09-16,2021-09-22,834880,25100,11914,431,809780,822966
2021-09-30,SC,2021-09-23,2021-09-29,854875,19995,12372,458,834880,842503
2021-10-07,SC,2021-09-30,2021-10-06,869838,14963,12784,412,854875,857054
2021-10-14,SC,2021-10-07,2021-10-13,880984,11146,13094,310,869838,867890
2021-10-21,SC,2021-10-14,2021-10-20,889100,8116,13367,273,880984,875733
2021-10-28,SC,2021-10-21,2021-10-27,894924,5824,13604,237,889100,881320
2021-11-04,SC,2021-10-28,2021-11-03,900468,5544,13800,196,894924,886668
2021-11-11,SC,2021-11-04,2021-11-10,905179,4711,13921,121,900468,891258
2021-11-18,SC,2021-11-11,2021-11-17,909906,4727,14063,142,905179,895843
2021-11-25,SC,2021-11-18,2021-11-24,914966,5060,14153,90,909906,900813
2021-12-02,SC,2021-11-25,2021-12-01,919186,4220,14233,80,914966,904953
2021-12-09,SC,2021-12-02,2021-12-08,926455,7269,14334,101,919186,912121
2021-12-16,SC,2021-12-09,2021-12-15,933754,7299,14430,96,926455,919324
2021-12-23,SC,2021-12-16,2021-12-22,942360,8606,14526,96,933754,927834
2021-12-30,SC,2021-12-23,2021-12-29,960195,17835,14610,84,942360,945585
2022-01-06,SC,2021-12-30,2022-01-05,1018435,58240,14715,105,960195,1003720
2022-01-13,SC,2022-01-06,2022-01-12,1114781,96346,14847,132,1018435,1099934
2022-01-20,SC,2022-01-13,2022-01-19,1236732,121951,15029,182,1114781,1221703
2022-01-27,SC,2022-01-20,2022-01-26,1328450,91718,15156,127,1236732,1313294
2022-02-03,SC,2022-01-27,2022-02-02,1394651,66201,15609,453,1328450,1379042
2022-02-10,SC,2022-02-03,2022-02-09,1427869,33218,16018,409,1394651,1411851
2022-02-17,SC,2022-02-10,2022-02-16,1445383,17514,16407,389,1427869,1428976
2022-02-24,SC,2022-02-17,2022-02-23,1456998,11615,16614,207,1445383,1440384
2022-03-03,SC,2022-02-24,2022-03-02,1461791,4793,16928,314,1456998,1444863
2022-03-10,SC,2022-03-03,2022-03-09,1464213,2422,17251,323,1461791,1446962
2022-03-17,SC,2022-03-10,2022-03-16,1465736,1523,17380,129,1464213,1448356
2022-03-24,SC,2022-03-17,2022-03-23,1467112,1376,17493,113,1465736,1449619
2022-03-31,SC,2022-03-24,2022-03-30,1468134,1022,17587,94,1467112,1450547
2022-04-07,SC,2022-03-31,2022-04-06,1469699,1565,17650,63,1468134,1452049
2022-04-14,SC,2022-04-07,2022-04-13,1470597,898,17698,48,1469699,1452899
2022-04-21,SC,2022-04-14,2022-04-20,1472093,1496,17734,36,1470597,1454359
2022-04-28,SC,2022-04-21,2022-04-27,1474274,2181,17767,33,1472093,1456507
2022-05-05,SC,2022-04-28,2022-05-04,1477460,3186,17848,81,1474274,1459612
2022-05-12,SC,2022-05-05,2022-05-11,1481975,4515,17868,20,1477460,1464107
2022-05-19,SC,2022-05-12,2022-05-18,1487728,5753,17890,22,1481975,1469838
2022-05-26,SC,2022-05-19,2022-05-25,1495762,8034,17905,15,1487728,1477857
2022-06-02,SC,2022-05-26,2022-06-01,1504967,9205,17907,2,1495762,1487060
2022-06-09,SC,2022-06-02,2022-06-08,1514423,9456,17970,63,1504967,1496453
2022-06-16,SC,2022-06-09,2022-06-15,1524771,10348,17995,25,1514423,1506776
2022-06-23,SC,2022-06-16,2022-06-22,1535392,10621,18007,12,1524771,1517385
2022-06-30,SC,2022-06-23,2022-06-29,1546406,11014,18033,26,1535392,1528373
2022-07-07,SC,2022-06-30,2022-07-06,1560139,13733,18043,10,1546406,1542096
2022-07-14,SC,2022-07-07,2022-07-13,1573585,13446,18055,12,1560139,1555530
2022-07-21,SC,2022-07-14,2022-07-20,1587503,13918,18131,76,1573585,1569372
2022-07-28,SC,2022-07-21,2022-07-27,1605165,17662,18189,58,1587503,1586976
2022-08-04,SC,2022-07-28,2022-08-03,1621121,15956,18208,19,1605165,1602913
2022-08-11,SC,2022-08-04,2022-08-10,1637108,15987,18215,7,1621121,1618893
2022-08-18,SC,2022-08-11,2022-08-17,1650748,13640,18227,12,1637108,1632521
2022-08-25,SC,2022-08-18,2022-08-24,1661020,10272,18245,18,1650748,1642775
2022-09-01,SC,2022-08-25,2022-08-31,1674281,13261,18263,18,1661020,1656018
2022-09-08,SC,2022-09-01,2022-09-07,1687640,13359,18299,36,1674281,1669341
2022-09-15,SC,2022-09-08,2022-09-14,1696746,9106,18316,17,1687640,1678430
2022-09-22,SC,2022-09-15,2022-09-21,1703439,6693,18331,15,1696746,1685108
2022-09-29,SC,2022-09-22,2022-09-28,1708074,4635,18365,34,1703439,1689709
2022-10-06,SC,2022-09-29,2022-10-05,1712281,4207,18390,25,1708074,1693891
2022-10-13,SC,2022-10-06,2022-10-12,1715434,3153,18468,78,1712281,1696966
2022-10-20,SC,2022-10-13,2022-10-19,1718600,3166,18527,59,1715434,1700073
2022-10-27,SC,2022-10-20,2022-10-26,1721693,3093,18578,51,1718600,1703115
2022-11-03,SC,2022-10-27,2022-11-02,1725160,3467,18633,55,1721693,1706527
2022-11-10,SC,2022-11-03,2022-11-09,1729333,4173,18660,27,1725160,1710673
2022-11-17,SC,2022-11-10,2022-11-16,1732287,2954,18678,18,1729333,1713609
2022-11-24,SC,2022-11-17,2022-11-23,1735351,3064,18706,28,1732287,1716645
2022-12-01,SC,2022-11-24,2022-11-30,1738379,3028,18710,4,1735351,1719669
2022-12-08,SC,2022-12-01,2022-12-07,1745168,6789,18756,46,1738379,1726412
2022-12-15,SC,2022-12-08,2022-12-14,1751646,6478,18783,27,1745168,1732863
2022-12-22,SC,2022-12-15,2022-12-21,1760204,8558,18811,28,1751646,1741393
2022-12-29,SC,2022-12-22,2022-12-28,1770059,9855,18834,23,1760204,1751225
2023-01-05,SC,2022-12-29,2023-01-04,1780649,10590,18849,15,1770059,1761800
2023-01-12,SC,2023-01-05,2023-01-11,1791933,11284,18983,134,1780649,1772950
2023-01-19,SC,2023-01-12,2023-01-18,1799966,8033,19069,86,1791933,1780897
2023-01-26,SC,2023-01-19,2023-01-25,1807019,7053,19093,24,1799966,1787926
2023-02-02,SC,2023-01-26,2023-02-01,1812958,5939,19226,133,1807019,1793732
2023-02-09,SC,2023-02-02,2023-02-08,1818546,5588,19330,104,1812958,1799216
2023-02-16,SC,2023-02-09,2023-02-15,1823413,4867,19393,63,1818546,1804020
2023-02-23,SC,2023-02-16,2023-02-22,1827620,4207,19489,96,1823413,1808131
2023-03-02,SC,2023-02-23,2023-03-01,1833731,6111,19531,42,1827620,1814200
2023-03-09,SC,2023-03-02,2023-03-08,1836568,2837,19599,68,1833731,1816969
2023-03-16,SC,2023-03-09,2023-03-15,1838465,1897,19653,54,1836568,1818812
2023-03-23,SC,2023-03-16,2023-03-22,1840458,1993,19672,19,1838465,1820786
2023-03-30,SC,2023-03-23,2023-03-29,1842519,2061,19683,11,1840458,1822836
2023-04-06,SC,2023-03-30,2023-04-05,1844314,1795,19744,61,1842519,1824570
2023-04-13,SC,2023-04-06,2023-04-12,1846130,1816,19786,42,1844314,1826344
2023-04-20,SC,2023-04-13,2023-04-19,1848020,1890,19836,50,1846130,1828184
2023-04-27,SC,2023-04-20,2023-04-26,1849390,1370,19851,15,1848020,1829539
2023-05-04,SC,2023-04-27,2023-05-03,1850662,1272,19901,50,1849390,1830761
2023-05-11,SC,2023-05-04,2023-05-10,1852019,1357,19923,22,1850662,1832096
2020-01-23,SD,2020-01-16,2020-01-22,0,0,0,0,0,0
2020-01-30,SD,2020-01-23,2020-01-29,0,0,0,0,0,0
2020-02-06,SD,2020-01-30,2020-02-05,0,0,0,0,0,0
2020-02-13,SD,2020-02-06,2020-02-12,0,0,0,0,0,0
2020-02-20,SD,2020-02-13,2020-02-19,0,0,0,0,0,0
2020-02-27,SD,2020-02-20,2020-02-26,0,0,0,0,0,0
2020-03-05,SD,2020-02-27,2020-03-04,0,0,0,0,0,0
2020-03-12,SD,2020-03-05,2020-03-11,7,7,1,1,0,6
2020-03-19,SD,2020-03-12,2020-03-18,11,4,1,0,7,10
2020-03-26,SD,2020-03-19,2020-03-25,41,30,1,0,11,40
2020-04-02,SD,2020-03-26,2020-04-01,129,88,2,1,41,127
2020-04-09,SD,2020-04-02,2020-04-08,393,264,6,4,129,387
2020-04-16,SD,2020-04-09,2020-04-15,1168,775,6,0,393,1162
2020-04-23,SD,2020-04-16,2020-04-22,1858,690,9,3,1168,1849
2020-04-30,SD,2020-04-23,2020-04-29,2374,516,13,4,1858,2361
2020-05-07,SD,2020-04-30,2020-05-06,2778,404,29,16,2374,2749
2020-05-14,SD,2020-05-07,2020-05-13,3732,954,39,10,2778,3693
2020-05-21,SD,2020-05-14,2020-05-20,4177,445,46,7,3732,4131
2020-05-28,SD,2020-05-21,2020-05-27,4706,529,54,8,4177,4652
2020-06-04,SD,2020-05-28,2020-06-03,5160,454,62,8,4706,5098
2020-06-11,SD,2020-06-04,2020-06-10,5598,438,69,7,5160,5529
2020-06-18,SD,2020-06-11,2020-06-17,6043,445,78,9,5598,5965
2020-06-25,SD,2020-06-18,2020-06-24,6419,376,84,6,6043,6335
2020-07-02,SD,2020-06-25,2020-07-01,6826,407,93,9,6419,6733
2020-07-09,SD,2020-07-02,2020-07-08,7242,416,98,5,6826,7144
2020-07-16,SD,2020-07-09,2020-07-15,7651,409,111,13,7242,7540
2020-07-23,SD,2020-07-16,2020-07-22,8077,426,119,8,7651,7958
2020-07-30,SD,2020-07-23,2020-07-29,8634,557,129,10,8077,8505
2020-08-06,SD,2020-07-30,2020-08-05,9151,517,137,8,8634,9014
2020-08-13,SD,2020-08-06,2020-08-12,9816,665,147,10,9151,9669
2020-08-20,SD,2020-08-13,2020-08-19,10566,750,155,8,9816,10411
2020-08-27,SD,2020-08-20,2020-08-26,11571,1005,162,7,10566,11409
2020-09-03,SD,2020-08-27,2020-09-02,14004,2433,169,7,11571,13835
2020-09-10,SD,2020-09-03,2020-09-09,15574,1570,173,4,14004,15401
2020-09-17,SD,2020-09-10,2020-09-16,17294,1720,192,19,15574,17102
2020-09-24,SD,2020-09-17,2020-09-23,19633,2339,202,10,17294,19431
2020-10-01,SD,2020-09-24,2020-09-30,22389,2756,223,21,19633,22166
2020-10-08,SD,2020-10-01,2020-10-07,25906,3517,258,35,22389,25648
2020-10-15,SD,2020-10-08,2020-10-14,30215,4309,291,33,25906,29924
2020-10-22,SD,2020-10-15,2020-10-21,35044,4829,333,42,30215,34711
2020-10-29,SD,2020-10-22,2020-10-28,42000,6956,384,51,35044,41616
2020-11-05,SD,2020-10-29,2020-11-04,49789,7789,460,76,42000,49329
2020-11-12,SD,2020-11-05,2020-11-11,58696,8907,567,107,49789,58129
2020-11-19,SD,2020-11-12,2020-11-18,68671,9975,674,107,58696,67997
2020-11-26,SD,2020-11-19,2020-11-25,76142,7471,849,175,68671,75293
2020-12-03,SD,2020-11-26,2020-12-02,82203,6061,994,145,76142,81209
2020-12-10,SD,2020-12-03,2020-12-09,88023,5820,1147,153,82203,86876
2020-12-17,SD,2020-12-10,2020-12-16,92604,4581,1300,153,88023,91304
2020-12-24,SD,2020-12-17,2020-12-23,96039,3435,1389,89,92604,94650
2020-12-31,SD,2020-12-24,2020-12-30,98721,2682,1464,75,96039,97257
2021-01-07,SD,2020-12-31,2021-01-06,101678,2957,1518,54,98721,100160
2021-01-14,SD,2021-01-07,2021-01-13,104175,2497,1604,86,101678,102571
2021-01-21,SD,2021-01-14,2021-01-20,106039,1864,1666,62,104175,104373
2021-01-28,SD,2021-01-21,2021-01-27,107611,1572,1738,72,106039,105873
2021-02-04,SD,2021-01-28,2021-02-03,108638,1027,1778,40,107611,106860
2021-02-11,SD,2021-02-04,2021-02-10,109578,940,1813,35,108638,107765
2021-02-18,SD,2021-02-11,2021-02-17,110683,1105,1842,29,109578,108841
2021-02-25,SD,2021-02-18,2021-02-24,111807,1124,1862,20,110683,109945
2021-03-04,SD,2021-02-25,2021-03-03,112830,1023,1892,30,111807,110938
2021-03-11,SD,2021-03-04,2021-03-10,113952,1122,1903,11,112830,112049
2021-03-18,SD,2021-03-11,2021-03-17,114959,1007,1914,11,113952,113045
2021-03-25,SD,2021-03-18,2021-03-24,116352,1393,1922,8,114959,114430
2021-04-01,SD,2021-03-25,2021-03-31,117756,1404,1933,11,116352,115823
2021-04-08,SD,2021-04-01,2021-04-07,118976,1220,1936,3,117756,117040
2021-04-15,SD,2021-04-08,2021-04-14,120379,1403,1946,10,118976,118433
2021-04-22,SD,2021-04-15,2021-04-21,121517,1138,1953,7,120379,119564
2021-04-29,SD,2021-04-22,2021-04-28,122397,880,1961,8,121517,120436
2021-05-06,SD,2021-04-29,2021-05-05,123068,671,1975,14,122397,121093
2021-05-13,SD,2021-05-06,2021-05-12,123514,446,1988,13,123068,121526
2021-05-20,SD,2021-05-13,2021-05-19,123822,308,1994,6,123514,121828
2021-05-27,SD,2021-05-20,2021-05-26,124063,241,2003,9,123822,122060
2021-06-03,SD,2021-05-27,2021-06-02,124213,150,2019,16,124063,122194
2021-06-10,SD,2021-06-03,2021-06-09,124299,86,2023,4,124213,122276
2021-06-17,SD,2021-06-10,2021-06-16,124372,73,2026,3,124299,122346
2021-06-24,SD,2021-06-17,2021-06-23,124466,94,2029,3,124372,122437
2021-07-01,SD,2021-06-24,2021-06-30,124546,80,2034,5,124466,122512
2021-07-08,SD,2021-07-01,2021-07-07,124650,104,2038,4,124546,122612
2021-07-15,SD,2021-07-08,2021-07-14,124762,112,2040,2,124650,122722
2021-07-22,SD,2021-07-15,2021-07-21,124959,197,2042,2,124762,122917
2021-07-29,SD,2021-07-22,2021-07-28,125224,265,2044,2,124959,123180
2021-08-05,SD,2021-07-29,2021-08-04,125599,375,2051,7,125224,123548
2021-08-12,SD,2021-08-05,2021-08-11,126457,858,2052,1,125599,124405
2021-08-19,SD,2021-08-12,2021-08-18,127696,1239,2057,5,126457,125639
2021-08-26,SD,2021-08-19,2021-08-25,129865,2169,2060,3,127696,127805
2021-09-02,SD,2021-08-26,2021-09-01,132837,2972,2070,10,129865,130767
2021-09-09,SD,2021-09-02,2021-09-08,135537,2700,2077,7,132837,133460
2021-09-16,SD,2021-09-09,2021-09-15,138860,3323,2094,17,135537,136766
2021-09-23,SD,2021-09-16,2021-09-22,141744,2884,2110,16,138860,139634
2021-09-30,SD,2021-09-23,2021-09-29,144548,2804,2134,24,141744,142414
2021-10-07,SD,2021-09-30,2021-10-06,146996,2448,2167,33,144548,144829
2021-10-14,SD,2021-10-07,2021-10-13,149337,2341,2176,9,146996,147161
2021-10-21,SD,2021-10-14,2021-10-20,151554,2217,2204,28,149337,149350
2021-10-28,SD,2021-10-21,2021-10-27,153775,2221,2230,26,151554,151545
2021-11-04,SD,2021-10-28,2021-11-03,156123,2348,2252,22,153775,153871
2021-11-11,SD,2021-11-04,2021-11-10,158822,2699,2276,24,156123,156546
2021-11-18,SD,2021-11-11,2021-11-17,161472,2650,2297,21,158822,159175
2021-11-25,SD,2021-11-18,2021-11-24,164291,2819,2320,23,161472,161971
2021-12-02,SD,2021-11-25,2021-12-01,167140,2849,2349,29,164291,164791
2021-12-09,SD,2021-12-02,2021-12-08,170400,3260,2382,33,167140,168018
2021-12-16,SD,2021-12-09,2021-12-15,172762,2362,2418,36,170400,170344
2021-12-23,SD,2021-12-16,2021-12-22,175246,2484,2450,32,172762,172796
2021-12-30,SD,2021-12-23,2021-12-29,178394,3148,2474,24,175246,175920
2022-01-06,SD,2021-12-30,2022-01-05,185284,6890,2507,33,178394,182777
2022-01-13,SD,2022-01-06,2022-01-12,197912,12628,2534,27,185284,195378
2022-01-20,SD,2022-01-13,2022-01-19,211885,13973,2572,38,197912,209313
2022-01-27,SD,2022-01-20,2022-01-26,222881,10996,2622,50,211885,220259
2022-02-03,SD,2022-01-27,2022-02-02,228892,6011,2659,37,222881,226233
2022-02-10,SD,2022-02-03,2022-02-09,231940,3048,2696,37,228892,229244
2022-02-17,SD,2022-02-10,2022-02-16,233690,1750,2757,61,231940,230933
2022-02-24,SD,2022-02-17,2022-02-23,235517,1827,2783,26,233690,232734
2022-03-03,SD,2022-02-24,2022-03-02,236117,600,2813,30,235517,233304
2022-03-10,SD,2022-03-03,2022-03-09,236493,376,2843,30,236117,233650
2022-03-17,SD,2022-03-10,2022-03-16,236745,252,2868,25,236493,233877
2022-03-24,SD,2022-03-17,2022-03-23,236950,205,2879,11,236745,234071
2022-03-31,SD,2022-03-24,2022-03-30,237104,154,2882,3,236950,234222
2022-04-07,SD,2022-03-31,2022-04-06,237241,137,2892,10,237104,234349
2022-04-14,SD,2022-04-07,2022-04-13,237368,127,2896,4,237241,234472
2022-04-21,SD,2022-04-14,2022-04-20,237535,167,2899,3,237368,234636
2022-04-28,SD,2022-04-21,2022-04-27,237812,277,2910,11,237535,234902
2022-05-05,SD,2022-04-28,2022-05-04,238182,370,2913,3,237812,235269
2022-05-12,SD,2022-05-05,2022-05-11,238635,453,2915,2,238182,235720
2022-05-19,SD,2022-05-12,2022-05-18,239109,474,2917,2,238635,236192
2022-05-26,SD,2022-05-19,2022-05-25,239703,594,2925,8,239109,236778
2022-06-02,SD,2022-05-26,2022-06-01,240353,650,2928,3,239703,237425
2022-06-09,SD,2022-06-02,2022-06-08,241323,970,2928,0,240353,238395
2022-06-16,SD,2022-06-09,2022-06-15,242297,974,2931,3,241323,239366
2022-06-23,SD,2022-06-16,2022-06-22,243269,972,2936,5,242297,240333
2022-06-30,SD,2022-06-23,2022-06-29,244523,1254,2938,2,243269,241585
2022-07-07,SD,2022-06-30,2022-07-06,245705,1182,2940,2,244523,242765
2022-07-14,SD,2022-07-07,2022-07-13,247274,1569,2945,5,245705,244329
2022-07-21,SD,2022-07-14,2022-07-20,248788,1514,2947,2,247274,245841
2022-07-28,SD,2022-07-21,2022-07-27,250286,1498,2956,9,248788,247330
2022-08-04,SD,2022-07-28,2022-08-03,251859,1573,2963,7,250286,248896
2022-08-11,SD,2022-08-04,2022-08-10,253232,1373,2973,10,251859,250259
2022-08-18,SD,2022-08-11,2022-08-17,254670,1438,2979,6,253232,251691
2022-08-25,SD,2022-08-18,2022-08-24,256255,1585,2984,5,254670,253271
2022-09-01,SD,2022-08-25,2022-08-31,257547,1292,2993,9,256255,254554
2022-09-08,SD,2022-09-01,2022-09-07,258510,963,3002,9,257547,255508
2022-09-15,SD,2022-09-08,2022-09-14,259683,1173,3014,12,258510,256669
2022-09-22,SD,2022-09-15,2022-09-21,260639,956,3017,3,259683,257622
2022-09-29,SD,2022-09-22,2022-09-28,261371,732,3021,4,260639,258350
2022-10-06,SD,2022-09-29,2022-10-05,262212,841,3033,12,261371,259179
2022-10-13,SD,2022-10-06,2022-10-12,262837,625,3046,13,262212,259791
2022-10-20,SD,2022-10-13,2022-10-19,263468,631,3049,3,262837,260419
2022-10-27,SD,2022-10-20,2022-10-26,264187,719,3059,10,263468,261128
2022-11-03,SD,2022-10-27,2022-11-02,265019,832,3065,6,264187,261954
2022-11-10,SD,2022-11-03,2022-11-09,265890,871,3078,13,265019,262812
2022-11-17,SD,2022-11-10,2022-11-16,266842,952,3088,10,265890,263754
2022-11-24,SD,2022-11-17,2022-11-23,267689,847,3096,8,266842,264593
2022-12-01,SD,2022-11-24,2022-11-30,268797,1108,3099,3,267689,265698
2022-12-08,SD,2022-12-01,2022-12-07,269886,1089,3106,7,268797,266780
2022-12-15,SD,2022-12-08,2022-12-14,270809,923,3115,9,269886,267694
2022-12-22,SD,2022-12-15,2022-12-21,271430,621,3116,1,270809,268314
2022-12-29,SD,2022-12-22,2022-12-28,271856,426,3118,2,271430,268738
2023-01-05,SD,2022-12-29,2023-01-04,272364,508,3124,6,271856,269240
2023-01-12,SD,2023-01-05,2023-01-11,272890,526,3133,9,272364,269757
2023-01-19,SD,2023-01-12,2023-01-18,273353,463,3144,11,272890,270209
2023-01-26,SD,2023-01-19,2023-01-25,273929,576,3149,5,273353,270780
2023-02-02,SD,2023-01-26,2023-02-01,274676,747,3152,3,273929,271524
2023-02-09,SD,2023-02-02,2023-02-08,275671,995,3153,1,274676,272518
2023-02-16,SD,2023-02-09,2023-02-15,276655,984,3167,14,275671,273488
2023-02-23,SD,2023-02-16,2023-02-22,277649,994,3174,7,276655,274475
2023-03-02,SD,2023-02-23,2023-03-01,278489,840,3181,7,277649,275308
2023-03-09,SD,2023-03-02,2023-03-08,279130,641,3190,9,278489,275940
2023-03-16,SD,2023-03-09,2023-03-15,279879,749,3200,10,279130,276679
2023-03-23,SD,2023-03-16,2023-03-22,280519,640,3204,4,279879,277315
2023-03-30,SD,2023-03-23,2023-03-29,281008,489,3209,5,280519,277799
2023-04-06,SD,2023-03-30,2023-04-05,281443,435,3214,5,281008,278229
2023-04-13,SD,2023-04-06,2023-04-12,281795,352,3214,0,281443,278581
2023-04-20,SD,2023-04-13,2023-04-19,282136,341,3221,7,281795,278915
2023-04-27,SD,2023-04-20,2023-04-26,282401,265,3223,2,282136,279178
2023-05-04,SD,2023-04-27,2023-05-03,282678,277,3229,6,282401,279449
2023-05-11,SD,2023-05-04,2023-05-10,282895,217,3231,2,282678,279664
2020-01-23,TN,2020-01-16,2020-01-22,0,0,0,0,0,0
2020-01-30,TN,2020-01-23,2020-01-29,0,0,0,0,0,0
2020-02-06,TN,2020-01-30,2020-02-05,0,0,0,0,0,0
2020-02-13,TN,2020-02-06,2020-02-12,0,0,0,0,0,0
2020-02-20,TN,2020-02-13,2020-02-19,0,0,0,0,0,0
2020-02-27,TN,2020-02-20,2020-02-26,0,0,0,0,0,0
2020-03-05,TN,2020-02-27,2020-03-04,0,0,0,0,0,0
2020-03-12,TN,2020-03-05,2020-03-11,0,0,0,0,0,0
2020-03-19,TN,2020-03-12,2020-03-18,29,29,0,0,0,29
2020-03-26,TN,2020-03-19,2020-03-25,869,840,0,0,29,869
2020-04-02,TN,2020-03-26,2020-04-01,2625,1756,0,0,869,2625
2020-04-09,TN,2020-04-02,2020-04-08,4399,1774,79,79,2625,4320
2020-04-16,TN,2020-04-09,2020-04-15,6051,1652,134,55,4399,5917
2020-04-23,TN,2020-04-16,2020-04-22,8148,2097,166,32,6051,7982
2020-04-30,TN,2020-04-23,2020-04-29,10805,2657,195,29,8148,10610
2020-05-07,TN,2020-04-30,2020-05-06,13941,3136,238,43,10805,13703
2020-05-14,TN,2020-05-07,2020-05-13,16587,2646,272,34,13941,16315
2020-05-21,TN,2020-05-14,2020-05-20,18706,2119,309,37,16587,18397
2020-05-28,TN,2020-05-21,2020-05-27,21385,2679,353,44,18706,21032
2020-06-04,TN,2020-05-28,2020-06-03,24874,3489,386,33,21385,24488
2020-06-11,TN,2020-06-04,2020-06-10,28004,3130,437,51,24874,27567
2020-06-18,TN,2020-06-11,2020-06-17,32022,4018,498,61,28004,31524
2020-06-25,TN,2020-06-18,2020-06-24,37323,5301,556,58,32022,36767
2020-07-02,TN,2020-06-25,2020-07-01,45114,7791,609,53,37323,44505
2020-07-09,TN,2020-07-02,2020-07-08,55821,10707,685,76,45114,55136
2020-07-16,TN,2020-07-09,2020-07-15,68912,13091,783,98,55821,68129
2020-07-23,TN,2020-07-16,2020-07-22,83965,15053,888,105,68912,83077
2020-07-30,TN,2020-07-23,2020-07-29,99246,15281,1019,131,83965,98227
2020-08-06,TN,2020-07-30,2020-08-05,112622,13376,1144,125,99246,111478
2020-08-13,TN,2020-08-06,2020-08-12,124717,12095,1290,146,112622,123427
2020-08-20,TN,2020-08-13,2020-08-19,135832,11115,1453,163,124717,134379
2020-08-27,TN,2020-08-20,2020-08-26,145666,9834,1646,193,135832,144020
2020-09-03,TN,2020-08-27,2020-09-02,156200,10534,1794,148,145666,154406
2020-09-10,TN,2020-09-03,2020-09-09,165062,8862,1931,137,156200,163131
2020-09-17,TN,2020-09-10,2020-09-16,175308,10246,2144,213,165062,173164
2020-09-24,TN,2020-09-17,2020-09-23,184983,9675,2272,128,175308,182711
2020-10-01,TN,2020-09-24,2020-09-30,194464,9481,2452,180,184983,192012
2020-10-08,TN,2020-10-01,2020-10-07,205979,11515,2640,188,194464,203339
2020-10-15,TN,2020-10-08,2020-10-14,219232,13253,2827,187,205979,216405
2020-10-22,TN,2020-10-15,2020-10-21,233467,14235,2967,140,219232,230500
2020-10-29,TN,2020-10-22,2020-10-28,252508,19041,3241,274,233467,249267
2020-11-05,TN,2020-10-29,2020-11-04,267382,14874,3480,239,252508,263902
2020-11-12,TN,2020-11-05,2020-11-11,291144,23762,3757,277,267382,287387
2020-11-19,TN,2020-11-12,2020-11-18,322040,30896,4047,290,291144,317993
2020-11-26,TN,2020-11-19,2020-11-25,344413,22373,4464,417,322040,339949
2020-12-03,TN,2020-11-26,2020-12-02,380198,35785,4690,226,344413,375508
2020-12-10,TN,2020-12-03,2020-12-09,418381,38183,5172,482,380198,413209
2020-12-17,TN,2020-12-10,2020-12-16,482312,63931,5668,496,418381,476644
2020-12-24,TN,2020-12-17,2020-12-23,536525,54213,6379,711,482312,530146
2020-12-31,TN,2020-12-24,2020-12-30,576336,39811,6809,430,536525,569527
2021-01-07,TN,2020-12-31,2021-01-06,622622,46286,7385,576,576336,615237
2021-01-14,TN,2021-01-07,2021-01-13,661149,38527,8148,763,622622,653001
2021-01-21,TN,2021-01-14,2021-01-20,689019,27870,8555,407,661149,680464
2021-01-28,TN,2021-01-21,2021-01-27,710033,21014,9314,759,689019,700719
2021-02-04,TN,2021-01-28,2021-02-03,727755,17722,10028,714,710033,717727
2021-02-11,TN,2021-02-04,2021-02-10,743875,16120,10727,699,727755,733148
2021-02-18,TN,2021-02-11,2021-02-17,754051,10176,10980,253,743875,743071
2021-02-25,TN,2021-02-18,2021-02-24,763552,9501,11255,275,754051,752297
2021-03-04,TN,2021-02-25,2021-03-03,772028,8476,11438,183,763552,760590
2021-03-11,TN,2021-03-04,2021-03-10,780847,8819,11566,128,772028,769281
2021-03-18,TN,2021-03-11,2021-03-17,789346,8499,11626,60,780847,777720
2021-03-25,TN,2021-03-18,2021-03-24,798253,8907,11724,98,789346,786529
2021-04-01,TN,2021-03-25,2021-03-31,806259,8006,11834,110,798253,794425
2021-04-08,TN,2021-04-01,2021-04-07,813811,7552,11910,76,806259,801901
2021-04-15,TN,2021-04-08,2021-04-14,821975,8164,11966,56,813811,810009
2021-04-22,TN,2021-04-15,2021-04-21,832125,10150,12054,88,821975,820071
2021-04-29,TN,2021-04-22,2021-04-28,839652,7527,12109,55,832125,827543
2021-05-06,TN,2021-04-29,2021-05-05,845566,5914,12168,59,839652,833398
2021-05-13,TN,2021-05-06,2021-05-12,850679,5113,12229,61,845566,838450
2021-05-20,TN,2021-05-13,2021-05-19,854717,4038,12283,54,850679,842434
2021-05-27,TN,2021-05-20,2021-05-26,857702,2985,12341,58,854717,845361
2021-06-03,TN,2021-05-27,2021-06-02,859747,2045,12376,35,857702,847371
2021-06-10,TN,2021-06-03,2021-06-09,861369,1622,12397,21,859747,848972
2021-06-17,TN,2021-06-10,2021-06-16,862915,1546,12440,43,861369,850475
2021-06-24,TN,2021-06-17,2021-06-23,864096,1181,12471,31,862915,851625
2021-07-01,TN,2021-06-24,2021-06-30,865581,1485,12497,26,864096,853084
2021-07-08,TN,2021-07-01,2021-07-07,867767,2186,12523,26,865581,855244
2021-07-15,TN,2021-07-08,2021-07-14,871622,3855,12560,37,867767,859062
2021-07-22,TN,2021-07-15,2021-07-21,877992,6370,12597,37,871622,865395
2021-07-29,TN,2021-07-22,2021-07-28,890275,12283,12664,67,877992,877611
2021-08-05,TN,2021-07-29,2021-08-04,909062,18787,12734,70,890275,896328
2021-08-12,TN,2021-08-05,2021-08-11,935546,26484,12847,113,909062,922699
2021-08-19,TN,2021-08-12,2021-08-18,968879,33333,13031,184,935546,955848
2021-08-26,TN,2021-08-19,2021-08-25,1012469,43590,13242,211,968879,999227
2021-09-02,TN,2021-08-26,2021-09-01,1062836,50367,13494,252,1012469,1049342
2021-09-09,TN,2021-09-02,2021-09-08,1117398,54562,13817,323,1062836,1103581
2021-09-16,TN,2021-09-09,2021-09-15,1169765,52367,14230,413,1117398,1155535
2021-09-23,TN,2021-09-16,2021-09-22,1201825,32060,14678,448,1169765,1187147
2021-09-30,TN,2021-09-23,2021-09-29,1226254,24429,15086,408,1201825,1211168
2021-10-07,TN,2021-09-30,2021-10-06,1244421,18167,15442,356,1226254,1228979
2021-10-14,TN,2021-10-07,2021-10-13,1258408,13987,15710,268,1244421,1242698
2021-10-21,TN,2021-10-14,2021-10-20,1268778,10370,16046,336,1258408,1252732
2021-10-28,TN,2021-10-21,2021-10-27,1276869,8091,16264,218,1268778,1260605
2021-11-04,TN,2021-10-28,2021-11-03,1283794,6925,16423,159,1276869,1267371
2021-11-11,TN,2021-11-04,2021-11-10,1291607,7813,16598,175,1283794,1275009
2021-11-18,TN,2021-11-11,2021-11-17,1300190,8583,16736,138,1291607,1283454
2021-11-25,TN,2021-11-18,2021-11-24,1309465,9275,16921,185,1300190,1292544
2021-12-02,TN,2021-11-25,2021-12-01,1318904,9439,17236,315,1309465,1301668
2021-12-09,TN,2021-12-02,2021-12-08,1331991,13087,17638,402,1318904,1314353
2021-12-16,TN,2021-12-09,2021-12-15,1344104,12113,17875,237,1331991,1326229
2021-12-23,TN,2021-12-16,2021-12-22,1364554,20450,20261,2386,1344104,1344293
2021-12-30,TN,2021-12-23,2021-12-29,1410117,45563,20729,468,1364554,1389388
2022-01-06,TN,2021-12-30,2022-01-05,1492961,82844,20914,185,1410117,1472047
2022-01-13,TN,2022-01-06,2022-01-12,1594014,101053,21181,267,1492961,1572833
2022-01-20,TN,2022-01-13,2022-01-19,1710871,116857,21775,594,1594014,1689096
2022-01-27,TN,2022-01-20,2022-01-26,1823109,112238,22255,480,1710871,1800854
2022-02-03,TN,2022-01-27,2022-02-02,1901925,78816,22788,533,1823109,1879137
2022-02-10,TN,2022-02-03,2022-02-09,1956800,54875,23132,344,1901925,1933668
2022-02-17,TN,2022-02-10,2022-02-16,1984075,27275,23853,721,1956800,1960222
2022-02-24,TN,2022-02-17,2022-02-23,1998909,14834,24308,455,1984075,1974601
2022-03-03,TN,2022-02-24,2022-03-02,2008050,9141,24601,293,1998909,1983449
2022-03-10,TN,2022-03-03,2022-03-09,2012123,4073,24801,200,2008050,1987322
2022-03-17,TN,2022-03-10,2022-03-16,2014451,2328,25371,570,2012123,1989080
2022-03-24,TN,2022-03-17,2022-03-23,2016359,1908,25470,99,2014451,1990889
2022-03-31,TN,2022-03-24,2022-03-30,2017921,1562,25589,119,2016359,1992332
2022-04-07,TN,2022-03-31,2022-04-06,2019672,1751,25867,278,2017921,1993805
2022-04-14,TN,2022-04-07,2022-04-13,2021810,2138,26088,221,2019672,1995722
2022-04-21,TN,2022-04-14,2022-04-20,2024336,2526,26112,24,2021810,1998224
2022-04-28,TN,2022-04-21,2022-04-27,2027597,3261,26137,25,2024336,2001460
2022-05-05,TN,2022-04-28,2022-05-04,2031660,4063,26188,51,2027597,2005472
2022-05-12,TN,2022-05-05,2022-05-11,2037566,5906,26243,55,2031660,2011323
2022-05-19,TN,2022-05-12,2022-05-18,2045210,7644,26297,54,2037566,2018913
2022-05-26,TN,2022-05-19,2022-05-25,2055250,10040,26423,126,2045210,2028827
2022-06-02,TN,2022-05-26,2022-06-01,2065712,10462,26476,53,2055250,2039236
2022-06-09,TN,2022-06-02,2022-06-08,2078605,12893,26499,23,2065712,2052106
2022-06-16,TN,2022-06-09,2022-06-15,2091905,13300,26569,70,2078605,2065336
2022-06-23,TN,2022-06-16,2022-06-22,2106199,14294,26617,48,2091905,2079582
2022-06-30,TN,2022-06-23,2022-06-29,2122855,16656,26705,88,2106199,2096150
2022-07-07,TN,2022-06-30,2022-07-06,2138432,15577,26757,52,2122855,2111675
2022-07-14,TN,2022-07-07,2022-07-13,2158772,20340,26831,74,2138432,2131941
2022-07-21,TN,2022-07-14,2022-07-20,2178368,19596,26930,99,2158772,2151438
2022-07-28,TN,2022-07-21,2022-07-27,2197790,19422,26999,69,2178368,2170791
2022-08-04,TN,2022-07-28,2022-08-03,2216040,18250,27083,84,2197790,2188957
2022-08-11,TN,2022-08-04,2022-08-10,2233969,17929,27209,126,2216040,2206760
2022-08-18,TN,2022-08-11,2022-08-17,2253105,19136,27310,101,2233969,2225795
2022-08-25,TN,2022-08-18,2022-08-24,2283496,30391,27384,74,2253105,2256112
2022-09-01,TN,2022-08-25,2022-08-31,2301913,18417,27483,99,2283496,2274430
2022-09-08,TN,2022-09-01,2022-09-07,2314189,12276,27528,45,2301913,2286661
2022-09-15,TN,2022-09-08,2022-09-14,2324328,10139,27581,53,2314189,2296747
2022-09-22,TN,2022-09-15,2022-09-21,2331950,7622,27705,124,2324328,2304245
2022-09-29,TN,2022-09-22,2022-09-28,2338525,6575,27811,106,2331950,2310714
2022-10-06,TN,2022-09-29,2022-10-05,2344056,5531,27901,90,2338525,2316155
2022-10-13,TN,2022-10-06,2022-10-12,2349616,5560,27985,84,2344056,2321631
2022-10-20,TN,2022-10-13,2022-10-19,2354755,5139,28036,51,2349616,2326719
2022-10-27,TN,2022-10-20,2022-10-26,2361380,6625,28096,60,2354755,2333284
2022-11-03,TN,2022-10-27,2022-11-02,2368472,7092,28157,61,2361380,2340315
2022-11-10,TN,2022-11-03,2022-11-09,2375723,7251,28206,49,2368472,2347517
2022-11-17,TN,2022-11-10,2022-11-16,2381539,5816,28247,41,2375723,2353292
2022-11-24,TN,2022-11-17,2022-11-23,2387697,6158,28299,52,2381539,2359398
2022-12-01,TN,2022-11-24,2022-11-30,2395221,7524,28327,28,2387697,2366894
2022-12-08,TN,2022-12-01,2022-12-07,2404533,9312,28435,108,2395221,2376098
2022-12-15,TN,2022-12-08,2022-12-14,2414614,10081,28493,58,2404533,2386121
2022-12-22,TN,2022-12-15,2022-12-21,2425375,10761,28556,63,2414614,2396819
2022-12-29,TN,2022-12-22,2022-12-28,2434494,9119,28572,16,2425375,2405922
2023-01-05,TN,2022-12-29,2023-01-04,2446337,11843,28651,79,2434494,2417686
2023-01-12,TN,2023-01-05,2023-01-11,2456593,10256,28738,87,2446337,2427855
2023-01-19,TN,2023-01-12,2023-01-18,2464437,7844,28852,114,2456593,2435585
2023-01-26,TN,2023-01-19,2023-01-25,2473404,8967,28946,94,2464437,2444458
2023-02-02,TN,2023-01-26,2023-02-01,2482620,9216,29034,88,2473404,2453586
2023-02-09,TN,2023-02-02,2023-02-08,2492256,9636,29096,62,2482620,2463160
2023-02-16,TN,2023-02-09,2023-02-15,2500635,8379,29123,27,2492256,2471512
2023-02-23,TN,2023-02-16,2023-02-22,2507558,6923,29198,75,2500635,2478360
2023-03-02,TN,2023-02-23,2023-03-01,2513098,5540,29237,39,2507558,2483861
2023-03-09,TN,2023-03-02,2023-03-08,2517556,4458,29294,57,2513098,2488262
2023-03-16,TN,2023-03-09,2023-03-15,2520851,3295,29325,31,2517556,2491526
2023-03-23,TN,2023-03-16,2023-03-22,2524672,3821,29334,9,2520851,2495338
2023-03-30,TN,2023-03-23,2023-03-29,2528273,3601,29407,73,2524672,2498866
2023-04-06,TN,2023-03-30,2023-04-05,2531291,3018,29444,37,2528273,2501847
2023-04-13,TN,2023-04-06,2023-04-12,2534071,2780,29468,24,2531291,2504603
2023-04-20,TN,2023-04-13,2023-04-19,2536436,2365,29474,6,2534071,2506962
2023-04-27,TN,2023-04-20,2023-04-26,2538352,1916,29522,48,2536436,2508830
2023-05-04,TN,2023-04-27,2023-05-03,2540244,1892,29532,10,2538352,2510712
2023-05-11,TN,2023-05-04,2023-05-10,2542163,1919,29549,17,2540244,2512614
2020-01-23,TX,2020-01-16,2020-01-22,0,0,0,0,0,0
2020-01-30,TX,2020-01-23,2020-01-29,0,0,0,0,0,0
2020-02-06,TX,2020-01-30,2020-02-05,0,0,0,0,0,0
2020-02-13,TX,2020-02-06,2020-02-12,0,0,0,0,0,0
2020-02-20,TX,2020-02-13,2020-02-19,0,0,0,0,0,0
2020-02-27,TX,2020-02-20,2020-02-26,0,0,0,0,0,0
2020-03-05,TX,2020-02-27,2020-03-04,0,0,0,0,0,0
2020-03-12,TX,2020-03-05,2020-03-11,21,21,0,0,0,21
2020-03-19,TX,2020-03-12,2020-03-18,177,156,5,5,21,172
2020-03-26,TX,2020-03-19,2020-03-25,1102,925,20,15,177,1082
2020-04-02,TX,2020-03-26,2020-04-01,3523,2421,94,74,1102,3429
2020-04-09,TX,2020-04-02,2020-04-08,7526,4003,239,145,3523,7287
2020-04-16,TX,2020-04-09,2020-04-15,11847,4321,451,212,7526,11396
2020-04-23,TX,2020-04-16,2020-04-22,16084,4237,659,208,11847,15425
2020-04-30,TX,2020-04-23,2020-04-29,22125,6041,852,193,16084,21273
2020-05-07,TX,2020-04-30,2020-05-06,28736,6611,1043,191,22125,27693
2020-05-14,TX,2020-05-07,2020-05-13,36345,7609,1249,206,28736,35096
2020-05-21,TX,2020-05-14,2020-05-20,43935,7590,1523,274,36345,42412
2020-05-28,TX,2020-05-21,2020-05-27,49301,5366,1685,162,43935,47616
2020-06-04,TX,2020-05-28,2020-06-03,57146,7845,1877,192,49301,55269
2020-06-11,TX,2020-06-04,2020-06-10,78263,21117,2044,167,57146,76219
2020-06-18,TX,2020-06-11,2020-06-17,97207,18944,2276,232,78263,94931
2020-06-25,TX,2020-06-18,2020-06-24,126386,29179,2480,204,97207,123906
2020-07-02,TX,2020-06-25,2020-07-01,173060,46674,2821,341,126386,170239
2020-07-09,TX,2020-07-02,2020-07-08,223287,50227,3389,568,173060,219898
2020-07-16,TX,2020-07-09,2020-07-15,287066,63779,4202,813,223287,282864
2020-07-23,TX,2020-07-16,2020-07-22,346414,59348,5292,1090,287066,341122
2020-07-30,TX,2020-07-23,2020-07-29,401800,55386,7242,1950,346414,394558
2020-08-06,TX,2020-07-30,2020-08-05,460336,58536,8541,1299,401800,451795
2020-08-13,TX,2020-08-06,2020-08-12,539045,78709,9777,1236,460336,529268
2020-08-20,TX,2020-08-13,2020-08-19,598243,59198,11158,1381,539045,587085
2020-08-27,TX,2020-08-20,2020-08-26,631146,32903,12330,1172,598243,618816
2020-09-03,TX,2020-08-27,2020-09-02,662322,31176,13250,920,631146,649072
2020-09-10,TX,2020-09-03,2020-09-09,685588,23266,14043,793,662322,671545
2020-09-17,TX,2020-09-10,2020-09-16,721938,36350,14835,792,685588,707103
2020-09-24,TX,2020-09-17,2020-09-23,757254,35316,15461,626,721938,741793
2020-10-01,TX,2020-09-24,2020-09-30,784951,27697,16087,626,757254,768864
2020-10-08,TX,2020-10-01,2020-10-07,809922,24971,16720,633,784951,793202
2020-10-15,TX,2020-10-08,2020-10-14,834604,24682,17246,526,809922,817358
2020-10-22,TX,2020-10-15,2020-10-21,868761,34157,17721,475,834604,851040
2020-10-29,TX,2020-10-22,2020-10-28,912986,44225,18258,537,868761,894728
2020-11-05,TX,2020-10-29,2020-11-04,954789,41803,18882,624,912986,935907
2020-11-12,TX,2020-11-05,2020-11-11,1012738,57949,19596,714,954789,993142
2020-11-19,TX,2020-11-12,2020-11-18,1074864,62126,20498,902,1012738,1054366
2020-11-26,TX,2020-11-19,2020-11-25,1172443,97579,21607,1109,1074864,1150836
2020-12-03,TX,2020-11-26,2020-12-02,1264907,92464,22536,929,1172443,1242371
2020-12-10,TX,2020-12-03,2020-12-09,1361814,96907,23847,1311,1264907,1337967
2020-12-17,TX,2020-12-10,2020-12-16,1483426,121612,25178,1331,1361814,1458248
2020-12-24,TX,2020-12-17,2020-12-23,1616824,133398,26731,1553,1483426,1590093
2020-12-31,TX,2020-12-24,2020-12-30,1731566,114742,28045,1314,1616824,1703521
2021-01-07,TX,2020-12-31,2021-01-06,1881653,150087,29675,1630,1731566,1851978
2021-01-14,TX,2021-01-07,2021-01-13,2035106,153453,31902,2227,1881653,2003204
2021-01-21,TX,2021-01-14,2021-01-20,2171756,136650,34124,2222,2035106,2137632
2021-01-28,TX,2021-01-21,2021-01-27,2284752,112996,36489,2365,2171756,2248263
2021-02-04,TX,2021-01-28,2021-02-03,2386361,101609,38621,2132,2284752,2347740
2021-02-11,TX,2021-02-04,2021-02-10,2467690,81329,40685,2064,2386361,2427005
2021-02-18,TX,2021-02-11,2021-02-17,2518376,50686,41997,1312,2467690,2476379
2021-02-25,TX,2021-02-18,2021-02-24,2553274,34898,43324,1327,2518376,2509950
2021-03-04,TX,2021-02-25,2021-03-03,2600932,47658,44850,1526,2553274,2556082
2021-03-11,TX,2021-03-04,2021-03-10,2631078,30146,46098,1248,2600932,2584980
2021-03-18,TX,2021-03-11,2021-03-17,2655880,24802,47038,940,2631078,2608842
2021-03-25,TX,2021-03-18,2021-03-24,2681790,25910,47839,801,2655880,2633951
2021-04-01,TX,2021-03-25,2021-03-31,2707879,26089,48349,510,2681790,2659530
2021-04-08,TX,2021-04-01,2021-04-07,2730017,22138,48990,641,2707879,2681027
2021-04-15,TX,2021-04-08,2021-04-14,2754294,24277,49415,425,2730017,2704879
2021-04-22,TX,2021-04-15,2021-04-21,2778179,23885,49789,374,2754294,2728390
2021-04-29,TX,2021-04-22,2021-04-28,2800518,22339,50136,347,2778179,2750382
2021-05-06,TX,2021-04-29,2021-05-05,2822598,22080,50473,337,2800518,2772125
2021-05-13,TX,2021-05-06,2021-05-12,2840885,18287,50774,301,2822598,2790111
2021-05-20,TX,2021-05-13,2021-05-19,2856136,15251,51045,271,2840885,2805091
2021-05-27,TX,2021-05-20,2021-05-26,2868373,12237,51306,261,2856136,2817067
2021-06-03,TX,2021-05-27,2021-06-02,2880494,12121,51522,216,2868373,2828972
2021-06-10,TX,2021-06-03,2021-06-09,2891042,10548,51750,228,2880494,2839292
2021-06-17,TX,2021-06-10,2021-06-16,2900827,9785,51932,182,2891042,2848895
2021-06-24,TX,2021-06-17,2021-06-23,2912291,11464,52103,171,2900827,2860188
2021-07-01,TX,2021-06-24,2021-06-30,2926561,14270,52266,163,2912291,2874295
2021-07-08,TX,2021-07-01,2021-07-07,2961248,34687,52412,146,2926561,2908836
2021-07-15,TX,2021-07-08,2021-07-14,3050568,89320,52590,178,2961248,2997978
2021-07-22,TX,2021-07-15,2021-07-21,3081077,30509,52768,178,3050568,3028309
2021-07-29,TX,2021-07-22,2021-07-28,3136158,55081,53030,262,3081077,3083128
2021-08-05,TX,2021-07-29,2021-08-04,3226083,89925,53358,328,3136158,3172725
2021-08-12,TX,2021-08-05,2021-08-11,3314660,88577,53896,538,3226083,3260764
2021-08-19,TX,2021-08-12,2021-08-18,3431738,117078,54719,823,3314660,3377019
2021-08-26,TX,2021-08-19,2021-08-25,3533208,101470,55921,1202,3431738,3477287
2021-09-02,TX,2021-08-26,2021-09-01,3653602,120394,57550,1629,3533208,3596052
2021-09-09,TX,2021-09-02,2021-09-08,3789039,135437,59144,1594,3653602,3729895
2021-09-16,TX,2021-09-09,2021-09-15,3886745,97706,61199,2055,3789039,3825546
2021-09-23,TX,2021-09-16,2021-09-22,3958266,71521,63160,1961,3886745,3895106
2021-09-30,TX,2021-09-23,2021-09-29,4034695,76429,65200,2040,3958266,3969495
2021-10-07,TX,2021-09-30,2021-10-06,4086566,51871,66986,1786,4034695,4019580
2021-10-14,TX,2021-10-07,2021-10-13,4129179,42613,68508,1522,4086566,4060671
2021-10-21,TX,2021-10-14,2021-10-20,4160404,31225,69805,1297,4129179,4090599
2021-10-28,TX,2021-10-21,2021-10-27,4188586,28182,70901,1096,4160404,4117685
2021-11-04,TX,2021-10-28,2021-11-03,4211925,23339,71667,766,4188586,4140258
2021-11-11,TX,2021-11-04,2021-11-10,4235720,23795,72348,681,4211925,4163372
2021-11-18,TX,2021-11-11,2021-11-17,4259741,24021,73063,715,4235720,4186678
2021-11-25,TX,2021-11-18,2021-11-24,4281782,22041,73608,545,4259741,4208174
2021-12-02,TX,2021-11-25,2021-12-01,4304250,22468,73927,319,4281782,4230323
2021-12-09,TX,2021-12-02,2021-12-08,4339938,35688,74355,428,4304250,4265583
2021-12-16,TX,2021-12-09,2021-12-15,4371786,31848,74770,415,4339938,4297016
2021-12-23,TX,2021-12-16,2021-12-22,4436075,64289,75186,416,4371786,4360889
2021-12-30,TX,2021-12-23,2021-12-29,4540365,104290,75594,408,4436075,4464771
2022-01-06,TX,2021-12-30,2022-01-05,4968656,428291,76125,531,4540365,4892531
2022-01-13,TX,2022-01-06,2022-01-12,5344342,375686,76822,697,4968656,5267520
2022-01-20,TX,2022-01-13,2022-01-19,5774892,430550,77624,802,5344342,5697268
2022-01-27,TX,2022-01-20,2022-01-26,6123402,348510,78826,1202,5774892,6044576
2022-02-03,TX,2022-01-27,2022-02-02,6355031,231629,80244,1418,6123402,6274787
2022-02-10,TX,2022-02-03,2022-02-09,6482369,127338,81590,1346,6355031,6400779
2022-02-17,TX,2022-02-10,2022-02-16,6556884,74515,83041,1451,6482369,6473843
2022-02-24,TX,2022-02-17,2022-02-23,6602100,45216,84284,1243,6556884,6517816
2022-03-03,TX,2022-02-24,2022-03-02,6632067,29967,85282,998,6602100,6546785
2022-03-10,TX,2022-03-03,2022-03-09,6658195,26128,86009,727,6632067,6572186
2022-03-17,TX,2022-03-10,2022-03-16,6682985,24790,86525,516,6658195,6596460
2022-03-24,TX,2022-03-17,2022-03-23,6713462,30477,86917,392,6682985,6626545
2022-03-31,TX,2022-03-24,2022-03-30,6737585,24123,87176,259,6713462,6650409
2022-04-07,TX,2022-03-31,2022-04-06,6756410,18825,87356,180,6737585,6669054
2022-04-14,TX,2022-04-07,2022-04-13,6773853,17443,87564,208,6756410,6686289
2022-04-21,TX,2022-04-14,2022-04-20,6789321,15468,87709,145,6773853,6701612
2022-04-28,TX,2022-04-21,2022-04-27,6805898,16577,87813,104,6789321,6718085
2022-05-05,TX,2022-04-28,2022-05-04,6823295,17397,87887,74,6805898,6735408
2022-05-12,TX,2022-05-05,2022-05-11,6844281,20986,87965,78,6823295,6756316
2022-05-19,TX,2022-05-12,2022-05-18,6869854,25573,88024,59,6844281,6781830
2022-05-26,TX,2022-05-19,2022-05-25,6900690,30836,88083,59,6869854,6812607
2022-06-02,TX,2022-05-26,2022-06-01,6937867,37177,88115,32,6900690,6849752
2022-06-09,TX,2022-06-02,2022-06-08,6984712,46845,88169,54,6937867,6896543
2022-06-16,TX,2022-06-09,2022-06-15,7032977,48265,88247,78,6984712,6944730
2022-06-23,TX,2022-06-16,2022-06-22,7086277,53300,88316,69,7032977,6997961
2022-06-30,TX,2022-06-23,2022-06-29,7156593,70316,88414,98,7086277,7068179
2022-07-07,TX,2022-06-30,2022-07-06,7230948,74355,88513,99,7156593,7142435
2022-07-14,TX,2022-07-07,2022-07-13,7314647,83699,88641,128,7230948,7226006
2022-07-21,TX,2022-07-14,2022-07-20,7399857,85210,88769,128,7314647,7311088
2022-07-28,TX,2022-07-21,2022-07-27,7481041,81184,88933,164,7399857,7392108
2022-08-04,TX,2022-07-28,2022-08-03,7560603,79562,89158,225,7481041,7471445
2022-08-11,TX,2022-08-04,2022-08-10,7629991,69388,89351,193,7560603,7540640
2022-08-18,TX,2022-08-11,2022-08-17,7692560,62569,89556,205,7629991,7603004
2022-08-25,TX,2022-08-18,2022-08-24,7746966,54406,89744,188,7692560,7657222
2022-09-01,TX,2022-08-25,2022-08-31,7804225,57259,89943,199,7746966,7714282
2022-09-08,TX,2022-09-01,2022-09-07,7854285,50060,90074,131,7804225,7764211
2022-09-15,TX,2022-09-08,2022-09-14,7891359,37074,90218,144,7854285,7801141
2022-09-22,TX,2022-09-15,2022-09-21,7919752,28393,90366,148,7891359,7829386
2022-09-29,TX,2022-09-22,2022-09-28,7939351,19599,90498,132,7919752,7848853
2022-10-06,TX,2022-09-29,2022-10-05,7954835,15484,90606,108,7939351,7864229
2022-10-13,TX,2022-10-06,2022-10-12,7968307,13472,90709,103,7954835,7877598
2022-10-20,TX,2022-10-13,2022-10-19,7980321,12014,90790,81,7968307,7889531
2022-10-27,TX,2022-10-20,2022-10-26,7990898,10577,90885,95,7980321,7900013
2022-11-03,TX,2022-10-27,2022-11-02,8002470,11572,90949,64,7990898,7911521
2022-11-10,TX,2022-11-03,2022-11-09,8014615,12145,91009,60,8002470,7923606
2022-11-17,TX,2022-11-10,2022-11-16,8027681,13066,91064,55,8014615,7936617
2022-11-24,TX,2022-11-17,2022-11-23,8043606,15925,91132,68,8027681,7952474
2022-12-01,TX,2022-11-24,2022-11-30,8063062,19456,91171,39,8043606,7971891
2022-12-08,TX,2022-12-01,2022-12-07,8092953,29891,91260,89,8063062,8001693
2022-12-15,TX,2022-12-08,2022-12-14,8123208,30255,91347,87,8092953,8031861
2022-12-22,TX,2022-12-15,2022-12-21,8154825,31617,91464,117,8123208,8063361
2022-12-29,TX,2022-12-22,2022-12-28,8187083,32258,91566,102,8154825,8095517
2023-01-05,TX,2022-12-29,2023-01-04,8225546,38463,91694,128,8187083,8133852
2023-01-12,TX,2023-01-05,2023-01-11,8260370,34824,91840,146,8225546,8168530
2023-01-19,TX,2023-01-12,2023-01-18,8285909,25539,92113,273,8260370,8193796
2023-01-26,TX,2023-01-19,2023-01-25,8309381,23472,92300,187,8285909,8217081
2023-02-02,TX,2023-01-26,2023-02-01,8331036,21655,92460,160,8309381,8238576
2023-02-09,TX,2023-02-02,2023-02-08,8350816,19780,92643,183,8331036,8258173
2023-02-16,TX,2023-02-09,2023-02-15,8368351,17535,92794,151,8350816,8275557
2023-02-23,TX,2023-02-16,2023-02-22,8383888,15537,92913,119,8368351,8290975
2023-03-02,TX,2023-02-23,2023-03-01,8404386,20498,93030,117,8383888,8311356
2023-03-09,TX,2023-03-02,2023-03-08,8416435,12049,93142,112,8404386,8323293
2023-03-16,TX,2023-03-09,2023-03-15,8428952,12517,93231,89,8416435,8335721
2023-03-23,TX,2023-03-16,2023-03-22,8447168,18216,93324,93,8428952,8353844
2023-03-30,TX,2023-03-23,2023-03-29,8456887,9719,93398,74,8447168,8363489
2023-04-06,TX,2023-03-30,2023-04-05,8469089,12202,93481,83,8456887,8375608
2023-04-13,TX,2023-04-06,2023-04-12,8477410,8321,93545,64,8469089,8383865
2023-04-20,TX,2023-04-13,2023-04-19,8487654,10244,93610,65,8477410,8394044
2023-04-27,TX,2023-04-20,2023-04-26,8496000,8346,93680,70,8487654,8402320
2023-05-04,TX,2023-04-27,2023-05-03,8502584,6584,93738,58,8496000,8408846
2023-05-11,TX,2023-05-04,2023-05-10,8508204,5620,93780,42,8502584,8414424
2020-01-23,UT,2020-01-16,2020-01-22,0,0,0,0,0,0
2020-01-30,UT,2020-01-23,2020-01-29,0,0,0,0,0,0
2020-02-06,UT,2020-01-30,2020-02-05,0,0,0,0,0,0
2020-02-13,UT,2020-02-06,2020-02-12,0,0,0,0,0,0
2020-02-20,UT,2020-02-13,2020-02-19,0,0,0,0,0,0
2020-02-27,UT,2020-02-20,2020-02-26,0,0,0,0,0,0
2020-03-05,UT,2020-02-27,2020-03-04,0,0,0,0,0,0
2020-03-12,UT,2020-03-05,2020-03-11,2,2,0,0,0,2
2020-03-19,UT,2020-03-12,2020-03-18,52,50,0,0,2,52
2020-03-26,UT,2020-03-19,2020-03-25,324,272,1,1,52,323
2020-04-02,UT,2020-03-26,2020-04-01,984,660,5,4,324,979
2020-04-09,UT,2020-04-02,2020-04-08,1814,830,13,8,984,1801
2020-04-16,UT,2020-04-09,2020-04-15,2537,723,20,7,1814,2517
2020-04-23,UT,2020-04-16,2020-04-22,3446,909,32,12,2537,3414
2020-04-30,UT,2020-04-23,2020-04-29,4478,1032,45,13,3446,4433
2020-05-07,UT,2020-04-30,2020-05-06,5570,1092,57,12,4478,5513
2020-05-14,UT,2020-05-07,2020-05-13,6600,1030,74,17,5570,6526
2020-05-21,UT,2020-05-14,2020-05-20,7702,1102,88,14,6600,7614
2020-05-28,UT,2020-05-21,2020-05-27,8690,988,102,14,7702,8588
2020-06-04,UT,2020-05-28,2020-06-03,10499,1809,115,13,8690,10384
2020-06-11,UT,2020-06-04,2020-06-10,12874,2375,126,11,10499,12748
2020-06-18,UT,2020-06-11,2020-06-17,15367,2493,146,20,12874,15221
2020-06-25,UT,2020-06-18,2020-06-24,18828,3461,158,12,15367,18670
2020-07-02,UT,2020-06-25,2020-07-01,22798,3970,168,10,18828,22630
2020-07-09,UT,2020-07-02,2020-07-08,26952,4154,194,26,22798,26758
2020-07-16,UT,2020-07-09,2020-07-15,31254,4302,224,30,26952,31030
2020-07-23,UT,2020-07-16,2020-07-22,35669,4415,250,26,31254,35419
2020-07-30,UT,2020-07-23,2020-07-29,39274,3605,283,33,35669,38991
2020-08-06,UT,2020-07-30,2020-08-05,42373,3099,316,33,39274,42057
2020-08-13,UT,2020-08-06,2020-08-12,45114,2741,352,36,42373,44762
2020-08-20,UT,2020-08-13,2020-08-19,47567,2453,377,25,45114,47190
2020-08-27,UT,2020-08-20,2020-08-26,50245,2678,401,24,47567,49844
2020-09-03,UT,2020-08-27,2020-09-02,52927,2682,408,7,50245,52519
2020-09-10,UT,2020-09-03,2020-09-09,55774,2847,425,17,52927,55349
2020-09-17,UT,2020-09-10,2020-09-16,59972,4198,435,10,55774,59537
2020-09-24,UT,2020-09-17,2020-09-23,66196,6224,442,7,59972,65754
2020-10-01,UT,2020-09-24,2020-09-30,73450,7254,457,15,66196,72993
2020-10-08,UT,2020-10-01,2020-10-07,80896,7446,497,40,73450,80399
2020-10-15,UT,2020-10-08,2020-10-14,89470,8574,526,29,80896,88944
2020-10-22,UT,2020-10-15,2020-10-21,98504,9034,554,28,89470,97950
2020-10-29,UT,2020-10-22,2020-10-28,109540,11036,581,27,98504,108959
2020-11-05,UT,2020-10-29,2020-11-04,122424,12884,627,46,109540,121797
2020-11-12,UT,2020-11-05,2020-11-11,140782,18358,684,57,122424,140098
2020-11-19,UT,2020-11-12,2020-11-18,163191,22409,746,62,140782,162445
2020-11-26,UT,2020-11-19,2020-11-25,185202,22011,837,91,163191,184365
2020-12-03,UT,2020-11-26,2020-12-02,203719,18517,908,71,185202,202811
2020-12-10,UT,2020-12-03,2020-12-09,224082,20363,995,87,203719,223087
2020-12-17,UT,2020-12-10,2020-12-16,242452,18370,1100,105,224082,241352
2020-12-24,UT,2020-12-17,2020-12-23,259536,17084,1198,98,242452,258338
2020-12-31,UT,2020-12-24,2020-12-30,273908,14372,1259,61,259536,272649
2021-01-07,UT,2020-12-31,2021-01-06,294923,21015,1332,73,273908,293591
2021-01-14,UT,2021-01-07,2021-01-13,314890,19967,1440,108,294923,313450
2021-01-21,UT,2021-01-14,2021-01-20,328343,13453,1518,78,314890,326825
2021-01-28,UT,2021-01-21,2021-01-27,340630,12287,1621,103,328343,339009
2021-02-04,UT,2021-01-28,2021-02-03,349952,9322,1700,79,340630,348252
2021-02-11,UT,2021-02-04,2021-02-10,357316,7364,1772,72,349952,355544
2021-02-18,UT,2021-02-11,2021-02-17,363203,5887,1807,35,357316,361396
2021-02-25,UT,2021-02-18,2021-02-24,368567,5364,1880,73,363203,366687
2021-03-04,UT,2021-02-25,2021-03-03,372676,4109,1954,74,368567,370722
2021-03-11,UT,2021-03-04,2021-03-10,376287,3611,1994,40,372676,374293
2021-03-18,UT,2021-03-11,2021-03-17,379762,3475,2037,43,376287,377725
2021-03-25,UT,2021-03-18,2021-03-24,382717,2955,2085,48,379762,380632
2021-04-01,UT,2021-03-25,2021-03-31,385620,2903,2125,40,382717,383495
2021-04-08,UT,2021-04-01,2021-04-07,388421,2801,2142,17,385620,386279
2021-04-15,UT,2021-04-08,2021-04-14,391174,2753,2164,22,388421,389010
2021-04-22,UT,2021-04-15,2021-04-21,393853,2679,2179,15,391174,391674
2021-04-29,UT,2021-04-22,2021-04-28,396512,2659,2193,14,393853,394319
2021-05-06,UT,2021-04-29,2021-05-05,398967,2455,2221,28,396512,396746
2021-05-13,UT,2021-05-06,2021-05-12,401231,2264,2250,29,398967,398981
2021-05-20,UT,2021-05-13,2021-05-19,403410,2179,2276,26,401231,401134
2021-05-27,UT,2021-05-20,2021-05-26,405071,1661,2293,17,403410,402778
2021-06-03,UT,2021-05-27,2021-06-02,406478,1407,2306,13,405071,404172
2021-06-10,UT,2021-06-03,2021-06-09,408422,1944,2319,13,406478,406103
2021-06-17,UT,2021-06-10,2021-06-16,410370,1948,2324,5,408422,408046
2021-06-24,UT,2021-06-17,2021-06-23,412541,2171,2337,13,410370,410204
2021-07-01,UT,2021-06-24,2021-06-30,415131,2590,2370,33,412541,412761
2021-07-08,UT,2021-07-01,2021-07-07,417653,2522,2386,16,415131,415267
2021-07-15,UT,2021-07-08,2021-07-14,421255,3602,2401,15,417653,418854
2021-07-22,UT,2021-07-15,2021-07-21,425601,4346,2416,15,421255,423185
2021-07-29,UT,2021-07-22,2021-07-28,430139,4538,2436,20,425601,427703
2021-08-05,UT,2021-07-29,2021-08-04,436486,6347,2477,41,430139,434009
2021-08-12,UT,2021-08-05,2021-08-11,442230,5744,2516,39,436486,439714
2021-08-19,UT,2021-08-12,2021-08-18,449248,7018,2546,30,442230,446702
2021-08-26,UT,2021-08-19,2021-08-25,457094,7846,2602,56,449248,454492
2021-09-02,UT,2021-08-26,2021-09-01,466098,9004,2637,35,457094,463461
2021-09-09,UT,2021-09-02,2021-09-08,475625,9527,2690,53,466098,472935
2021-09-16,UT,2021-09-09,2021-09-15,487346,11721,2759,69,475625,484587
2021-09-23,UT,2021-09-16,2021-09-22,497419,10073,2837,78,487346,494582
2021-09-30,UT,2021-09-23,2021-09-29,506795,9376,2918,81,497419,503877
2021-10-07,UT,2021-09-30,2021-10-06,516728,9933,2971,53,506795,513757
2021-10-14,UT,2021-10-07,2021-10-13,526379,9651,3040,69,516728,523339
2021-10-21,UT,2021-10-14,2021-10-20,534894,8515,3105,65,526379,531789
2021-10-28,UT,2021-10-21,2021-10-27,546189,11295,3177,72,534894,543012
2021-11-04,UT,2021-10-28,2021-11-03,556435,10246,3261,84,546189,553174
2021-11-11,UT,2021-11-04,2021-11-10,567696,11261,3325,64,556435,564371
2021-11-18,UT,2021-11-11,2021-11-17,579404,11708,3398,73,567696,576006
2021-11-25,UT,2021-11-18,2021-11-24,589731,10327,3469,71,579404,586262
2021-12-02,UT,2021-11-25,2021-12-01,598134,8403,3543,74,589731,594591
2021-12-09,UT,2021-12-02,2021-12-08,608035,9901,3622,79,598134,604413
2021-12-16,UT,2021-12-09,2021-12-15,615630,7595,3691,69,608035,611939
2021-12-23,UT,2021-12-16,2021-12-22,622497,6867,3761,70,615630,618736
2021-12-30,UT,2021-12-23,2021-12-29,633422,10925,3792,31,622497,629630
2022-01-06,UT,2021-12-30,2022-01-05,663404,29982,3865,73,633422,659539
2022-01-13,UT,2022-01-06,2022-01-12,725990,62586,3945,80,663404,722045
2022-01-20,UT,2022-01-13,2022-01-19,802623,76633,4006,61,725990,798617
2022-01-27,UT,2022-01-20,2022-01-26,861876,59253,4100,94,802623,857776
2022-02-03,UT,2022-01-27,2022-02-02,891798,29922,4156,56,861876,887642
2022-02-10,UT,2022-02-03,2022-02-09,907048,15250,4243,87,891798,902805
2022-02-17,UT,2022-02-10,2022-02-16,916122,9074,4342,99,907048,911780
2022-02-24,UT,2022-02-17,2022-02-23,920953,4831,4397,55,916122,916556
2022-03-03,UT,2022-02-24,2022-03-02,923780,2827,4440,43,920953,919340
2022-03-10,UT,2022-03-03,2022-03-09,925351,1571,4557,117,923780,920794
2022-03-17,UT,2022-03-10,2022-03-16,926492,1141,4557,0,925351,921935
2022-03-24,UT,2022-03-17,2022-03-23,927379,887,4646,89,926492,922733
2022-03-31,UT,2022-03-24,2022-03-30,928179,800,4713,67,927379,923466
2022-04-07,UT,2022-03-31,2022-04-06,928881,702,4721,8,928179,924160
2022-04-14,UT,2022-04-07,2022-04-13,929627,746,4737,16,928881,924890
2022-04-21,UT,2022-04-14,2022-04-20,930815,1188,4739,2,929627,926076
2022-04-28,UT,2022-04-21,2022-04-27,932457,1642,4743,4,930815,927714
2022-05-05,UT,2022-04-28,2022-05-04,934951,2494,4752,9,932457,930199
2022-05-12,UT,2022-05-05,2022-05-11,938192,3241,4764,12,934951,933428
2022-05-19,UT,2022-05-12,2022-05-18,942482,4290,4764,0,938192,937718
2022-05-26,UT,2022-05-19,2022-05-25,947981,5499,4768,4,942482,943213
2022-06-02,UT,2022-05-26,2022-06-01,953466,5485,4780,12,947981,948686
2022-06-09,UT,2022-06-02,2022-06-08,961003,7537,4784,4,953466,956219
2022-06-16,UT,2022-06-09,2022-06-15,967622,6619,4793,9,961003,962829
2022-06-23,UT,2022-06-16,2022-06-22,974044,6422,4806,13,967622,969238
2022-06-30,UT,2022-06-23,2022-06-29,981533,7489,4817,11,974044,976716
2022-07-07,UT,2022-06-30,2022-07-06,988425,6892,4833,16,981533,983592
2022-07-14,UT,2022-07-07,2022-07-13,996266,7841,4847,14,988425,991419
2022-07-21,UT,2022-07-14,2022-07-20,1003406,7140,4868,21,996266,998538
2022-07-28,UT,2022-07-21,2022-07-27,1009176,5770,4884,16,1003406,1004292
2022-08-04,UT,2022-07-28,2022-08-03,1014664,5488,4884,0,1009176,1009780
2022-08-11,UT,2022-08-04,2022-08-10,1019437,4773,4940,56,1014664,1014497
2022-08-18,UT,2022-08-11,2022-08-17,1023073,3636,4940,0,1019437,1018133
2022-08-25,UT,2022-08-18,2022-08-24,1026270,3197,4953,13,1023073,1021317
2022-09-01,UT,2022-08-25,2022-08-31,1029196,2926,4968,15,1026270,1024228
2022-09-08,UT,2022-09-01,2022-09-07,1031666,2470,4981,13,1029196,1026685
2022-09-15,UT,2022-09-08,2022-09-14,1034232,2566,4989,8,1031666,1029243
2022-09-22,UT,2022-09-15,2022-09-21,1036246,2014,5001,12,1034232,1031245
2022-09-29,UT,2022-09-22,2022-09-28,1038143,1897,5011,10,1036246,1033132
2022-10-06,UT,2022-09-29,2022-10-05,1039876,1733,5022,11,1038143,1034854
2022-10-13,UT,2022-10-06,2022-10-12,1041367,1491,5027,5,1039876,1036340
2022-10-20,UT,2022-10-13,2022-10-19,1043003,1636,5027,0,1041367,1037976
2022-10-27,UT,2022-10-20,2022-10-26,1045112,2109,5040,13,1043003,1040072
2022-11-03,UT,2022-10-27,2022-11-02,1047360,2248,5056,16,1045112,1042304
2022-11-10,UT,2022-11-03,2022-11-09,1050454,3094,5066,10,1047360,1045388
2022-11-17,UT,2022-11-10,2022-11-16,1053893,3439,5076,10,1050454,1048817
2022-11-24,UT,2022-11-17,2022-11-23,1057775,3882,5089,13,1053893,1052686
2022-12-01,UT,2022-11-24,2022-11-30,1061710,3935,5110,21,1057775,1056600
2022-12-08,UT,2022-12-01,2022-12-07,1065871,4161,5127,17,1061710,1060744
2022-12-15,UT,2022-12-08,2022-12-14,1069178,3307,5140,13,1065871,1064038
2022-12-22,UT,2022-12-15,2022-12-21,1072115,2937,5160,20,1069178,1066955
2022-12-29,UT,2022-12-22,2022-12-28,1074359,2244,5176,16,1072115,1069183
2023-01-05,UT,2022-12-29,2023-01-04,1076687,2328,5189,13,1074359,1071498
2023-01-12,UT,2023-01-05,2023-01-11,1078807,2120,5206,17,1076687,1073601
2023-01-19,UT,2023-01-12,2023-01-18,1079874,1067,5222,16,1078807,1074652
2023-01-26,UT,2023-01-19,2023-01-25,1081175,1301,5234,12,1079874,1075941
2023-02-02,UT,2023-01-26,2023-02-01,1082353,1178,5253,19,1081175,1077100
2023-02-09,UT,2023-02-02,2023-02-08,1083696,1343,5260,7,1082353,1078436
2023-02-16,UT,2023-02-09,2023-02-15,1085257,1561,5270,10,1083696,1079987
2023-02-23,UT,2023-02-16,2023-02-22,1086845,1588,5273,3,1085257,1081572
2023-03-02,UT,2023-02-23,2023-03-01,1088602,1757,5276,3,1086845,1083326
2023-03-09,UT,2023-03-02,2023-03-08,1090140,1538,5287,11,1088602,1084853
2023-03-16,UT,2023-03-09,2023-03-15,1091464,1324,5298,11,1090140,1086166
2023-03-23,UT,2023-03-16,2023-03-22,1092564,1100,5309,11,1091464,1087255
2023-03-30,UT,2023-03-23,2023-03-29,1093462,898,5316,7,1092564,1088146
2023-04-06,UT,2023-03-30,2023-04-05,1094352,890,5322,6,1093462,1089030
2023-04-13,UT,2023-04-06,2023-04-12,1095162,810,5334,12,1094352,1089828
2023-04-20,UT,2023-04-13,2023-04-19,1095842,680,5341,7,1095162,1090501
2023-04-27,UT,2023-04-20,2023-04-26,1096418,576,5343,2,1095842,1091075
2023-05-04,UT,2023-04-27,2023-05-03,1096961,543,5352,9,1096418,1091609
2023-05-11,UT,2023-05-04,2023-05-10,1097475,514,5362,10,1096961,1092113
2020-01-23,VA,2020-01-16,2020-01-22,0,0,0,0,0,0
2020-01-30,VA,2020-01-23,2020-01-29,0,0,0,0,0,0
2020-02-06,VA,2020-01-30,2020-02-05,0,0,0,0,0,0
2020-02-13,VA,2020-02-06,2020-02-12,0,0,0,0,0,0
2020-02-20,VA,2020-02-13,2020-02-19,0,0,0,0,0,0
2020-02-27,VA,2020-02-20,2020-02-26,0,0,0,0,0,0
2020-03-05,VA,2020-02-27,2020-03-04,0,0,0,0,0,0
2020-03-12,VA,2020-03-05,2020-03-11,7,7,0,0,0,7
2020-03-19,VA,2020-03-12,2020-03-18,78,71,2,2,7,76
2020-03-26,VA,2020-03-19,2020-03-25,395,317,9,7,78,386
2020-04-02,VA,2020-03-26,2020-04-01,1483,1088,34,25,395,1449
2020-04-09,VA,2020-04-02,2020-04-08,3647,2164,66,32,1483,3581
2020-04-16,VA,2020-04-09,2020-04-15,6495,2848,195,129,3647,6300
2020-04-23,VA,2020-04-16,2020-04-22,10264,3769,348,153,6495,9916
2020-04-30,VA,2020-04-23,2020-04-29,14961,4697,519,171,10264,14442
2020-05-07,VA,2020-04-30,2020-05-06,20987,6026,736,217,14961,20251
2020-05-14,VA,2020-05-07,2020-05-13,26744,5757,927,191,20987,25817
2020-05-21,VA,2020-05-14,2020-05-20,32910,6166,1074,147,26744,31836
2020-05-28,VA,2020-05-21,2020-05-27,40246,7336,1275,201,32910,38971
2020-06-04,VA,2020-05-28,2020-06-03,46901,6655,1418,143,40246,45483
2020-06-11,VA,2020-06-04,2020-06-10,52168,5267,1510,92,46901,50658
2020-06-18,VA,2020-06-11,2020-06-17,55766,3598,1573,63,52168,54193
2020-06-25,VA,2020-06-18,2020-06-24,59504,3738,1652,79,55766,57852
2020-07-02,VA,2020-06-25,2020-07-01,63212,3708,1778,126,59504,61434
2020-07-09,VA,2020-07-02,2020-07-08,67374,4162,1896,118,63212,65478
2020-07-16,VA,2020-07-09,2020-07-15,73527,6153,1984,88,67374,71543
2020-07-23,VA,2020-07-16,2020-07-22,80389,6862,2046,62,73527,78343
2020-07-30,VA,2020-07-23,2020-07-29,87990,7601,2121,75,80389,85869
2020-08-06,VA,2020-07-30,2020-08-05,95051,7061,2272,151,87990,92779
2020-08-13,VA,2020-08-06,2020-08-12,102522,7471,2344,72,95051,100178
2020-08-20,VA,2020-08-13,2020-08-19,109025,6503,2410,66,102522,106615
2020-08-27,VA,2020-08-20,2020-08-26,115459,6434,2513,103,109025,112946
2020-09-03,VA,2020-08-27,2020-09-02,122517,7058,2639,126,115459,119878
2020-09-10,VA,2020-09-03,2020-09-09,129294,6777,2695,56,122517,126599
2020-09-17,VA,2020-09-10,2020-09-16,136364,7070,2884,189,129294,133480
2020-09-24,VA,2020-09-17,2020-09-23,142593,6229,3089,205,136364,139504
2020-10-01,VA,2020-09-24,2020-09-30,148270,5677,3205,116,142593,145065
2020-10-08,VA,2020-10-01,2020-10-07,153693,5423,3303,98,148270,150390
2020-10-15,VA,2020-10-08,2020-10-14,161607,7914,3377,74,153693,158230
2020-10-22,VA,2020-10-15,2020-10-21,168774,7167,3510,133,161607,165264
2020-10-29,VA,2020-10-22,2020-10-28,176757,7983,3611,101,168774,173146
2020-11-05,VA,2020-10-29,2020-11-04,185836,9079,3675,64,176757,182161
2020-11-12,VA,2020-11-05,2020-11-11,196510,10674,3734,59,185836,192776
2020-11-19,VA,2020-11-12,2020-11-18,208840,12330,3853,119,196510,204987
2020-11-26,VA,2020-11-19,2020-11-25,226287,17447,4001,148,208840,222286
2020-12-03,VA,2020-11-26,2020-12-02,242462,16175,4106,105,226287,238356
2020-12-10,VA,2020-12-03,2020-12-09,267113,24651,4278,172,242462,262835
2020-12-17,VA,2020-12-10,2020-12-16,292241,25128,4504,226,267113,287737
2020-12-24,VA,2020-12-17,2020-12-23,319134,26893,4758,254,292241,314376
2020-12-31,VA,2020-12-24,2020-12-30,344344,25210,4982,224,319134,339362
2021-01-07,VA,2020-12-31,2021-01-06,377309,32965,5227,245,344344,372082
2021-01-14,VA,2021-01-07,2021-01-13,412575,35266,5552,325,377309,407023
2021-01-21,VA,2021-01-14,2021-01-20,455600,43025,5861,309,412575,449739
2021-01-28,VA,2021-01-21,2021-01-27,488537,32937,6227,366,455600,482310
2021-02-04,VA,2021-01-28,2021-02-03,513299,24762,6572,345,488537,506727
2021-02-11,VA,2021-02-04,2021-02-10,537248,23949,6921,349,513299,530327
2021-02-18,VA,2021-02-11,2021-02-17,555271,18023,7070,149,537248,548201
2021-02-25,VA,2021-02-18,2021-02-24,568746,13475,7808,738,555271,560938
2021-03-04,VA,2021-02-25,2021-03-03,579787,11041,9314,1506,568746,570473
2021-03-11,VA,2021-03-04,2021-03-10,588906,9119,9802,488,579787,579104
2021-03-18,VA,2021-03-11,2021-03-17,598290,9384,10053,251,588906,588237
2021-03-25,VA,2021-03-18,2021-03-24,608524,10234,10127,74,598290,598397
2021-04-01,VA,2021-03-25,2021-03-31,618792,10268,10240,113,608524,608552
2021-04-08,VA,2021-04-01,2021-04-07,628956,10164,10397,157,618792,618559
2021-04-15,VA,2021-04-08,2021-04-14,640031,11075,10496,99,628956,629535
2021-04-22,VA,2021-04-15,2021-04-21,649459,9428,10618,122,640031,638841
2021-04-29,VA,2021-04-22,2021-04-28,656879,7420,10715,97,649459,646164
2021-05-06,VA,2021-04-29,2021-05-05,663157,6278,10818,103,656879,652339
2021-05-13,VA,2021-05-06,2021-05-12,667615,4458,10904,86,663157,656711
2021-05-20,VA,2021-05-13,2021-05-19,670639,3024,11009,105,667615,659630
2021-05-27,VA,2021-05-20,2021-05-26,673310,2671,11093,84,670639,662217
2021-06-03,VA,2021-05-27,2021-06-02,675006,1696,11164,71,673310,663842
2021-06-10,VA,2021-06-03,2021-06-09,676373,1367,11215,51,675006,665158
2021-06-17,VA,2021-06-10,2021-06-16,677366,993,11277,62,676373,666089
2021-06-24,VA,2021-06-17,2021-06-23,678295,929,11319,42,677366,666976
2021-07-01,VA,2021-06-24,2021-06-30,679910,1615,11369,50,678295,668541
2021-07-08,VA,2021-07-01,2021-07-07,681359,1449,11396,27,679910,669963
2021-07-15,VA,2021-07-08,2021-07-14,683484,2125,11437,41,681359,672047
2021-07-22,VA,2021-07-15,2021-07-21,686771,3287,11465,28,683484,675306
2021-07-29,VA,2021-07-22,2021-07-28,692115,5344,11512,47,686771,680603
2021-08-05,VA,2021-07-29,2021-08-04,701052,8937,11531,19,692115,689521
2021-08-12,VA,2021-08-05,2021-08-11,713195,12143,11576,45,701052,701619
2021-08-19,VA,2021-08-12,2021-08-18,728524,15329,11627,51,713195,716897
2021-08-26,VA,2021-08-19,2021-08-25,747641,19117,11709,82,728524,735932
2021-09-02,VA,2021-08-26,2021-09-01,769842,22201,11855,146,747641,757987
2021-09-09,VA,2021-09-02,2021-09-08,793396,23554,11970,115,769842,781426
2021-09-16,VA,2021-09-09,2021-09-15,818803,25407,12167,197,793396,806636
2021-09-23,VA,2021-09-16,2021-09-22,843082,24279,12403,236,818803,830679
2021-09-30,VA,2021-09-23,2021-09-29,863668,20586,12693,290,843082,850975
2021-10-07,VA,2021-09-30,2021-10-06,882373,18705,12985,292,863668,869388
2021-10-14,VA,2021-10-07,2021-10-13,897761,15388,13277,292,882373,884484
2021-10-21,VA,2021-10-14,2021-10-20,911113,13352,13565,288,897761,897548
2021-10-28,VA,2021-10-21,2021-10-27,921354,10241,13796,231,911113,907558
2021-11-04,VA,2021-10-28,2021-11-03,930418,9064,14026,230,921354,916392
2021-11-11,VA,2021-11-04,2021-11-10,939690,9272,14250,224,930418,925440
2021-11-18,VA,2021-11-11,2021-11-17,949801,10111,14439,189,939690,935362
2021-11-25,VA,2021-11-18,2021-11-24,960708,10907,14594,155,949801,946114
2021-12-02,VA,2021-11-25,2021-12-01,971530,10822,14725,131,960708,956805
2021-12-09,VA,2021-12-02,2021-12-08,988149,16619,14834,109,971530,973315
2021-12-16,VA,2021-12-09,2021-12-15,1006253,18104,15020,186,988149,991233
2021-12-23,VA,2021-12-16,2021-12-22,1034122,27869,15217,197,1006253,1018905
2021-12-30,VA,2021-12-23,2021-12-29,1087405,53283,15528,311,1034122,1071877
2022-01-06,VA,2021-12-30,2022-01-05,1186887,99482,15619,91,1087405,1171268
2022-01-13,VA,2022-01-06,2022-01-12,1315256,128369,15731,112,1186887,1299525
2022-01-20,VA,2022-01-13,2022-01-19,1419848,104592,15826,95,1315256,1404022
2022-01-27,VA,2022-01-20,2022-01-26,1502671,82823,16040,214,1419848,1486631
2022-02-03,VA,2022-01-27,2022-02-02,1557148,54477,16404,364,1502671,1540744
2022-02-10,VA,2022-02-03,2022-02-09,1591560,34412,17297,893,1557148,1574263
2022-02-17,VA,2022-02-10,2022-02-16,1613908,22348,17866,569,1591560,1596042
2022-02-24,VA,2022-02-17,2022-02-23,1629235,15327,18320,454,1613908,1610915
2022-03-03,VA,2022-02-24,2022-03-02,1639686,10451,18840,520,1629235,1620846
2022-03-10,VA,2022-03-03,2022-03-09,1646918,7232,19115,275,1639686,1627803
2022-03-17,VA,2022-03-10,2022-03-16,1653999,7081,19361,246,1646918,1634638
2022-03-24,VA,2022-03-17,2022-03-23,1659447,5448,19516,155,1653999,1639931
2022-03-31,VA,2022-03-24,2022-03-30,1664702,5255,19632,116,1659447,1645070
2022-04-07,VA,2022-03-31,2022-04-06,1670794,6092,19750,118,1664702,1651044
2022-04-14,VA,2022-04-07,2022-04-13,1678772,7978,19911,161,1670794,1658861
2022-04-21,VA,2022-04-14,2022-04-20,1686600,7828,20053,142,1678772,1666547
2022-04-28,VA,2022-04-21,2022-04-27,1696869,10269,20162,109,1686600,1676707
2022-05-05,VA,2022-04-28,2022-05-04,1709651,12782,20216,54,1696869,1689435
2022-05-12,VA,2022-05-05,2022-05-11,1726049,16398,20259,43,1709651,1705790
2022-05-19,VA,2022-05-12,2022-05-18,1746783,20734,20288,29,1726049,1726495
2022-05-26,VA,2022-05-19,2022-05-25,1769771,22988,20320,32,1746783,1749451
2022-06-02,VA,2022-05-26,2022-06-01,1789861,20090,20358,38,1769771,1769503
2022-06-09,VA,2022-06-02,2022-06-08,1810425,20564,20398,40,1789861,1790027
2022-06-16,VA,2022-06-09,2022-06-15,1829020,18595,20412,14,1810425,1808608
2022-06-23,VA,2022-06-16,2022-06-22,1845652,16632,20443,31,1829020,1825209
2022-06-30,VA,2022-06-23,2022-06-29,1864527,18875,20547,104,1845652,1843980
2022-07-07,VA,2022-06-30,2022-07-06,1882691,18164,20663,116,1864527,1862028
2022-07-14,VA,2022-07-07,2022-07-13,1903713,21022,20742,79,1882691,1882971
2022-07-21,VA,2022-07-14,2022-07-20,1923918,20205,20808,66,1903713,1903110
2022-07-28,VA,2022-07-21,2022-07-27,1945465,21547,20860,52,1923918,1924605
2022-08-04,VA,2022-07-28,2022-08-03,1965859,20394,20966,106,1945465,1944893
2022-08-11,VA,2022-08-04,2022-08-10,1985009,19150,21072,106,1965859,1963937
2022-08-18,VA,2022-08-11,2022-08-17,2002771,17762,21175,103,1985009,1981596
2022-08-25,VA,2022-08-18,2022-08-24,2021539,18768,21296,121,2002771,2000243
2022-09-01,VA,2022-08-25,2022-08-31,2038886,17347,21395,99,2021539,2017491
2022-09-08,VA,2022-09-01,2022-09-07,2052693,13807,21509,114,2038886,2031184
2022-09-15,VA,2022-09-08,2022-09-14,2064814,12121,21620,111,2052693,2043194
2022-09-22,VA,2022-09-15,2022-09-21,2074577,9763,21700,80,2064814,2052877
2022-09-29,VA,2022-09-22,2022-09-28,2083101,8524,21795,95,2074577,2061306
2022-10-06,VA,2022-09-29,2022-10-05,2090271,7170,21875,80,2083101,2068396
2022-10-13,VA,2022-10-06,2022-10-12,2098288,8017,21968,93,2090271,2076320
2022-10-20,VA,2022-10-13,2022-10-19,2106081,7793,22049,81,2098288,2084032
2022-10-27,VA,2022-10-20,2022-10-26,2113282,7201,22126,77,2106081,2091156
2022-11-03,VA,2022-10-27,2022-11-02,2121644,8362,22179,53,2113282,2099465
2022-11-10,VA,2022-11-03,2022-11-09,2129174,7530,22210,31,2121644,2106964
2022-11-17,VA,2022-11-10,2022-11-16,2135699,6525,22238,28,2129174,2113461
2022-11-24,VA,2022-11-17,2022-11-23,2141888,6189,22327,89,2135699,2119561
2022-12-01,VA,2022-11-24,2022-11-30,2149490,7602,22407,80,2141888,2127083
2022-12-08,VA,2022-12-01,2022-12-07,2159651,10161,22490,83,2149490,2137161
2022-12-15,VA,2022-12-08,2022-12-14,2171416,11765,22558,68,2159651,2148858
2022-12-22,VA,2022-12-15,2022-12-21,2185270,13854,22615,57,2171416,2162655
2022-12-29,VA,2022-12-22,2022-12-28,2199302,14032,22656,41,2185270,2176646
2023-01-05,VA,2022-12-29,2023-01-04,2211819,12517,22680,24,2199302,2189139
2023-01-12,VA,2023-01-05,2023-01-11,2229477,17658,22813,133,2211819,2206664
2023-01-19,VA,2023-01-12,2023-01-18,2239797,10320,22955,142,2229477,2216842
2023-01-26,VA,2023-01-19,2023-01-25,2250161,10364,23079,124,2239797,2227082
2023-02-02,VA,2023-01-26,2023-02-01,2259746,9585,23128,49,2250161,2236618
2023-02-09,VA,2023-02-02,2023-02-08,2268016,8270,23452,25,2259746,2244564
2023-02-16,VA,2023-02-09,2023-02-15,2275330,7314,23587,73,2268016,2251743
2023-02-23,VA,2023-02-16,2023-02-22,2281020,5690,23614,27,2275330,2257406
2023-03-02,VA,2023-02-23,2023-03-01,2286259,5239,23628,14,2281020,2262631
2023-03-09,VA,2023-03-02,2023-03-08,2290811,4552,23643,15,2286259,2267168
2023-03-16,VA,2023-03-09,2023-03-15,2293698,2887,23653,10,2290811,2270045
2023-03-23,VA,2023-03-16,2023-03-22,2296521,2823,23660,7,2293698,2272861
2023-03-30,VA,2023-03-23,2023-03-29,2299365,2844,23674,14,2296521,2275691
2023-04-06,VA,2023-03-30,2023-04-05,2301842,2477,23698,24,2299365,2278144
2023-04-13,VA,2023-04-06,2023-04-12,2304034,2192,23706,8,2301842,2280328
2023-04-20,VA,2023-04-13,2023-04-19,2305863,1829,23720,14,2304034,2282143
2023-04-27,VA,2023-04-20,2023-04-26,2307444,1581,23730,10,2305863,2283714
2023-05-04,VA,2023-04-27,2023-05-03,2309101,1657,23736,6,2307444,2285365
2023-05-11,VA,2023-05-04,2023-05-10,2310846,1745,23743,7,2309101,2287103
2020-01-23,VI,2020-01-16,2020-01-22,0,0,0,0,0,0
2020-01-30,VI,2020-01-23,2020-01-29,0,0,0,0,0,0
2020-02-06,VI,2020-01-30,2020-02-05,0,0,0,0,0,0
2020-02-13,VI,2020-02-06,2020-02-12,0,0,0,0,0,0
2020-02-20,VI,2020-02-13,2020-02-19,0,0,0,0,0,0
2020-02-27,VI,2020-02-20,2020-02-26,0,0,0,0,0,0
2020-03-05,VI,2020-02-27,2020-03-04,0,0,0,0,0,0
2020-03-12,VI,2020-03-05,2020-03-11,0,0,0,0,0,0
2020-03-19,VI,2020-03-12,2020-03-18,2,2,0,0,0,2
2020-03-26,VI,2020-03-19,2020-03-25,17,15,0,0,2,17
2020-04-02,VI,2020-03-26,2020-04-01,30,13,0,0,17,30
2020-04-09,VI,2020-04-02,2020-04-08,45,15,1,1,30,44
2020-04-16,VI,2020-04-09,2020-04-15,51,6,1,0,45,50
2020-04-23,VI,2020-04-16,2020-04-22,54,3,3,2,51,51
2020-04-30,VI,2020-04-23,2020-04-29,57,3,4,1,54,53
2020-05-07,VI,2020-04-30,2020-05-06,66,9,4,0,57,62
2020-05-14,VI,2020-05-07,2020-05-13,69,3,6,2,66,63
2020-05-21,VI,2020-05-14,2020-05-20,69,0,6,0,69,63
2020-05-28,VI,2020-05-21,2020-05-27,69,0,6,0,69,63
2020-06-04,VI,2020-05-28,2020-06-03,70,1,6,0,69,64
2020-06-11,VI,2020-06-04,2020-06-10,72,2,6,0,70,66
2020-06-18,VI,2020-06-11,2020-06-17,73,1,6,0,72,67
2020-06-25,VI,2020-06-18,2020-06-24,76,3,6,0,73,70
2020-07-02,VI,2020-06-25,2020-07-01,90,14,6,0,76,84
2020-07-09,VI,2020-07-02,2020-07-08,122,32,6,0,90,116
2020-07-16,VI,2020-07-09,2020-07-15,243,121,6,0,122,237
2020-07-23,VI,2020-07-16,2020-07-22,320,77,7,1,243,313
2020-07-30,VI,2020-07-23,2020-07-29,385,65,8,1,320,377
2020-08-06,VI,2020-07-30,2020-08-05,481,96,8,0,385,473
2020-08-13,VI,2020-08-06,2020-08-12,639,158,9,1,481,630
2020-08-20,VI,2020-08-13,2020-08-19,828,189,9,0,639,819
2020-08-27,VI,2020-08-20,2020-08-26,1030,202,14,5,828,1016
2020-09-03,VI,2020-08-27,2020-09-02,1144,114,15,1,1030,1129
2020-09-10,VI,2020-09-03,2020-09-09,1197,53,18,3,1144,1179
2020-09-17,VI,2020-09-10,2020-09-16,1232,35,19,1,1197,1213
2020-09-24,VI,2020-09-17,2020-09-23,1290,58,19,0,1232,1271
2020-10-01,VI,2020-09-24,2020-09-30,1318,28,20,1,1290,1298
2020-10-08,VI,2020-10-01,2020-10-07,1322,4,20,0,1318,1302
2020-10-15,VI,2020-10-08,2020-10-14,1328,6,20,0,1322,1308
2020-10-22,VI,2020-10-15,2020-10-21,1337,9,21,1,1328,1316
2020-10-29,VI,2020-10-22,2020-10-28,1353,16,21,0,1337,1332
2020-11-05,VI,2020-10-29,2020-11-04,1388,35,23,2,1353,1365
2020-11-12,VI,2020-11-05,2020-11-11,1413,25,23,0,1388,1390
2020-11-19,VI,2020-11-12,2020-11-18,1463,50,23,0,1413,1440
2020-11-26,VI,2020-11-19,2020-11-25,1521,58,23,0,1463,1498
2020-12-03,VI,2020-11-26,2020-12-02,1589,68,23,0,1521,1566
2020-12-10,VI,2020-12-03,2020-12-09,1698,109,23,0,1589,1675
2020-12-17,VI,2020-12-10,2020-12-16,1828,130,23,0,1698,1805
2020-12-24,VI,2020-12-17,2020-12-23,1967,139,23,0,1828,1944
2020-12-31,VI,2020-12-24,2020-12-30,2031,64,23,0,1967,2008
2021-01-07,VI,2020-12-31,2021-01-06,2106,75,24,1,2031,2082
2021-01-14,VI,2021-01-07,2021-01-13,2166,60,24,0,2106,2142
2021-01-21,VI,2021-01-14,2021-01-20,2305,139,24,0,2166,2281
2021-01-28,VI,2021-01-21,2021-01-27,2373,68,24,0,2305,2349
2021-02-04,VI,2021-01-28,2021-02-03,2440,67,24,0,2373,2416
2021-02-11,VI,2021-02-04,2021-02-10,2505,65,25,1,2440,2480
2021-02-18,VI,2021-02-11,2021-02-17,2558,53,25,0,2505,2533
2021-02-25,VI,2021-02-18,2021-02-24,2623,65,25,0,2558,2598
2021-03-04,VI,2021-02-25,2021-03-03,2695,72,25,0,2623,2670
2021-03-11,VI,2021-03-04,2021-03-10,2761,66,25,0,2695,2736
2021-03-18,VI,2021-03-11,2021-03-17,2803,42,25,0,2761,2778
2021-03-25,VI,2021-03-18,2021-03-24,2876,73,25,0,2803,2851
2021-04-01,VI,2021-03-25,2021-03-31,2907,31,26,1,2876,2881
2021-04-08,VI,2021-04-01,2021-04-07,2954,47,26,0,2907,2928
2021-04-15,VI,2021-04-08,2021-04-14,3005,51,26,0,2954,2979
2021-04-22,VI,2021-04-15,2021-04-21,3044,39,27,1,3005,3017
2021-04-29,VI,2021-04-22,2021-04-28,3098,54,27,0,3044,3071
2021-05-06,VI,2021-04-29,2021-05-05,3178,80,27,0,3098,3151
2021-05-13,VI,2021-05-06,2021-05-12,3256,78,27,0,3178,3229
2021-05-20,VI,2021-05-13,2021-05-19,3308,52,27,0,3256,3281
2021-05-27,VI,2021-05-20,2021-05-26,3399,91,27,0,3308,3372
2021-06-03,VI,2021-05-27,2021-06-02,3539,140,28,1,3399,3511
2021-06-10,VI,2021-06-03,2021-06-09,3652,113,28,0,3539,3624
2021-06-17,VI,2021-06-10,2021-06-16,3747,95,30,2,3652,3717
2021-06-24,VI,2021-06-17,2021-06-23,3819,72,30,0,3747,3789
2021-07-01,VI,2021-06-24,2021-06-30,3879,60,30,0,3819,3849
2021-07-08,VI,2021-07-01,2021-07-07,3970,91,32,2,3879,3938
2021-07-15,VI,2021-07-08,2021-07-14,4104,134,32,0,3970,4072
2021-07-22,VI,2021-07-15,2021-07-21,4286,182,33,1,4104,4253
2021-07-29,VI,2021-07-22,2021-07-28,4497,211,36,3,4286,4461
2021-08-05,VI,2021-07-29,2021-08-04,4777,280,39,3,4497,4738
2021-08-12,VI,2021-08-05,2021-08-11,5093,316,41,2,4777,5052
2021-08-19,VI,2021-08-12,2021-08-18,5413,320,41,0,5093,5372
2021-08-26,VI,2021-08-19,2021-08-25,5707,294,51,10,5413,5656
2021-09-02,VI,2021-08-26,2021-09-01,5934,227,56,5,5707,5878
2021-09-09,VI,2021-09-02,2021-09-08,6102,168,63,7,5934,6039
2021-09-16,VI,2021-09-09,2021-09-15,6351,249,67,4,6102,6284
2021-09-23,VI,2021-09-16,2021-09-22,6557,206,69,2,6351,6488
2021-09-30,VI,2021-09-23,2021-09-29,6721,164,71,2,6557,6650
2021-10-07,VI,2021-09-30,2021-10-06,6885,164,72,1,6721,6813
2021-10-14,VI,2021-10-07,2021-10-13,6978,93,75,3,6885,6903
2021-10-21,VI,2021-10-14,2021-10-20,7099,121,78,3,6978,7021
2021-10-28,VI,2021-10-21,2021-10-27,7172,73,81,3,7099,7091
2021-11-04,VI,2021-10-28,2021-11-03,7251,79,82,1,7172,7169
2021-11-11,VI,2021-11-04,2021-11-10,7329,78,84,2,7251,7245
2021-11-18,VI,2021-11-11,2021-11-17,7397,68,84,0,7329,7313
2021-11-25,VI,2021-11-18,2021-11-24,7490,93,85,1,7397,7405
2021-12-02,VI,2021-11-25,2021-12-01,7514,24,87,2,7490,7427
2021-12-09,VI,2021-12-02,2021-12-08,7582,68,87,0,7514,7495
2021-12-16,VI,2021-12-09,2021-12-15,7624,42,88,1,7582,7536
2021-12-23,VI,2021-12-16,2021-12-22,7763,139,88,0,7624,7675
2021-12-30,VI,2021-12-23,2021-12-29,8725,962,88,0,7763,8637
2022-01-06,VI,2021-12-30,2022-01-05,11160,2435,89,1,8725,11071
2022-01-13,VI,2022-01-06,2022-01-12,13110,1950,90,1,11160,13020
2022-01-20,VI,2022-01-13,2022-01-19,14028,918,94,4,13110,13934
2022-01-27,VI,2022-01-20,2022-01-26,14689,661,98,4,14028,14591
2022-02-03,VI,2022-01-27,2022-02-02,14935,246,102,4,14689,14833
2022-02-10,VI,2022-02-03,2022-02-09,15128,193,104,2,14935,15024
2022-02-17,VI,2022-02-10,2022-02-16,15246,118,108,4,15128,15138
2022-02-24,VI,2022-02-17,2022-02-23,15327,81,109,1,15246,15218
2022-03-03,VI,2022-02-24,2022-03-02,15410,83,109,0,15327,15301
2022-03-10,VI,2022-03-03,2022-03-09,15444,34,109,0,15410,15335
2022-03-17,VI,2022-03-10,2022-03-16,15572,128,109,0,15444,15463
2022-03-24,VI,2022-03-17,2022-03-23,15596,24,110,1,15572,15486
2022-03-31,VI,2022-03-24,2022-03-30,15636,40,111,1,15596,15525
2022-04-07,VI,2022-03-31,2022-04-06,15726,90,111,0,15636,15615
2022-04-14,VI,2022-04-07,2022-04-13,15836,110,111,0,15726,15725
2022-04-21,VI,2022-04-14,2022-04-20,15955,119,111,0,15836,15844
2022-04-28,VI,2022-04-21,2022-04-27,16260,305,111,0,15955,16149
2022-05-05,VI,2022-04-28,2022-05-04,16918,658,113,2,16260,16805
2022-05-12,VI,2022-05-05,2022-05-11,17672,754,113,0,16918,17559
2022-05-19,VI,2022-05-12,2022-05-18,18551,879,113,0,17672,18438
2022-05-26,VI,2022-05-19,2022-05-25,19252,701,113,0,18551,19139
2022-06-02,VI,2022-05-26,2022-06-01,19971,719,113,0,19252,19858
2022-06-09,VI,2022-06-02,2022-06-08,20332,361,115,2,19971,20217
2022-06-16,VI,2022-06-09,2022-06-15,20562,230,117,2,20332,20445
2022-06-23,VI,2022-06-16,2022-06-22,20704,142,118,1,20562,20586
2022-06-30,VI,2022-06-23,2022-06-29,20899,195,118,0,20704,20781
2022-07-07,VI,2022-06-30,2022-07-06,21022,123,118,0,20899,20904
2022-07-14,VI,2022-07-07,2022-07-13,21246,224,120,2,21022,21126
2022-07-21,VI,2022-07-14,2022-07-20,21499,253,120,0,21246,21379
2022-07-28,VI,2022-07-21,2022-07-27,21677,178,120,0,21499,21557
2022-08-04,VI,2022-07-28,2022-08-03,21921,244,121,1,21677,21800
2022-08-11,VI,2022-08-04,2022-08-10,22075,154,122,1,21921,21953
2022-08-18,VI,2022-08-11,2022-08-17,22278,203,122,0,22075,22156
2022-08-25,VI,2022-08-18,2022-08-24,22481,203,122,0,22278,22359
2022-09-01,VI,2022-08-25,2022-08-31,22711,230,122,0,22481,22589
2022-09-08,VI,2022-09-01,2022-09-07,22859,148,122,0,22711,22737
2022-09-15,VI,2022-09-08,2022-09-14,23018,159,123,1,22859,22895
2022-09-22,VI,2022-09-15,2022-09-21,23095,77,123,0,23018,22972
2022-09-29,VI,2022-09-22,2022-09-28,23154,59,123,0,23095,23031
2022-10-06,VI,2022-09-29,2022-10-05,23198,44,123,0,23154,23075
2022-10-13,VI,2022-10-06,2022-10-12,23233,35,123,0,23198,23110
2022-10-20,VI,2022-10-13,2022-10-19,23276,43,123,0,23233,23153
2022-10-27,VI,2022-10-20,2022-10-26,23311,35,124,1,23276,23187
2022-11-03,VI,2022-10-27,2022-11-02,23367,56,124,0,23311,23243
2022-11-10,VI,2022-11-03,2022-11-09,23435,68,124,0,23367,23311
2022-11-17,VI,2022-11-10,2022-11-16,23466,31,124,0,23435,23342
2022-11-24,VI,2022-11-17,2022-11-23,23495,29,124,0,23466,23371
2022-12-01,VI,2022-11-24,2022-11-30,23520,25,125,1,23495,23395
2022-12-08,VI,2022-12-01,2022-12-07,23608,88,126,1,23520,23482
2022-12-15,VI,2022-12-08,2022-12-14,23669,61,126,0,23608,23543
2022-12-22,VI,2022-12-15,2022-12-21,23721,52,127,1,23669,23594
2022-12-29,VI,2022-12-22,2022-12-28,23764,43,127,0,23721,23637
2023-01-05,VI,2022-12-29,2023-01-04,23820,56,127,0,23764,23693
2023-01-12,VI,2023-01-05,2023-01-11,23951,131,127,0,23820,23824
2023-01-19,VI,2023-01-12,2023-01-18,24176,225,129,2,23951,24047
2023-01-26,VI,2023-01-19,2023-01-25,24425,249,129,0,24176,24296
2023-02-02,VI,2023-01-26,2023-02-01,24558,133,129,0,24425,24429
2023-02-09,VI,2023-02-02,2023-02-08,24649,91,129,0,24558,24520
2023-02-16,VI,2023-02-09,2023-02-15,24693,44,130,1,24649,24563
2023-02-23,VI,2023-02-16,2023-02-22,24741,48,130,0,24693,24611
2023-03-02,VI,2023-02-23,2023-03-01,24774,33,130,0,24741,24644
2023-03-09,VI,2023-03-02,2023-03-08,24798,24,130,0,24774,24668
2023-03-16,VI,2023-03-09,2023-03-15,24821,23,130,0,24798,24691
2023-03-23,VI,2023-03-16,2023-03-22,24838,17,130,0,24821,24708
2023-03-30,VI,2023-03-23,2023-03-29,24863,25,130,0,24838,24733
2023-04-06,VI,2023-03-30,2023-04-05,24886,23,130,0,24863,24756
2023-04-13,VI,2023-04-06,2023-04-12,24898,12,130,0,24886,24768
2023-04-20,VI,2023-04-13,2023-04-19,24907,9,130,0,24898,24777
2023-04-27,VI,2023-04-20,2023-04-26,24919,12,130,0,24907,24789
2023-05-04,VI,2023-04-27,2023-05-03,24936,17,131,1,24919,24805
2023-05-11,VI,2023-05-04,2023-05-10,24994,58,131,0,24936,24863
2020-01-23,VT,2020-01-16,2020-01-22,0,0,0,0,0,0
2020-01-30,VT,2020-01-23,2020-01-29,0,0,0,0,0,0
2020-02-06,VT,2020-01-30,2020-02-05,0,0,0,0,0,0
2020-02-13,VT,2020-02-06,2020-02-12,0,0,0,0,0,0
2020-02-20,VT,2020-02-13,2020-02-19,0,0,0,0,0,0
2020-02-27,VT,2020-02-20,2020-02-26,0,0,0,0,0,0
2020-03-05,VT,2020-02-27,2020-03-04,0,0,0,0,0,0
2020-03-12,VT,2020-03-05,2020-03-11,1,1,0,0,0,1
2020-03-19,VT,2020-03-12,2020-03-18,8,7,0,0,1,8
2020-03-26,VT,2020-03-19,2020-03-25,52,44,3,3,8,49
2020-04-02,VT,2020-03-26,2020-04-01,234,182,12,9,52,222
2020-04-09,VT,2020-04-02,2020-04-08,512,278,22,10,234,490
2020-04-16,VT,2020-04-09,2020-04-15,733,221,31,9,512,702
2020-04-23,VT,2020-04-16,2020-04-22,813,80,42,11,733,771
2020-04-30,VT,2020-04-23,2020-04-29,852,39,52,10,813,800
2020-05-07,VT,2020-04-30,2020-05-06,896,44,56,4,852,840
2020-05-14,VT,2020-05-07,2020-05-13,926,30,57,1,896,869
2020-05-21,VT,2020-05-14,2020-05-20,940,14,59,2,926,881
2020-05-28,VT,2020-05-21,2020-05-27,957,17,59,0,940,898
2020-06-04,VT,2020-05-28,2020-06-03,981,24,60,1,957,921
2020-06-11,VT,2020-06-04,2020-06-10,1061,80,60,0,981,1001
2020-06-18,VT,2020-06-11,2020-06-17,1125,64,60,0,1061,1065
2020-06-25,VT,2020-06-18,2020-06-24,1159,34,61,1,1125,1098
2020-07-02,VT,2020-06-25,2020-07-01,1205,46,61,0,1159,1144
2020-07-09,VT,2020-07-02,2020-07-08,1252,47,61,0,1205,1191
2020-07-16,VT,2020-07-09,2020-07-15,1296,44,62,1,1252,1234
2020-07-23,VT,2020-07-16,2020-07-22,1350,54,62,0,1296,1288
2020-07-30,VT,2020-07-23,2020-07-29,1402,52,62,0,1350,1340
2020-08-06,VT,2020-07-30,2020-08-05,1426,24,63,1,1402,1363
2020-08-13,VT,2020-08-06,2020-08-12,1459,33,63,0,1426,1396
2020-08-20,VT,2020-08-13,2020-08-19,1516,57,63,0,1459,1453
2020-08-27,VT,2020-08-20,2020-08-26,1557,41,63,0,1516,1494
2020-09-03,VT,2020-08-27,2020-09-02,1613,56,63,0,1557,1550
2020-09-10,VT,2020-09-03,2020-09-09,1647,34,63,0,1613,1584
2020-09-17,VT,2020-09-10,2020-09-16,1685,38,63,0,1647,1622
2020-09-24,VT,2020-09-17,2020-09-23,1719,34,63,0,1685,1656
2020-10-01,VT,2020-09-24,2020-09-30,1747,28,63,0,1719,1684
2020-10-08,VT,2020-10-01,2020-10-07,1789,42,63,0,1747,1726
2020-10-15,VT,2020-10-08,2020-10-14,1873,84,63,0,1789,1810
2020-10-22,VT,2020-10-15,2020-10-21,1945,72,63,0,1873,1882
2020-10-29,VT,2020-10-22,2020-10-28,2089,144,63,0,1945,2026
2020-11-05,VT,2020-10-29,2020-11-04,2214,125,63,0,2089,2151
2020-11-12,VT,2020-11-05,2020-11-11,2438,224,64,1,2214,2374
2020-11-19,VT,2020-11-12,2020-11-18,2972,534,64,0,2438,2908
2020-11-26,VT,2020-11-19,2020-11-25,3729,757,70,6,2972,3659
2020-12-03,VT,2020-11-26,2020-12-02,4227,498,77,7,3729,4150
2020-12-10,VT,2020-12-03,2020-12-09,5024,797,95,18,4227,4929
2020-12-17,VT,2020-12-10,2020-12-16,5764,740,108,13,5024,5656
2020-12-24,VT,2020-12-17,2020-12-23,6470,706,124,16,5764,6346
2020-12-31,VT,2020-12-24,2020-12-30,7074,604,144,20,6470,6930
2021-01-07,VT,2020-12-31,2021-01-06,7856,782,156,12,7074,7700
2021-01-14,VT,2021-01-07,2021-01-13,9018,1162,165,9,7856,8853
2021-01-21,VT,2021-01-14,2021-01-20,10160,1142,174,9,9018,9986
2021-01-28,VT,2021-01-21,2021-01-27,11122,962,181,7,10160,10941
2021-02-04,VT,2021-01-28,2021-02-03,11991,869,187,6,11122,11804
2021-02-11,VT,2021-02-04,2021-02-10,12918,927,193,6,11991,12725
2021-02-18,VT,2021-02-11,2021-02-17,13748,830,200,7,12918,13548
2021-02-25,VT,2021-02-18,2021-02-24,14505,757,207,7,13748,14298
2021-03-04,VT,2021-02-25,2021-03-03,15202,697,215,8,14505,14987
2021-03-11,VT,2021-03-04,2021-03-10,16095,893,217,2,15202,15878
2021-03-18,VT,2021-03-11,2021-03-17,16911,816,224,7,16095,16687
2021-03-25,VT,2021-03-18,2021-03-24,17770,859,227,3,16911,17543
2021-04-01,VT,2021-03-25,2021-03-31,18872,1102,233,6,17770,18639
2021-04-08,VT,2021-04-01,2021-04-07,20160,1288,242,9,18872,19918
2021-04-15,VT,2021-04-08,2021-04-14,21214,1054,247,5,20160,20967
2021-04-22,VT,2021-04-15,2021-04-21,22035,821,252,5,21214,21783
2021-04-29,VT,2021-04-22,2021-04-28,22596,561,253,1,22035,22343
2021-05-06,VT,2021-04-29,2021-05-05,23136,540,257,4,22596,22879
2021-05-13,VT,2021-05-06,2021-05-12,23513,377,260,3,23136,23253
2021-05-20,VT,2021-05-13,2021-05-19,23882,369,262,2,23513,23620
2021-05-27,VT,2021-05-20,2021-05-26,24111,229,263,1,23882,23848
2021-06-03,VT,2021-05-27,2021-06-02,24211,100,263,0,24111,23948
2021-06-10,VT,2021-06-03,2021-06-09,24284,73,264,1,24211,24020
2021-06-17,VT,2021-06-10,2021-06-16,24333,49,264,0,24284,24069
2021-06-24,VT,2021-06-17,2021-06-23,24368,35,264,0,24333,24104
2021-07-01,VT,2021-06-24,2021-06-30,24401,33,264,0,24368,24137
2021-07-08,VT,2021-07-01,2021-07-07,24437,36,266,2,24401,24171
2021-07-15,VT,2021-07-08,2021-07-14,24484,47,268,2,24437,24216
2021-07-22,VT,2021-07-15,2021-07-21,24571,87,268,0,24484,24303
2021-07-29,VT,2021-07-22,2021-07-28,24734,163,268,0,24571,24466
2021-08-05,VT,2021-07-29,2021-08-04,24993,259,268,0,24734,24725
2021-08-12,VT,2021-08-05,2021-08-11,25482,489,271,3,24993,25211
2021-08-19,VT,2021-08-12,2021-08-18,26267,785,273,2,25482,25994
2021-08-26,VT,2021-08-19,2021-08-25,27059,792,280,7,26267,26779
2021-09-02,VT,2021-08-26,2021-09-01,27955,896,285,5,27059,27670
2021-09-09,VT,2021-09-02,2021-09-08,29061,1106,293,8,27955,28768
2021-09-16,VT,2021-09-09,2021-09-15,30156,1095,300,7,29061,29856
2021-09-23,VT,2021-09-16,2021-09-22,31681,1525,312,12,30156,31369
2021-09-30,VT,2021-09-23,2021-09-29,33023,1342,326,14,31681,32697
2021-10-07,VT,2021-09-30,2021-10-06,34203,1180,338,12,33023,33865
2021-10-14,VT,2021-10-07,2021-10-13,35649,1446,349,11,34203,35300
2021-10-21,VT,2021-10-14,2021-10-20,37302,1653,361,12,35649,36941
2021-10-28,VT,2021-10-21,2021-10-27,38820,1518,367,6,37302,38453
2021-11-04,VT,2021-10-28,2021-11-03,40251,1431,384,17,38820,39867
2021-11-11,VT,2021-11-04,2021-11-10,42317,2066,395,11,40251,41922
2021-11-18,VT,2021-11-11,2021-11-17,44832,2515,405,10,42317,44427
2021-11-25,VT,2021-11-18,2021-11-24,47397,2565,415,10,44832,46982
2021-12-02,VT,2021-11-25,2021-12-01,49576,2179,421,6,47397,49155
2021-12-09,VT,2021-12-02,2021-12-08,52891,3315,436,15,49576,52455
2021-12-16,VT,2021-12-09,2021-12-15,55865,2974,453,17,52891,55412
2021-12-23,VT,2021-12-16,2021-12-22,58718,2853,470,17,55865,58248
2021-12-30,VT,2021-12-23,2021-12-29,61509,2791,478,8,58718,61031
2022-01-06,VT,2021-12-30,2022-01-05,66967,5458,495,17,61509,66472
2022-01-13,VT,2022-01-06,2022-01-12,79253,12286,499,4,66967,78754
2022-01-20,VT,2022-01-13,2022-01-19,90567,11314,521,22,79253,90046
2022-01-27,VT,2022-01-20,2022-01-26,99013,8446,542,21,90567,98471
2022-02-03,VT,2022-01-27,2022-02-02,104035,5022,562,20,99013,103473
2022-02-10,VT,2022-02-03,2022-02-09,107136,3101,581,19,104035,106555
2022-02-17,VT,2022-02-10,2022-02-16,109333,2197,595,14,107136,108738
2022-02-24,VT,2022-02-17,2022-02-23,110987,1654,614,19,109333,110373
2022-03-03,VT,2022-02-24,2022-03-02,112133,1146,626,12,110987,111507
2022-03-10,VT,2022-03-03,2022-03-09,113185,1052,636,10,112133,112549
2022-03-17,VT,2022-03-10,2022-03-16,114033,848,639,3,113185,113394
2022-03-24,VT,2022-03-17,2022-03-23,114995,962,644,5,114033,114351
2022-03-31,VT,2022-03-24,2022-03-30,115950,955,648,4,114995,115302
2022-04-07,VT,2022-03-31,2022-04-06,116967,1017,654,6,115950,116313
2022-04-14,VT,2022-04-07,2022-04-13,118295,1328,656,2,116967,117639
2022-04-21,VT,2022-04-14,2022-04-20,120076,1781,658,2,118295,119418
2022-04-28,VT,2022-04-21,2022-04-27,122042,1966,666,8,120076,121376
2022-05-05,VT,2022-04-28,2022-05-04,124456,2414,676,10,122042,123780
2022-05-12,VT,2022-05-05,2022-05-11,126798,2342,685,9,124456,126113
2022-05-19,VT,2022-05-12,2022-05-18,129130,2332,695,10,126798,128435
2022-05-26,VT,2022-05-19,2022-05-25,130937,1807,702,7,129130,130235
2022-06-02,VT,2022-05-26,2022-06-01,132406,1469,711,9,130937,131695
2022-06-09,VT,2022-06-02,2022-06-08,133382,976,716,5,132406,132666
2022-06-16,VT,2022-06-09,2022-06-15,134169,787,722,6,133382,133447
2022-06-23,VT,2022-06-16,2022-06-22,134814,645,726,4,134169,134088
2022-06-30,VT,2022-06-23,2022-06-29,135469,655,729,3,134814,134740
2022-07-07,VT,2022-06-30,2022-07-06,135999,530,733,4,135469,135266
2022-07-14,VT,2022-07-07,2022-07-13,136456,457,737,4,135999,135719
2022-07-21,VT,2022-07-14,2022-07-20,137061,605,740,3,136456,136321
2022-07-28,VT,2022-07-21,2022-07-27,137560,499,744,4,137061,136816
2022-08-04,VT,2022-07-28,2022-08-03,138063,503,747,3,137560,137316
2022-08-11,VT,2022-08-04,2022-08-10,138586,523,753,6,138063,137833
2022-08-18,VT,2022-08-11,2022-08-17,139037,451,758,5,138586,138279
2022-08-25,VT,2022-08-18,2022-08-24,139552,515,765,7,139037,138787
2022-09-01,VT,2022-08-25,2022-08-31,140094,542,770,5,139552,139324
2022-09-08,VT,2022-09-01,2022-09-07,140595,501,774,4,140094,139821
2022-09-15,VT,2022-09-08,2022-09-14,141040,445,775,1,140595,140265
2022-09-22,VT,2022-09-15,2022-09-21,141613,573,783,8,141040,140830
2022-09-29,VT,2022-09-22,2022-09-28,142166,553,786,3,141613,141380
2022-10-06,VT,2022-09-29,2022-10-05,142803,637,792,6,142166,142011
2022-10-13,VT,2022-10-06,2022-10-12,143433,630,798,6,142803,142635
2022-10-20,VT,2022-10-13,2022-10-19,144092,659,803,5,143433,143289
2022-10-27,VT,2022-10-20,2022-10-26,144685,593,809,6,144092,143876
2022-11-03,VT,2022-10-27,2022-11-02,145223,538,820,11,144685,144403
2022-11-10,VT,2022-11-03,2022-11-09,145655,432,830,10,145223,144825
2022-11-17,VT,2022-11-10,2022-11-16,146041,386,839,9,145655,145202
2022-11-24,VT,2022-11-17,2022-11-23,146329,288,847,8,146041,145482
2022-12-01,VT,2022-11-24,2022-11-30,146607,278,852,5,146329,145755
2022-12-08,VT,2022-12-01,2022-12-07,147032,425,859,7,146607,146173
2022-12-15,VT,2022-12-08,2022-12-14,147459,427,864,5,147032,146595
2022-12-22,VT,2022-12-15,2022-12-21,147877,418,871,7,147459,147006
2022-12-29,VT,2022-12-22,2022-12-28,148283,406,872,1,147877,147411
2023-01-05,VT,2022-12-29,2023-01-04,148684,401,878,6,148283,147806
2023-01-12,VT,2023-01-05,2023-01-11,149138,454,884,6,148684,148254
2023-01-19,VT,2023-01-12,2023-01-18,149532,394,889,5,149138,148643
2023-01-26,VT,2023-01-19,2023-01-25,149990,458,896,7,149532,149094
2023-02-02,VT,2023-01-26,2023-02-01,150492,502,899,3,149990,149593
2023-02-09,VT,2023-02-02,2023-02-08,151003,511,906,7,150492,150097
2023-02-16,VT,2023-02-09,2023-02-15,151498,495,913,7,151003,150585
2023-02-23,VT,2023-02-16,2023-02-22,151956,458,927,14,151498,151029
2023-03-02,VT,2023-02-23,2023-03-01,152306,350,931,4,151956,151375
2023-03-09,VT,2023-03-02,2023-03-08,152663,357,932,1,152306,151731
2023-03-16,VT,2023-03-09,2023-03-15,153007,344,935,3,152663,152072
2023-03-23,VT,2023-03-16,2023-03-22,153214,207,942,7,153007,152272
2023-03-30,VT,2023-03-23,2023-03-29,153421,207,942,0,153214,152479
2023-04-06,VT,2023-03-30,2023-04-05,153622,201,946,4,153421,152676
2023-04-13,VT,2023-04-06,2023-04-12,153765,143,948,2,153622,152817
2023-04-20,VT,2023-04-13,2023-04-19,153902,137,959,11,153765,152943
2023-04-27,VT,2023-04-20,2023-04-26,154039,137,962,3,153902,153077
2023-05-04,VT,2023-04-27,2023-05-03,154150,111,963,1,154039,153187
2023-05-11,VT,2023-05-04,2023-05-10,154243,93,967,4,154150,153276
2020-01-23,WA,2020-01-16,2020-01-22,1,1,0,0,0,1
2020-01-30,WA,2020-01-23,2020-01-29,1,0,0,0,1,1
2020-02-06,WA,2020-01-30,2020-02-05,1,0,0,0,1,1
2020-02-13,WA,2020-02-06,2020-02-12,1,0,0,0,1,1
2020-02-20,WA,2020-02-13,2020-02-19,1,0,0,0,1,1
2020-02-27,WA,2020-02-20,2020-02-26,1,0,0,0,1,1
2020-03-05,WA,2020-02-27,2020-03-04,45,44,10,10,1,35
2020-03-12,WA,2020-03-05,2020-03-11,374,329,24,14,45,350
2020-03-19,WA,2020-03-12,2020-03-18,1222,848,67,43,374,1155
2020-03-26,WA,2020-03-19,2020-03-25,2866,1644,133,66,1222,2733
2020-04-02,WA,2020-03-26,2020-04-01,6125,3259,310,177,2866,5815
2020-04-09,WA,2020-04-02,2020-04-08,8814,2689,489,179,6125,8325
2020-04-16,WA,2020-04-09,2020-04-15,10875,2061,609,120,8814,10266
2020-04-23,WA,2020-04-16,2020-04-22,12679,1804,734,125,10875,11945
2020-04-30,WA,2020-04-23,2020-04-29,14349,1670,828,94,12679,13521
2020-05-07,WA,2020-04-30,2020-05-06,16309,1960,911,83,14349,15398
2020-05-14,WA,2020-05-07,2020-05-13,17791,1482,996,85,16309,16795
2020-05-21,WA,2020-05-14,2020-05-20,19142,1351,1052,56,17791,18090
2020-05-28,WA,2020-05-21,2020-05-27,20751,1609,1105,53,19142,19646
2020-06-04,WA,2020-05-28,2020-06-03,22657,1906,1139,34,20751,21518
2020-06-11,WA,2020-06-04,2020-06-10,24772,2115,1186,47,22657,23586
2020-06-18,WA,2020-06-11,2020-06-17,27080,2308,1225,39,24772,25855
2020-06-25,WA,2020-06-18,2020-06-24,30265,3185,1266,41,27080,28999
2020-07-02,WA,2020-06-25,2020-07-01,33997,3732,1309,43,30265,32688
2020-07-09,WA,2020-07-02,2020-07-08,38445,4448,1368,59,33997,37077
2020-07-16,WA,2020-07-09,2020-07-15,44081,5636,1429,61,38445,42652
2020-07-23,WA,2020-07-16,2020-07-22,49836,5755,1488,59,44081,48348
2020-07-30,WA,2020-07-23,2020-07-29,55605,5769,1575,87,49836,54030
2020-08-06,WA,2020-07-30,2020-08-05,60716,5111,1677,102,55605,59039
2020-08-13,WA,2020-08-06,2020-08-12,65163,4447,1755,78,60716,63408
2020-08-20,WA,2020-08-13,2020-08-19,69364,4201,1828,73,65163,67536
2020-08-27,WA,2020-08-20,2020-08-26,73024,3660,1877,49,69364,71147
2020-09-03,WA,2020-08-27,2020-09-02,76350,3326,1924,47,73024,74426
2020-09-10,WA,2020-09-03,2020-09-09,79094,2744,1958,34,76350,77136
2020-09-17,WA,2020-09-10,2020-09-16,82013,2919,2007,49,79094,80006
2020-09-24,WA,2020-09-17,2020-09-23,85251,3238,2057,50,82013,83194
2020-10-01,WA,2020-09-24,2020-09-30,89249,3998,2100,43,85251,87149
2020-10-08,WA,2020-10-01,2020-10-07,93270,4021,2151,51,89249,91119
2020-10-15,WA,2020-10-08,2020-10-14,97718,4448,2196,45,93270,95522
2020-10-22,WA,2020-10-15,2020-10-21,102431,4713,2248,52,97718,100183
2020-10-29,WA,2020-10-22,2020-10-28,107588,5157,2316,68,102431,105272
2020-11-05,WA,2020-10-29,2020-11-04,114951,7363,2380,64,107588,112571
2020-11-12,WA,2020-11-05,2020-11-11,125784,10833,2453,73,114951,123331
2020-11-19,WA,2020-11-12,2020-11-18,140298,14514,2545,92,125784,137753
2020-11-26,WA,2020-11-19,2020-11-25,159543,19245,2662,117,140298,156881
2020-12-03,WA,2020-11-26,2020-12-02,176548,17005,2806,144,159543,173742
2020-12-10,WA,2020-12-03,2020-12-09,197433,20885,2922,116,176548,194511
2020-12-17,WA,2020-12-10,2020-12-16,215106,17673,3041,119,197433,212065
2020-12-24,WA,2020-12-17,2020-12-23,231634,16528,3162,121,215106,228472
2020-12-31,WA,2020-12-24,2020-12-30,244804,13170,3419,257,231634,241385
2021-01-07,WA,2020-12-31,2021-01-06,262154,17350,3604,185,244804,258550
2021-01-14,WA,2021-01-07,2021-01-13,281424,19270,3833,229,262154,277591
2021-01-21,WA,2021-01-14,2021-01-20,294547,13123,3939,106,281424,290608
2021-01-28,WA,2021-01-21,2021-01-27,305703,11156,4211,272,294547,301492
2021-02-04,WA,2021-01-28,2021-02-03,316826,11123,4387,176,305703,312439
2021-02-11,WA,2021-02-04,2021-02-10,324994,8168,4602,215,316826,320392
2021-02-18,WA,2021-02-11,2021-02-17,330730,5736,4758,156,324994,325972
2021-02-25,WA,2021-02-18,2021-02-24,336577,5847,4908,150,330730,331669
2021-03-04,WA,2021-02-25,2021-03-03,342080,5503,5006,98,336577,337074
2021-03-11,WA,2021-03-04,2021-03-10,346738,4658,5095,89,342080,341643
2021-03-18,WA,2021-03-11,2021-03-17,352049,5311,5154,59,346738,346895
2021-03-25,WA,2021-03-18,2021-03-24,357413,5364,5199,45,352049,352214
2021-04-01,WA,2021-03-25,2021-03-31,364470,7057,5247,48,357413,359223
2021-04-08,WA,2021-04-01,2021-04-07,371913,7443,5302,55,364470,366611
2021-04-15,WA,2021-04-08,2021-04-14,380529,8616,5353,51,371913,375176
2021-04-22,WA,2021-04-15,2021-04-21,390745,10216,5411,58,380529,385334
2021-04-29,WA,2021-04-22,2021-04-28,399857,9112,5452,41,390745,394405
2021-05-06,WA,2021-04-29,2021-05-05,409800,9943,5501,49,399857,404299
2021-05-13,WA,2021-05-06,2021-05-12,417978,8178,5553,52,409800,412425
2021-05-20,WA,2021-05-13,2021-05-19,424892,6914,5608,55,417978,419284
2021-05-27,WA,2021-05-20,2021-05-26,432356,7464,5660,52,424892,426696
2021-06-03,WA,2021-05-27,2021-06-02,437537,5181,5698,38,432356,431839
2021-06-10,WA,2021-06-03,2021-06-09,441783,4246,5753,55,437537,436030
2021-06-17,WA,2021-06-10,2021-06-16,445391,3608,5800,47,441783,439591
2021-06-24,WA,2021-06-17,2021-06-23,448706,3315,5886,86,445391,442820
2021-07-01,WA,2021-06-24,2021-06-30,451263,2557,5931,45,448706,445332
2021-07-08,WA,2021-07-01,2021-07-07,453833,2570,5972,41,451263,447861
2021-07-15,WA,2021-07-08,2021-07-14,458825,4992,6025,53,453833,452800
2021-07-22,WA,2021-07-15,2021-07-21,464306,5481,6063,38,458825,458243
2021-07-29,WA,2021-07-22,2021-07-28,471824,7518,6099,36,464306,465725
2021-08-05,WA,2021-07-29,2021-08-04,485304,13480,6145,46,471824,479159
2021-08-12,WA,2021-08-05,2021-08-11,502875,17571,6202,57,485304,496673
2021-08-19,WA,2021-08-12,2021-08-18,523571,20696,6297,95,502875,517274
2021-08-26,WA,2021-08-19,2021-08-25,545806,22235,6448,151,523571,539358
2021-09-02,WA,2021-08-26,2021-09-01,570269,24463,6613,165,545806,563656
2021-09-09,WA,2021-09-02,2021-09-08,593038,22769,6790,177,570269,586248
2021-09-16,WA,2021-09-09,2021-09-15,616649,23611,7089,299,593038,609560
2021-09-23,WA,2021-09-16,2021-09-22,637658,21009,7373,284,616649,630285
2021-09-30,WA,2021-09-23,2021-09-29,658069,20411,7654,281,637658,650415
2021-10-07,WA,2021-09-30,2021-10-06,676288,18219,7917,263,658069,668371
2021-10-14,WA,2021-10-07,2021-10-13,692026,15738,8152,235,676288,683874
2021-10-21,WA,2021-10-14,2021-10-20,707523,15497,8365,213,692026,699158
2021-10-28,WA,2021-10-21,2021-10-27,722345,14822,8549,184,707523,713796
2021-11-04,WA,2021-10-28,2021-11-03,735461,13116,8726,177,722345,726735
2021-11-11,WA,2021-11-04,2021-11-10,747858,12397,8858,132,735461,739000
2021-11-18,WA,2021-11-11,2021-11-17,760141,12283,9054,196,747858,751087
2021-11-25,WA,2021-11-18,2021-11-24,768945,8804,9207,153,760141,759738
2021-12-02,WA,2021-11-25,2021-12-01,778463,9518,9302,95,768945,769161
2021-12-09,WA,2021-12-02,2021-12-08,788565,10102,9497,195,778463,779068
2021-12-16,WA,2021-12-09,2021-12-15,797967,9402,9634,137,788565,788333
2021-12-23,WA,2021-12-16,2021-12-22,813508,15541,9755,121,797967,803753
2021-12-30,WA,2021-12-23,2021-12-29,848761,35253,9839,84,813508,838922
2022-01-06,WA,2021-12-30,2022-01-05,913274,64513,9910,71,848761,903364
2022-01-13,WA,2022-01-06,2022-01-12,1024479,111205,10103,193,913274,1014376
2022-01-20,WA,2022-01-13,2022-01-19,1130679,106200,10231,128,1024479,1120448
2022-01-27,WA,2022-01-20,2022-01-26,1245605,114926,10579,348,1130679,1235026
2022-02-03,WA,2022-01-27,2022-02-02,1329220,83615,10846,267,1245605,1318374
2022-02-10,WA,2022-02-03,2022-02-09,1370596,41376,11193,347,1329220,1359403
2022-02-17,WA,2022-02-10,2022-02-16,1393329,22733,11519,326,1370596,1381810
2022-02-24,WA,2022-02-17,2022-02-23,1411930,18601,11725,206,1393329,1400205
2022-03-03,WA,2022-02-24,2022-03-02,1427778,15848,11955,230,1411930,1415823
2022-03-10,WA,2022-03-03,2022-03-09,1435861,8083,12131,176,1427778,1423730
2022-03-17,WA,2022-03-10,2022-03-16,1443488,7627,12217,86,1435861,1431271
2022-03-24,WA,2022-03-17,2022-03-23,1449247,5759,12391,174,1443488,1436856
2022-03-31,WA,2022-03-24,2022-03-30,1455033,5786,12476,85,1449247,1442557
2022-04-07,WA,2022-03-31,2022-04-06,1464890,9857,12543,67,1455033,1452347
2022-04-14,WA,2022-04-07,2022-04-13,1472448,7558,12583,40,1464890,1459865
2022-04-21,WA,2022-04-14,2022-04-20,1480285,7837,12639,56,1472448,1467646
2022-04-28,WA,2022-04-21,2022-04-27,1494755,14470,12679,40,1480285,1482076
2022-05-05,WA,2022-04-28,2022-05-04,1509911,15156,12714,35,1494755,1497197
2022-05-12,WA,2022-05-05,2022-05-11,1526724,16813,12768,54,1509911,1513956
2022-05-19,WA,2022-05-12,2022-05-18,1546498,19774,12832,64,1526724,1533666
2022-05-26,WA,2022-05-19,2022-05-25,1568645,22147,12888,56,1546498,1555757
2022-06-02,WA,2022-05-26,2022-06-01,1586214,17569,12945,57,1568645,1573269
2022-06-09,WA,2022-06-02,2022-06-08,1606887,20673,12983,38,1586214,1593904
2022-06-16,WA,2022-06-09,2022-06-15,1624689,17802,13076,93,1606887,1611613
2022-06-23,WA,2022-06-16,2022-06-22,1642668,17979,13152,76,1624689,1629516
2022-06-30,WA,2022-06-23,2022-06-29,1661967,19299,13232,80,1642668,1648735
2022-07-07,WA,2022-06-30,2022-07-06,1679347,17380,13302,70,1661967,1666045
2022-07-14,WA,2022-07-07,2022-07-13,1698251,18904,13401,99,1679347,1684850
2022-07-21,WA,2022-07-14,2022-07-20,1716393,18142,13509,108,1698251,1702884
2022-07-28,WA,2022-07-21,2022-07-27,1731677,15284,13603,94,1716393,1718074
2022-08-04,WA,2022-07-28,2022-08-03,1745684,14007,13691,88,1731677,1731993
2022-08-11,WA,2022-08-04,2022-08-10,1757713,12029,13772,81,1745684,1743941
2022-08-18,WA,2022-08-11,2022-08-17,1767981,10268,13877,105,1757713,1754104
2022-08-25,WA,2022-08-18,2022-08-24,1776634,8653,13962,85,1767981,1762672
2022-09-01,WA,2022-08-25,2022-08-31,1785079,8445,14026,64,1776634,1771053
2022-09-08,WA,2022-09-01,2022-09-07,1791392,6313,14086,60,1785079,1777306
2022-09-15,WA,2022-09-08,2022-09-14,1798619,7227,14129,43,1791392,1784490
2022-09-22,WA,2022-09-15,2022-09-21,1806406,7787,14242,113,1798619,1792164
2022-09-29,WA,2022-09-22,2022-09-28,1814200,7794,14306,64,1806406,1799894
2022-10-06,WA,2022-09-29,2022-10-05,1820950,6750,14366,60,1814200,1806584
2022-10-13,WA,2022-10-06,2022-10-12,1826127,5177,14428,62,1820950,1811699
2022-10-20,WA,2022-10-13,2022-10-19,1830806,4679,14486,58,1826127,1816320
2022-10-27,WA,2022-10-20,2022-10-26,1835151,4345,14544,58,1830806,1820607
2022-11-03,WA,2022-10-27,2022-11-02,1839334,4183,14592,48,1835151,1824742
2022-11-10,WA,2022-11-03,2022-11-09,1843877,4543,14648,56,1839334,1829229
2022-11-17,WA,2022-11-10,2022-11-16,1849029,5152,14692,44,1843877,1834337
2022-11-24,WA,2022-11-17,2022-11-23,1854523,5494,14705,13,1849029,1839818
2022-12-01,WA,2022-11-24,2022-11-30,1860396,5873,14705,0,1854523,1845691
2022-12-08,WA,2022-12-01,2022-12-07,1866751,6355,14829,124,1860396,1851922
2022-12-15,WA,2022-12-08,2022-12-14,1873306,6555,14898,69,1866751,1858408
2022-12-22,WA,2022-12-15,2022-12-21,1879133,5827,14990,92,1873306,1864143
2022-12-29,WA,2022-12-22,2022-12-28,1884126,4993,15032,42,1879133,1869094
2023-01-05,WA,2022-12-29,2023-01-04,1889579,5453,15121,89,1884126,1874458
2023-01-12,WA,2023-01-05,2023-01-11,1895033,5454,15224,103,1889579,1879809
2023-01-19,WA,2023-01-12,2023-01-18,1899557,4524,15309,85,1895033,1884248
2023-01-26,WA,2023-01-19,2023-01-25,1904430,4873,15379,70,1899557,1889051
2023-02-02,WA,2023-01-26,2023-02-01,1910133,5703,15435,56,1904430,1894698
2023-02-09,WA,2023-02-02,2023-02-08,1915582,5449,15510,75,1910133,1900072
2023-02-16,WA,2023-02-09,2023-02-15,1920510,4928,15566,56,1915582,1904944
2023-02-23,WA,2023-02-16,2023-02-22,1925012,4502,15621,55,1920510,1909391
2023-03-02,WA,2023-02-23,2023-03-01,1929166,4154,15683,62,1925012,1913483
2023-03-09,WA,2023-03-02,2023-03-08,1933208,4042,15755,72,1929166,1917453
2023-03-16,WA,2023-03-09,2023-03-15,1937228,4020,15812,57,1933208,1921416
2023-03-23,WA,2023-03-16,2023-03-22,1940802,3574,15853,41,1937228,1924949
2023-03-30,WA,2023-03-23,2023-03-29,1944026,3224,15914,61,1940802,1928112
2023-04-06,WA,2023-03-30,2023-04-05,1947296,3270,15961,47,1944026,1931335
2023-04-13,WA,2023-04-06,2023-04-12,1949725,2429,16013,52,1947296,1933712
2023-04-20,WA,2023-04-13,2023-04-19,1952116,2391,16070,57,1949725,1936046
2023-04-27,WA,2023-04-20,2023-04-26,1954381,2265,16070,0,1952116,1938311
2023-05-04,WA,2023-04-27,2023-05-03,1956190,1809,16151,81,1954381,1940039
2023-05-11,WA,2023-05-04,2023-05-10,1957759,1569,16186,35,1956190,1941573
2020-01-23,WI,2020-01-16,2020-01-22,0,0,0,0,0,0
2020-01-30,WI,2020-01-23,2020-01-29,0,0,0,0,0,0
2020-02-06,WI,2020-01-30,2020-02-05,0,0,0,0,0,0
2020-02-13,WI,2020-02-06,2020-02-12,0,0,0,0,0,0
2020-02-20,WI,2020-02-13,2020-02-19,0,0,0,0,0,0
2020-02-27,WI,2020-02-20,2020-02-26,0,0,0,0,0,0
2020-03-05,WI,2020-02-27,2020-03-04,0,0,0,0,0,0
2020-03-12,WI,2020-03-05,2020-03-11,3,3,0,0,0,3
2020-03-19,WI,2020-03-12,2020-03-18,111,108,0,0,3,111
2020-03-26,WI,2020-03-19,2020-03-25,621,510,10,10,111,611
2020-04-02,WI,2020-03-26,2020-04-01,1556,935,54,44,621,1502
2020-04-09,WI,2020-04-02,2020-04-08,2710,1154,140,86,1556,2570
2020-04-16,WI,2020-04-09,2020-04-15,3721,1011,214,74,2710,3507
2020-04-23,WI,2020-04-16,2020-04-22,4845,1124,277,63,3721,4568
2020-04-30,WI,2020-04-23,2020-04-29,6520,1675,352,75,4845,6168
2020-05-07,WI,2020-04-30,2020-05-06,8900,2380,405,53,6520,8495
2020-05-14,WI,2020-05-07,2020-05-13,10903,2003,468,63,8900,10435
2020-05-21,WI,2020-05-14,2020-05-20,13411,2508,523,55,10903,12888
2020-05-28,WI,2020-05-21,2020-05-27,16464,3053,605,82,13411,15859
2020-06-04,WI,2020-05-28,2020-06-03,19399,2935,667,62,16464,18732
2020-06-11,WI,2020-06-04,2020-06-10,21593,2194,716,49,19399,20877
2020-06-18,WI,2020-06-11,2020-06-17,23454,1861,763,47,21593,22691
2020-06-25,WI,2020-06-18,2020-06-24,25763,2309,793,30,23454,24970
2020-07-02,WI,2020-06-25,2020-07-01,29201,3438,819,26,25763,28382
2020-07-09,WI,2020-07-02,2020-07-08,33153,3952,838,19,29201,32315
2020-07-16,WI,2020-07-09,2020-07-15,38727,5574,865,27,33153,37862
2020-07-23,WI,2020-07-16,2020-07-22,44849,6122,912,47,38727,43937
2020-07-30,WI,2020-07-23,2020-07-29,51051,6202,960,48,44849,50091
2020-08-06,WI,2020-07-30,2020-08-05,56941,5890,1017,57,51051,55924
2020-08-13,WI,2020-08-06,2020-08-12,62270,5329,1072,55,56941,61198
2020-08-20,WI,2020-08-13,2020-08-19,67494,5224,1112,40,62270,66382
2020-08-27,WI,2020-08-20,2020-08-26,72262,4768,1159,47,67494,71103
2020-09-03,WI,2020-08-27,2020-09-02,77133,4871,1202,43,72262,75931
2020-09-10,WI,2020-09-03,2020-09-09,83341,6208,1244,42,77133,82097
2020-09-17,WI,2020-09-10,2020-09-16,92715,9374,1281,37,83341,91434
2020-09-24,WI,2020-09-17,2020-09-23,105932,13217,1328,47,92715,104604
2020-10-01,WI,2020-09-24,2020-09-30,122275,16343,1402,74,105932,120873
2020-10-08,WI,2020-10-01,2020-10-07,138700,16425,1503,101,122275,137197
2020-10-15,WI,2020-10-08,2020-10-14,158580,19880,1666,163,138700,156914
2020-10-22,WI,2020-10-15,2020-10-21,192217,33637,1910,244,158580,190307
2020-10-29,WI,2020-10-22,2020-10-28,221560,29343,2212,302,192217,219348
2020-11-05,WI,2020-10-29,2020-11-04,257287,35727,2466,254,221560,254821
2020-11-12,WI,2020-11-05,2020-11-11,301349,44062,2621,155,257287,298728
2020-11-19,WI,2020-11-12,2020-11-18,350665,49316,2925,304,301349,347740
2020-11-26,WI,2020-11-19,2020-11-25,392442,41777,3344,419,350665,389098
2020-12-03,WI,2020-11-26,2020-12-02,420930,28488,3703,359,392442,417227
2020-12-10,WI,2020-12-03,2020-12-09,452180,31250,4145,442,420930,448035
2020-12-17,WI,2020-12-10,2020-12-16,478162,25982,4493,348,452180,473669
2020-12-24,WI,2020-12-17,2020-12-23,500444,22282,4953,460,478162,495491
2020-12-31,WI,2020-12-24,2020-12-30,516226,15782,5191,238,500444,511035
2021-01-07,WI,2020-12-31,2021-01-06,535999,19773,5434,243,516226,530565
2021-01-14,WI,2021-01-07,2021-01-13,558020,22021,5677,243,535999,552343
2021-01-21,WI,2021-01-14,2021-01-20,573121,15101,6032,355,558020,567089
2021-01-28,WI,2021-01-21,2021-01-27,585603,12482,6300,268,573121,579303
2021-02-04,WI,2021-01-28,2021-02-03,595757,10154,6492,192,585603,589265
2021-02-11,WI,2021-02-04,2021-02-10,603257,7500,6701,209,595757,596556
2021-02-18,WI,2021-02-11,2021-02-17,609194,5937,6795,94,603257,602399
2021-02-25,WI,2021-02-18,2021-02-24,614260,5066,6930,135,609194,607330
2021-03-04,WI,2021-02-25,2021-03-03,619088,4828,7066,136,614260,612022
2021-03-11,WI,2021-03-04,2021-03-10,623152,4064,7141,75,619088,616011
2021-03-18,WI,2021-03-11,2021-03-17,627062,3910,7197,56,623152,619865
2021-03-25,WI,2021-03-18,2021-03-24,631304,4242,7261,64,627062,624043
2021-04-01,WI,2021-03-25,2021-03-31,636041,4737,7309,48,631304,628732
2021-04-08,WI,2021-04-01,2021-04-07,641641,5600,7355,46,636041,634286
2021-04-15,WI,2021-04-08,2021-04-14,648099,6458,7401,46,641641,640698
2021-04-22,WI,2021-04-15,2021-04-21,653670,5571,7429,28,648099,646241
2021-04-29,WI,2021-04-22,2021-04-28,658699,5029,7533,104,653670,651166
2021-05-06,WI,2021-04-29,2021-05-05,663668,4969,7595,62,658699,656073
2021-05-13,WI,2021-05-06,2021-05-12,667602,3934,7686,91,663668,659916
2021-05-20,WI,2021-05-13,2021-05-19,670789,3187,7732,46,667602,663057
2021-05-27,WI,2021-05-20,2021-05-26,673306,2517,7765,33,670789,665541
2021-06-03,WI,2021-05-27,2021-06-02,674666,1360,7893,128,673306,666773
2021-06-10,WI,2021-06-03,2021-06-09,675729,1063,7994,101,674666,667735
2021-06-17,WI,2021-06-10,2021-06-16,676408,679,8035,41,675729,668373
2021-06-24,WI,2021-06-17,2021-06-23,677027,619,8077,42,676408,668950
2021-07-01,WI,2021-06-24,2021-06-30,677612,585,8128,51,677027,669484
2021-07-08,WI,2021-07-01,2021-07-07,678215,603,8154,26,677612,670061
2021-07-15,WI,2021-07-08,2021-07-14,679378,1163,8196,42,678215,671182
2021-07-22,WI,2021-07-15,2021-07-21,681170,1792,8229,33,679378,672941
2021-07-29,WI,2021-07-22,2021-07-28,685018,3848,8279,50,681170,676739
2021-08-05,WI,2021-07-29,2021-08-04,692190,7172,8296,17,685018,683894
2021-08-12,WI,2021-08-05,2021-08-11,701109,8919,8313,17,692190,692796
2021-08-19,WI,2021-08-12,2021-08-18,710973,9864,8352,39,701109,702621
2021-08-26,WI,2021-08-19,2021-08-25,722453,11480,8412,60,710973,714041
2021-09-02,WI,2021-08-26,2021-09-01,736263,13810,8494,82,722453,727769
2021-09-09,WI,2021-09-02,2021-09-08,749099,12836,8554,60,736263,740545
2021-09-16,WI,2021-09-09,2021-09-15,764338,15239,8666,112,749099,755672
2021-09-23,WI,2021-09-16,2021-09-22,787097,22759,8754,88,764338,778343
2021-09-30,WI,2021-09-23,2021-09-29,807455,20358,8868,114,787097,798587
2021-10-07,WI,2021-09-30,2021-10-06,828280,20825,8970,102,807455,819310
2021-10-14,WI,2021-10-07,2021-10-13,847006,18726,9124,154,828280,837882
2021-10-21,WI,2021-10-14,2021-10-20,862503,15497,9207,83,847006,853296
2021-10-28,WI,2021-10-21,2021-10-27,877220,14717,9370,163,862503,867850
2021-11-04,WI,2021-10-28,2021-11-03,893028,15808,9495,125,877220,883533
2021-11-11,WI,2021-11-04,2021-11-10,913237,20209,9639,144,893028,903598
2021-11-18,WI,2021-11-11,2021-11-17,937212,23975,9776,137,913237,927436
2021-11-25,WI,2021-11-18,2021-11-24,963229,26017,9921,145,937212,953308
2021-12-02,WI,2021-11-25,2021-12-01,986229,23000,10047,126,963229,976182
2021-12-09,WI,2021-12-02,2021-12-08,1012189,25960,10260,213,986229,1001929
2021-12-16,WI,2021-12-09,2021-12-15,1043693,31504,10544,284,1012189,1033149
2021-12-23,WI,2021-12-16,2021-12-22,1072270,28577,10894,350,1043693,1061376
2021-12-30,WI,2021-12-23,2021-12-29,1103754,31484,11118,224,1072270,1092636
2022-01-06,WI,2021-12-30,2022-01-05,1156050,52296,11319,201,1103754,1144731
2022-01-13,WI,2022-01-06,2022-01-12,1252891,96841,11558,239,1156050,1241333
2022-01-20,WI,2022-01-13,2022-01-19,1415098,162207,11825,267,1252891,1403273
2022-01-27,WI,2022-01-20,2022-01-26,1486054,70956,12154,329,1415098,1473900
2022-02-03,WI,2022-01-27,2022-02-02,1526108,40054,12509,355,1486054,1513599
2022-02-10,WI,2022-02-03,2022-02-09,1548286,22178,12784,275,1526108,1535502
2022-02-17,WI,2022-02-10,2022-02-16,1561035,12749,12991,207,1548286,1548044
2022-02-24,WI,2022-02-17,2022-02-23,1568800,7765,13155,164,1561035,1555645
2022-03-03,WI,2022-02-24,2022-03-02,1573435,4635,13400,245,1568800,1560035
2022-03-10,WI,2022-03-03,2022-03-09,1576636,3201,13616,216,1573435,1563020
2022-03-17,WI,2022-03-10,2022-03-16,1579359,2723,13868,252,1576636,1565491
2022-03-24,WI,2022-03-17,2022-03-23,1581942,2583,14102,234,1579359,1567840
2022-03-31,WI,2022-03-24,2022-03-30,1584730,2788,14293,191,1581942,1570437
2022-04-07,WI,2022-03-31,2022-04-06,1587991,3261,14334,41,1584730,1573657
2022-04-14,WI,2022-04-07,2022-04-13,1593166,5175,14379,45,1587991,1578787
2022-04-21,WI,2022-04-14,2022-04-20,1598776,5610,14397,18,1593166,1584379
2022-04-28,WI,2022-04-21,2022-04-27,1607202,8426,14408,11,1598776,1592794
2022-05-05,WI,2022-04-28,2022-05-04,1618023,10821,14440,32,1607202,1603583
2022-05-12,WI,2022-05-05,2022-05-11,1633342,15319,14488,48,1618023,1618854
2022-05-19,WI,2022-05-12,2022-05-18,1649615,16273,14511,23,1633342,1635104
2022-05-26,WI,2022-05-19,2022-05-25,1664367,14752,14568,57,1649615,1649799
2022-06-02,WI,2022-05-26,2022-06-01,1677361,12994,14614,46,1664367,1662747
2022-06-09,WI,2022-06-02,2022-06-08,1691976,14615,14668,54,1677361,1677308
2022-06-16,WI,2022-06-09,2022-06-15,1703197,11221,14707,39,1691976,1688490
2022-06-23,WI,2022-06-16,2022-06-22,1714060,10863,14741,34,1703197,1699319
2022-06-30,WI,2022-06-23,2022-06-29,1724777,10717,14788,47,1714060,1709989
2022-07-07,WI,2022-06-30,2022-07-06,1734113,9336,14821,33,1724777,1719292
2022-07-14,WI,2022-07-07,2022-07-13,1746344,12231,14844,23,1734113,1731500
2022-07-21,WI,2022-07-14,2022-07-20,1759023,12679,14863,19,1746344,1744160
2022-07-28,WI,2022-07-21,2022-07-27,1773092,14069,14910,47,1759023,1758182
2022-08-04,WI,2022-07-28,2022-08-03,1786635,13543,14941,31,1773092,1771694
2022-08-11,WI,2022-08-04,2022-08-10,1799141,12506,14964,23,1786635,1784177
2022-08-18,WI,2022-08-11,2022-08-17,1810752,11611,14995,31,1799141,1795757
2022-08-25,WI,2022-08-18,2022-08-24,1822216,11464,15026,31,1810752,1807190
2022-09-01,WI,2022-08-25,2022-08-31,1832392,10176,15071,45,1822216,1817321
2022-09-08,WI,2022-09-01,2022-09-07,1840060,7668,15103,32,1832392,1824957
2022-09-15,WI,2022-09-08,2022-09-14,1848929,8869,15159,56,1840060,1833770
2022-09-22,WI,2022-09-15,2022-09-21,1857337,8408,15214,55,1848929,1842123
2022-09-29,WI,2022-09-22,2022-09-28,1864411,7074,15253,39,1857337,1849158
2022-10-06,WI,2022-09-29,2022-10-05,1871358,6947,15281,28,1864411,1856077
2022-10-13,WI,2022-10-06,2022-10-12,1878404,7046,15323,42,1871358,1863081
2022-10-20,WI,2022-10-13,2022-10-19,1885519,7115,15377,54,1878404,1870142
2022-10-27,WI,2022-10-20,2022-10-26,1893055,7536,15416,39,1885519,1877639
2022-11-03,WI,2022-10-27,2022-11-02,1900036,6981,15478,62,1893055,1884558
2022-11-10,WI,2022-11-03,2022-11-09,1907232,7196,15506,28,1900036,1891726
2022-11-17,WI,2022-11-10,2022-11-16,1913308,6076,15554,48,1907232,1897754
2022-11-24,WI,2022-11-17,2022-11-23,1919235,5927,15588,34,1913308,1903647
2022-12-01,WI,2022-11-24,2022-11-30,1926437,7202,15608,20,1919235,1910829
2022-12-08,WI,2022-12-01,2022-12-07,1934758,8321,15669,61,1926437,1919089
2022-12-15,WI,2022-12-08,2022-12-14,1943493,8735,15702,33,1934758,1927791
2022-12-22,WI,2022-12-15,2022-12-21,1951923,8430,15751,49,1943493,1936172
2022-12-29,WI,2022-12-22,2022-12-28,1958290,6367,15790,39,1951923,1942500
2023-01-05,WI,2022-12-29,2023-01-04,1964867,6577,15835,45,1958290,1949032
2023-01-12,WI,2023-01-05,2023-01-11,1970930,6063,15934,99,1964867,1954996
2023-01-19,WI,2023-01-12,2023-01-18,1975539,4609,15989,55,1970930,1959550
2023-01-26,WI,2023-01-19,2023-01-25,1979913,4374,16070,81,1975539,1963843
2023-02-02,WI,2023-01-26,2023-02-01,1984247,4334,16121,51,1979913,1968126
2023-02-09,WI,2023-02-02,2023-02-08,1988512,4265,16172,51,1984247,1972340
2023-02-16,WI,2023-02-09,2023-02-15,1992855,4343,16239,67,1988512,1976616
2023-02-23,WI,2023-02-16,2023-02-22,1997340,4485,16276,37,1992855,1981064
2023-03-02,WI,2023-02-23,2023-03-01,2001696,4356,16321,45,1997340,1985375
2023-03-09,WI,2023-03-02,2023-03-08,2005874,4178,16364,43,2001696,1989510
2023-03-16,WI,2023-03-09,2023-03-15,2009730,3856,16382,18,2005874,1993348
2023-03-23,WI,2023-03-16,2023-03-22,2013473,3743,16419,37,2009730,1997054
2023-03-30,WI,2023-03-23,2023-03-29,2017604,4131,16444,25,2013473,2001160
2023-04-06,WI,2023-03-30,2023-04-05,2021087,3483,16471,27,2017604,2004616
2023-04-13,WI,2023-04-06,2023-04-12,2023781,2694,16502,31,2021087,2007279
2023-04-20,WI,2023-04-13,2023-04-19,2026115,2334,16541,39,2023781,2009574
2023-04-27,WI,2023-04-20,2023-04-26,2027647,1532,16557,16,2026115,2011090
2023-05-04,WI,2023-04-27,2023-05-03,2029193,1546,16590,33,2027647,2012603
2023-05-11,WI,2023-05-04,2023-05-10,2030717,1524,16600,10,2029193,2014117
2020-01-23,WV,2020-01-16,2020-01-22,0,0,0,0,0,0
2020-01-30,WV,2020-01-23,2020-01-29,0,0,0,0,0,0
2020-02-06,WV,2020-01-30,2020-02-05,0,0,0,0,0,0
2020-02-13,WV,2020-02-06,2020-02-12,0,0,0,0,0,0
2020-02-20,WV,2020-02-13,2020-02-19,0,0,0,0,0,0
2020-02-27,WV,2020-02-20,2020-02-26,0,0,0,0,0,0
2020-03-05,WV,2020-02-27,2020-03-04,0,0,0,0,0,0
2020-03-12,WV,2020-03-05,2020-03-11,0,0,0,0,0,0
2020-03-19,WV,2020-03-12,2020-03-18,1,1,0,0,0,1
2020-03-26,WV,2020-03-19,2020-03-25,39,38,0,0,1,39
2020-04-02,WV,2020-03-26,2020-04-01,191,152,1,1,39,190
2020-04-09,WV,2020-04-02,2020-04-08,483,292,4,3,191,479
2020-04-16,WV,2020-04-09,2020-04-15,703,220,10,6,483,693
2020-04-23,WV,2020-04-16,2020-04-22,942,239,27,17,703,915
2020-04-30,WV,2020-04-23,2020-04-29,1110,168,38,11,942,1072
2020-05-07,WV,2020-04-30,2020-05-06,1240,130,49,11,1110,1191
2020-05-14,WV,2020-05-07,2020-05-13,1397,157,57,8,1240,1340
2020-05-21,WV,2020-05-14,2020-05-20,1565,168,68,11,1397,1497
2020-05-28,WV,2020-05-21,2020-05-27,1888,323,73,5,1565,1815
2020-06-04,WV,2020-05-28,2020-06-03,2076,188,77,4,1888,1999
2020-06-11,WV,2020-06-04,2020-06-10,2195,119,85,8,2076,2110
2020-06-18,WV,2020-06-11,2020-06-17,2374,179,88,3,2195,2286
2020-06-25,WV,2020-06-18,2020-06-24,2631,257,92,4,2374,2539
2020-07-02,WV,2020-06-25,2020-07-01,2978,347,93,1,2631,2885
2020-07-09,WV,2020-07-02,2020-07-08,3707,729,95,2,2978,3612
2020-07-16,WV,2020-07-09,2020-07-15,4558,851,98,3,3707,4460
2020-07-23,WV,2020-07-16,2020-07-22,5211,653,101,3,4558,5110
2020-07-30,WV,2020-07-23,2020-07-29,6278,1067,111,10,5211,6167
2020-08-06,WV,2020-07-30,2020-08-05,7155,877,124,13,6278,7031
2020-08-13,WV,2020-08-06,2020-08-12,8017,862,153,29,7155,7864
2020-08-20,WV,2020-08-13,2020-08-19,8800,783,166,13,8017,8634
2020-08-27,WV,2020-08-20,2020-08-26,9538,738,190,24,8800,9348
2020-09-03,WV,2020-08-27,2020-09-02,10657,1119,230,40,9538,10427
2020-09-10,WV,2020-09-03,2020-09-09,11814,1157,253,23,10657,11561
2020-09-17,WV,2020-09-10,2020-09-16,13202,1388,291,38,11814,12911
2020-09-24,WV,2020-09-17,2020-09-23,14515,1313,320,29,13202,14195
2020-10-01,WV,2020-09-24,2020-09-30,15850,1335,351,31,14515,15499
2020-10-08,WV,2020-10-01,2020-10-07,17150,1300,370,19,15850,16780
2020-10-15,WV,2020-10-08,2020-10-14,18823,1673,391,21,17150,18432
2020-10-22,WV,2020-10-15,2020-10-21,20734,1911,412,21,18823,20322
2020-10-29,WV,2020-10-22,2020-10-28,23067,2333,436,24,20734,22631
2020-11-05,WV,2020-10-29,2020-11-04,25988,2921,472,36,23067,25516
2020-11-12,WV,2020-11-05,2020-11-11,30203,4215,552,80,25988,29651
2020-11-19,WV,2020-11-12,2020-11-18,36267,6064,612,60,30203,35655
2020-11-26,WV,2020-11-19,2020-11-25,43052,6785,694,82,36267,42358
2020-12-03,WV,2020-11-26,2020-12-02,49905,6853,779,85,43052,49126
2020-12-10,WV,2020-12-03,2020-12-09,58462,8557,900,121,49905,57562
2020-12-17,WV,2020-12-10,2020-12-16,66850,8388,1038,138,58462,65812
2020-12-24,WV,2020-12-17,2020-12-23,75936,9086,1194,156,66850,74742
2020-12-31,WV,2020-12-24,2020-12-30,84225,8289,1318,124,75936,82907
2021-01-07,WV,2020-12-31,2021-01-06,94681,10456,1481,163,84225,93200
2021-01-14,WV,2021-01-07,2021-01-13,104250,9569,1671,190,94681,102579
2021-01-21,WV,2021-01-14,2021-01-20,111677,7427,1832,161,104250,109845
2021-01-28,WV,2021-01-21,2021-01-27,117771,6094,1950,118,111677,115821
2021-02-04,WV,2021-01-28,2021-02-03,122478,4707,2052,102,117771,120426
2021-02-11,WV,2021-02-04,2021-02-10,125952,3474,2165,113,122478,123787
2021-02-18,WV,2021-02-11,2021-02-17,128400,2448,2215,50,125952,126185
2021-02-25,WV,2021-02-18,2021-02-24,130393,1993,2274,59,128400,128119
2021-03-04,WV,2021-02-25,2021-03-03,132366,1973,2296,22,130393,130070
2021-03-11,WV,2021-03-04,2021-03-10,134161,1795,2317,21,132366,131844
2021-03-18,WV,2021-03-11,2021-03-17,136328,2167,2531,214,134161,133797
2021-03-25,WV,2021-03-18,2021-03-24,138818,2490,2573,42,136328,136245
2021-04-01,WV,2021-03-25,2021-03-31,141738,2920,2606,33,138818,139132
2021-04-08,WV,2021-04-01,2021-04-07,144351,2613,2632,26,141738,141719
2021-04-15,WV,2021-04-08,2021-04-14,147167,2816,2645,13,144351,144522
2021-04-22,WV,2021-04-15,2021-04-21,149766,2599,2657,12,147167,147109
2021-04-29,WV,2021-04-22,2021-04-28,152300,2534,2671,14,149766,149629
2021-05-06,WV,2021-04-29,2021-05-05,154962,2662,2706,35,152300,152256
2021-05-13,WV,2021-05-06,2021-05-12,157213,2251,2747,41,154962,154466
2021-05-20,WV,2021-05-13,2021-05-19,159155,1942,2767,20,157213,156388
2021-05-27,WV,2021-05-20,2021-05-26,160783,1628,2788,21,159155,157995
2021-06-03,WV,2021-05-27,2021-06-02,161942,1159,2798,10,160783,159144
2021-06-10,WV,2021-06-03,2021-06-09,162727,785,2845,47,161942,159882
2021-06-17,WV,2021-06-10,2021-06-16,163301,574,2861,16,162727,160440
2021-06-24,WV,2021-06-17,2021-06-23,163688,387,2872,11,163301,160816
2021-07-01,WV,2021-06-24,2021-06-30,164043,355,2890,18,163688,161153
2021-07-08,WV,2021-07-01,2021-07-07,164335,292,2901,11,164043,161434
2021-07-15,WV,2021-07-08,2021-07-14,164759,424,2916,15,164335,161843
2021-07-22,WV,2021-07-15,2021-07-21,165397,638,2920,4,164759,162477
2021-07-29,WV,2021-07-22,2021-07-28,166494,1097,2939,19,165397,163555
2021-08-05,WV,2021-07-29,2021-08-04,168333,1839,2956,17,166494,165377
2021-08-12,WV,2021-08-05,2021-08-11,171196,2863,2974,18,168333,168222
2021-08-19,WV,2021-08-12,2021-08-18,175639,4443,2997,23,171196,172642
2021-08-26,WV,2021-08-19,2021-08-25,181906,6267,3036,39,175639,178870
2021-09-02,WV,2021-08-26,2021-09-01,191156,9250,3105,69,181906,188051
2021-09-09,WV,2021-09-02,2021-09-08,201660,10504,3169,64,191156,198491
2021-09-16,WV,2021-09-09,2021-09-15,214984,13324,3296,127,201660,211688
2021-09-23,WV,2021-09-16,2021-09-22,227507,12523,3465,169,214984,224042
2021-09-30,WV,2021-09-23,2021-09-29,238498,10991,3640,175,227507,234858
2021-10-07,WV,2021-09-30,2021-10-06,247806,9308,3839,199,238498,243967
2021-10-14,WV,2021-10-07,2021-10-13,255778,7972,3998,159,247806,251780
2021-10-21,WV,2021-10-14,2021-10-20,262902,7124,4219,221,255778,258683
2021-10-28,WV,2021-10-21,2021-10-27,269131,6229,4346,127,262902,264785
2021-11-04,WV,2021-10-28,2021-11-03,274510,5379,4490,144,269131,270020
2021-11-11,WV,2021-11-04,2021-11-10,279694,5184,4592,102,274510,275102
2021-11-18,WV,2021-11-11,2021-11-17,285136,5442,4698,106,279694,280438
2021-11-25,WV,2021-11-18,2021-11-24,290909,5773,4816,118,285136,286093
2021-12-02,WV,2021-11-25,2021-12-01,295949,5040,4895,79,290909,291054
2021-12-09,WV,2021-12-02,2021-12-08,303174,7225,5036,141,295949,298138
2021-12-16,WV,2021-12-09,2021-12-15,310245,7071,5142,106,303174,305103
2021-12-23,WV,2021-12-16,2021-12-22,317539,7294,5242,100,310245,312297
2021-12-30,WV,2021-12-23,2021-12-29,325514,7975,5305,63,317539,320209
2022-01-06,WV,2021-12-30,2022-01-05,342607,17093,5372,67,325514,337235
2022-01-13,WV,2022-01-06,2022-01-12,367217,24610,5482,110,342607,361735
2022-01-20,WV,2022-01-13,2022-01-19,396343,29126,5576,94,367217,390767
2022-01-27,WV,2022-01-20,2022-01-26,429016,32673,5674,98,396343,423342
2022-02-03,WV,2022-01-27,2022-02-02,451910,22894,5814,140,429016,446096
2022-02-10,WV,2022-02-03,2022-02-09,468380,16470,5938,124,451910,462442
2022-02-17,WV,2022-02-10,2022-02-16,479154,10774,6103,165,468380,473051
2022-02-24,WV,2022-02-17,2022-02-23,486242,7088,6250,147,479154,479992
2022-03-03,WV,2022-02-24,2022-03-02,491052,4810,6378,128,486242,484674
2022-03-10,WV,2022-03-03,2022-03-09,494031,2979,6482,104,491052,487549
2022-03-17,WV,2022-03-10,2022-03-16,495907,1876,6607,125,494031,489300
2022-03-24,WV,2022-03-17,2022-03-23,496980,1073,6650,43,495907,490330
2022-03-31,WV,2022-03-24,2022-03-30,497670,690,6719,69,496980,490951
2022-04-07,WV,2022-03-31,2022-04-06,498219,549,6743,24,497670,491476
2022-04-14,WV,2022-04-07,2022-04-13,498656,437,6777,34,498219,491879
2022-04-21,WV,2022-04-14,2022-04-20,499444,788,6807,30,498656,492637
2022-04-28,WV,2022-04-21,2022-04-27,500696,1252,6851,44,499444,493845
2022-05-05,WV,2022-04-28,2022-05-04,502192,1496,6872,21,500696,495320
2022-05-12,WV,2022-05-05,2022-05-11,504510,2318,6886,14,502192,497624
2022-05-19,WV,2022-05-12,2022-05-18,507682,3172,6905,19,504510,500777
2022-05-26,WV,2022-05-19,2022-05-25,512572,4890,6933,28,507682,505639
2022-06-02,WV,2022-05-26,2022-06-01,516554,3982,6962,29,512572,509592
2022-06-09,WV,2022-06-02,2022-06-08,520896,4342,6997,35,516554,513899
2022-06-16,WV,2022-06-09,2022-06-15,524431,3535,7016,19,520896,517415
2022-06-23,WV,2022-06-16,2022-06-22,528049,3618,7018,2,524431,521031
2022-06-30,WV,2022-06-23,2022-06-29,531844,3795,7059,41,528049,524785
2022-07-07,WV,2022-06-30,2022-07-06,535776,3932,7069,10,531844,528707
2022-07-14,WV,2022-07-07,2022-07-13,541062,5286,7099,30,535776,533963
2022-07-21,WV,2022-07-14,2022-07-20,546773,5711,7115,16,541062,539658
2022-07-28,WV,2022-07-21,2022-07-27,553019,6246,7129,14,546773,545890
2022-08-04,WV,2022-07-28,2022-08-03,559295,6276,7169,40,553019,552126
2022-08-11,WV,2022-08-04,2022-08-10,565397,6102,7200,31,559295,558197
2022-08-18,WV,2022-08-11,2022-08-17,571075,5678,7223,23,565397,563852
2022-08-25,WV,2022-08-18,2022-08-24,576424,5349,7257,34,571075,569167
2022-09-01,WV,2022-08-25,2022-08-31,582666,6242,7286,29,576424,575380
2022-09-08,WV,2022-09-01,2022-09-07,588317,5651,7301,15,582666,581016
2022-09-15,WV,2022-09-08,2022-09-14,593806,5489,7351,50,588317,586455
2022-09-22,WV,2022-09-15,2022-09-21,597303,3497,7379,28,593806,589924
2022-09-29,WV,2022-09-22,2022-09-28,599770,2467,7406,27,597303,592364
2022-10-06,WV,2022-09-29,2022-10-05,601885,2115,7436,30,599770,594449
2022-10-13,WV,2022-10-06,2022-10-12,603580,1695,7455,19,601885,596125
2022-10-20,WV,2022-10-13,2022-10-19,605322,1742,7479,24,603580,597843
2022-10-27,WV,2022-10-20,2022-10-26,606794,1472,7502,23,605322,599292
2022-11-03,WV,2022-10-27,2022-11-02,608652,1858,7534,32,606794,601118
2022-11-10,WV,2022-11-03,2022-11-09,610432,1780,7538,4,608652,602894
2022-11-17,WV,2022-11-10,2022-11-16,611813,1381,7557,19,610432,604256
2022-11-24,WV,2022-11-17,2022-11-23,613165,1352,7594,37,611813,605571
2022-12-01,WV,2022-11-24,2022-11-30,614646,1481,7611,17,613165,607035
2022-12-08,WV,2022-12-01,2022-12-07,616506,1860,7636,25,614646,608870
2022-12-15,WV,2022-12-08,2022-12-14,618477,1971,7649,13,616506,610828
2022-12-22,WV,2022-12-15,2022-12-21,621116,2639,7661,12,618477,613455
2022-12-29,WV,2022-12-22,2022-12-28,623541,2425,7661,0,621116,615880
2023-01-05,WV,2022-12-29,2023-01-04,626673,3132,7687,26,623541,618986
2023-01-12,WV,2023-01-05,2023-01-11,629262,2589,7761,74,626673,621501
2023-01-19,WV,2023-01-12,2023-01-18,631197,1935,7790,29,629262,623407
2023-01-26,WV,2023-01-19,2023-01-25,632956,1759,7808,18,631197,625148
2023-02-02,WV,2023-01-26,2023-02-01,634852,1896,7852,44,632956,627000
2023-02-09,WV,2023-02-02,2023-02-08,636561,1709,7885,33,634852,628676
2023-02-16,WV,2023-02-09,2023-02-15,638456,1895,7917,32,636561,630539
2023-02-23,WV,2023-02-16,2023-02-22,640150,1694,7934,17,638456,632216
2023-03-02,WV,2023-02-23,2023-03-01,641856,1706,7949,15,640150,633907
2023-03-09,WV,2023-03-02,2023-03-08,643270,1414,7976,27,641856,635294
2023-03-16,WV,2023-03-09,2023-03-15,644682,1412,8005,29,643270,636677
2023-03-23,WV,2023-03-16,2023-03-22,645710,1028,8011,6,644682,637699
2023-03-30,WV,2023-03-23,2023-03-29,646864,1154,8043,32,645710,638821
2023-04-06,WV,2023-03-30,2023-04-05,647881,1017,8067,24,646864,639814
2023-04-13,WV,2023-04-06,2023-04-12,648849,968,8083,16,647881,640766
2023-04-20,WV,2023-04-13,2023-04-19,649528,679,8094,11,648849,641434
2023-04-27,WV,2023-04-20,2023-04-26,650099,571,8109,15,649528,641990
2023-05-04,WV,2023-04-27,2023-05-03,650362,263,8117,8,650099,642245
2023-05-11,WV,2023-05-04,2023-05-10,650556,194,8125,8,650362,642431
2020-01-23,WY,2020-01-16,2020-01-22,0,0,0,0,0,0
2020-01-30,WY,2020-01-23,2020-01-29,0,0,0,0,0,0
2020-02-06,WY,2020-01-30,2020-02-05,0,0,0,0,0,0
2020-02-13,WY,2020-02-06,2020-02-12,0,0,0,0,0,0
2020-02-20,WY,2020-02-13,2020-02-19,0,0,0,0,0,0
2020-02-27,WY,2020-02-20,2020-02-26,0,0,0,0,0,0
2020-03-05,WY,2020-02-27,2020-03-04,0,0,0,0,0,0
2020-03-12,WY,2020-03-05,2020-03-11,2,2,0,0,0,2
2020-03-19,WY,2020-03-12,2020-03-18,20,18,0,0,2,20
2020-03-26,WY,2020-03-19,2020-03-25,54,34,0,0,20,54
2020-04-02,WY,2020-03-26,2020-04-01,174,120,0,0,54,174
2020-04-09,WY,2020-04-02,2020-04-08,303,129,0,0,174,303
2020-04-16,WY,2020-04-09,2020-04-15,389,86,1,1,303,388
2020-04-23,WY,2020-04-16,2020-04-22,439,50,6,5,389,433
2020-04-30,WY,2020-04-23,2020-04-29,540,101,7,1,439,533
2020-05-07,WY,2020-04-30,2020-05-06,616,76,7,0,540,609
2020-05-14,WY,2020-05-07,2020-05-13,682,66,7,0,616,675
2020-05-21,WY,2020-05-14,2020-05-20,775,93,11,4,682,764
2020-05-28,WY,2020-05-21,2020-05-27,848,73,14,3,775,834
2020-06-04,WY,2020-05-28,2020-06-03,889,41,17,3,848,872
2020-06-11,WY,2020-06-04,2020-06-10,969,80,18,1,889,951
2020-06-18,WY,2020-06-11,2020-06-17,1103,134,18,0,969,1085
2020-06-25,WY,2020-06-18,2020-06-24,1264,161,20,2,1103,1244
2020-07-02,WY,2020-06-25,2020-07-01,1479,215,20,0,1264,1459
2020-07-09,WY,2020-07-02,2020-07-08,1712,233,21,1,1479,1691
2020-07-16,WY,2020-07-09,2020-07-15,1944,232,22,1,1712,1922
2020-07-23,WY,2020-07-16,2020-07-22,2250,306,25,3,1944,2225
2020-07-30,WY,2020-07-23,2020-07-29,2610,360,26,1,2250,2584
2020-08-06,WY,2020-07-30,2020-08-05,2869,259,27,1,2610,2842
2020-08-13,WY,2020-08-06,2020-08-12,3055,186,29,2,2869,3026
2020-08-20,WY,2020-08-13,2020-08-19,3359,304,34,5,3055,3325
2020-08-27,WY,2020-08-20,2020-08-26,3652,293,37,3,3359,3615
2020-09-03,WY,2020-08-27,2020-09-02,3879,227,41,4,3652,3838
2020-09-10,WY,2020-09-03,2020-09-09,4147,268,42,1,3879,4105
2020-09-17,WY,2020-09-10,2020-09-16,4584,437,49,7,4147,4535
2020-09-24,WY,2020-09-17,2020-09-23,5208,624,50,1,4584,5158
2020-10-01,WY,2020-09-24,2020-09-30,5990,782,50,0,5208,5940
2020-10-08,WY,2020-10-01,2020-10-07,6957,967,53,3,5990,6904
2020-10-15,WY,2020-10-08,2020-10-14,8204,1247,57,4,6957,8147
2020-10-22,WY,2020-10-15,2020-10-21,9931,1727,62,5,8204,9869
2020-10-29,WY,2020-10-22,2020-10-28,12270,2339,77,15,9931,12193
2020-11-05,WY,2020-10-29,2020-11-04,15636,3366,104,27,12270,15532
2020-11-12,WY,2020-11-05,2020-11-11,20136,4500,127,23,15636,20009
2020-11-19,WY,2020-11-12,2020-11-18,25503,5367,155,28,20136,25348
2020-11-26,WY,2020-11-19,2020-11-25,30903,5400,215,60,25503,30688
2020-12-03,WY,2020-11-26,2020-12-02,34507,3604,239,24,30903,34268
2020-12-10,WY,2020-12-03,2020-12-09,37729,3222,299,60,34507,37430
2020-12-17,WY,2020-12-10,2020-12-16,40246,2517,328,29,37729,39918
2020-12-24,WY,2020-12-17,2020-12-23,42416,2170,373,45,40246,42043
2020-12-31,WY,2020-12-24,2020-12-30,43889,1473,405,32,42416,43484
2021-01-07,WY,2020-12-31,2021-01-06,45696,1807,465,60,43889,45231
2021-01-14,WY,2021-01-07,2021-01-13,47992,2296,522,57,45696,47470
2021-01-21,WY,2021-01-14,2021-01-20,49627,1635,550,28,47992,49077
2021-01-28,WY,2021-01-21,2021-01-27,50881,1254,596,46,49627,50285
2021-02-04,WY,2021-01-28,2021-02-03,51831,950,624,28,50881,51207
2021-02-11,WY,2021-02-04,2021-02-10,52569,738,647,23,51831,51922
2021-02-18,WY,2021-02-11,2021-02-17,53193,624,662,15,52569,52531
2021-02-25,WY,2021-02-18,2021-02-24,53895,702,670,8,53193,53225
2021-03-04,WY,2021-02-25,2021-03-03,54364,469,682,12,53895,53682
2021-03-11,WY,2021-03-04,2021-03-10,54800,436,691,9,54364,54109
2021-03-18,WY,2021-03-11,2021-03-17,55210,410,693,2,54800,54517
2021-03-25,WY,2021-03-18,2021-03-24,55668,458,695,2,55210,54973
2021-04-01,WY,2021-03-25,2021-03-31,56110,442,700,5,55668,55410
2021-04-08,WY,2021-04-01,2021-04-07,56552,442,701,1,56110,55851
2021-04-15,WY,2021-04-08,2021-04-14,56985,433,703,2,56552,56282
2021-04-22,WY,2021-04-15,2021-04-21,57383,398,705,2,56985,56678
2021-04-29,WY,2021-04-22,2021-04-28,57848,465,707,2,57383,57141
2021-05-06,WY,2021-04-29,2021-05-05,58294,446,710,3,57848,57584
2021-05-13,WY,2021-05-06,2021-05-12,58788,494,712,2,58294,58076
2021-05-20,WY,2021-05-13,2021-05-19,59298,510,713,1,58788,58585
2021-05-27,WY,2021-05-20,2021-05-26,59746,448,719,6,59298,59027
2021-06-03,WY,2021-05-27,2021-06-02,60233,487,720,1,59746,59513
2021-06-10,WY,2021-06-03,2021-06-09,60708,475,725,5,60233,59983
2021-06-17,WY,2021-06-10,2021-06-16,61137,429,734,9,60708,60403
2021-06-24,WY,2021-06-17,2021-06-23,61548,411,740,6,61137,60808
2021-07-01,WY,2021-06-24,2021-06-30,62070,522,747,7,61548,61323
2021-07-08,WY,2021-07-01,2021-07-07,62551,481,751,4,62070,61800
2021-07-15,WY,2021-07-08,2021-07-14,63113,562,760,9,62551,62353
2021-07-22,WY,2021-07-15,2021-07-21,63782,669,766,6,63113,63016
2021-07-29,WY,2021-07-22,2021-07-28,64557,775,776,10,63782,63781
2021-08-05,WY,2021-07-29,2021-08-04,65748,1191,786,10,64557,64962
2021-08-12,WY,2021-08-05,2021-08-11,67473,1725,793,7,65748,66680
2021-08-19,WY,2021-08-12,2021-08-18,69740,2267,809,16,67473,68931
2021-08-26,WY,2021-08-19,2021-08-25,72567,2827,835,26,69740,71732
2021-09-02,WY,2021-08-26,2021-09-01,76021,3454,858,23,72567,75163
2021-09-09,WY,2021-09-02,2021-09-08,79278,3257,879,21,76021,78399
2021-09-16,WY,2021-09-09,2021-09-15,83081,3803,918,39,79278,82163
2021-09-23,WY,2021-09-16,2021-09-22,86717,3636,955,37,83081,85762
2021-09-30,WY,2021-09-23,2021-09-29,90015,3298,996,41,86717,89019
2021-10-07,WY,2021-09-30,2021-10-06,93103,3088,1041,45,90015,92062
2021-10-14,WY,2021-10-07,2021-10-13,96074,2971,1080,39,93103,94994
2021-10-21,WY,2021-10-14,2021-10-20,99091,3017,1136,56,96074,97955
2021-10-28,WY,2021-10-21,2021-10-27,101852,2761,1174,38,99091,100678
2021-11-04,WY,2021-10-28,2021-11-03,104285,2433,1243,69,101852,103042
2021-11-11,WY,2021-11-04,2021-11-10,106579,2294,1298,55,104285,105281
2021-11-18,WY,2021-11-11,2021-11-17,108526,1947,1347,49,106579,107179
2021-11-25,WY,2021-11-18,2021-11-24,110047,1521,1347,0,108526,108700
2021-12-02,WY,2021-11-25,2021-12-01,111160,1113,1427,80,110047,109733
2021-12-09,WY,2021-12-02,2021-12-08,112348,1188,1472,45,111160,110876
2021-12-16,WY,2021-12-09,2021-12-15,113159,811,1502,30,112348,111657
2021-12-23,WY,2021-12-16,2021-12-22,113902,743,1526,24,113159,112376
2021-12-30,WY,2021-12-23,2021-12-29,115215,1313,1526,0,113902,113689
2022-01-06,WY,2021-12-30,2022-01-05,118652,3437,1572,46,115215,117080
2022-01-13,WY,2022-01-06,2022-01-12,124612,5960,1588,16,118652,123024
2022-01-20,WY,2022-01-13,2022-01-19,133568,8956,1601,13,124612,131967
2022-01-27,WY,2022-01-20,2022-01-26,143055,9487,1625,24,133568,141430
2022-02-03,WY,2022-01-27,2022-02-02,149216,6161,1650,25,143055,147566
2022-02-10,WY,2022-02-03,2022-02-09,152459,3243,1667,17,149216,150792
2022-02-17,WY,2022-02-10,2022-02-16,154213,1754,1689,22,152459,152524
2022-02-24,WY,2022-02-17,2022-02-23,155147,934,1718,29,154213,153429
2022-03-03,WY,2022-02-24,2022-03-02,155767,620,1741,23,155147,154026
2022-03-10,WY,2022-03-03,2022-03-09,156123,356,1749,8,155767,154374
2022-03-17,WY,2022-03-10,2022-03-16,156329,206,1769,20,156123,154560
2022-03-24,WY,2022-03-17,2022-03-23,156489,160,1783,14,156329,154706
2022-03-31,WY,2022-03-24,2022-03-30,156601,112,1791,8,156489,154810
2022-04-07,WY,2022-03-31,2022-04-06,156721,120,1796,5,156601,154925
2022-04-14,WY,2022-04-07,2022-04-13,156835,114,1801,5,156721,155034
2022-04-21,WY,2022-04-14,2022-04-20,156987,152,1807,6,156835,155180
2022-04-28,WY,2022-04-21,2022-04-27,157183,196,1812,5,156987,155371
2022-05-05,WY,2022-04-28,2022-05-04,157426,243,1814,2,157183,155612
2022-05-12,WY,2022-05-05,2022-05-11,157770,344,1817,3,157426,155953
2022-05-19,WY,2022-05-12,2022-05-18,158393,623,1820,3,157770,156573
2022-05-26,WY,2022-05-19,2022-05-25,158926,533,1820,0,158393,157106
2022-06-02,WY,2022-05-26,2022-06-01,159667,741,1820,0,158926,157847
2022-06-09,WY,2022-06-02,2022-06-08,160829,1162,1824,4,159667,159005
2022-06-16,WY,2022-06-09,2022-06-15,161953,1124,1824,0,160829,160129
2022-06-23,WY,2022-06-16,2022-06-22,163172,1219,1829,5,161953,161343
2022-06-30,WY,2022-06-23,2022-06-29,164458,1286,1834,5,163172,162624
2022-07-07,WY,2022-06-30,2022-07-06,165741,1283,1834,0,164458,163907
2022-07-14,WY,2022-07-07,2022-07-13,167449,1708,1845,11,165741,165604
2022-07-21,WY,2022-07-14,2022-07-20,168814,1365,1849,4,167449,166965
2022-07-28,WY,2022-07-21,2022-07-27,170099,1285,1856,7,168814,168243
2022-08-04,WY,2022-07-28,2022-08-03,171415,1316,1856,0,170099,169559
2022-08-11,WY,2022-08-04,2022-08-10,172523,1108,1865,9,171415,170658
2022-08-18,WY,2022-08-11,2022-08-17,173476,953,1871,6,172523,171605
2022-08-25,WY,2022-08-18,2022-08-24,174112,636,1877,6,173476,172235
2022-09-01,WY,2022-08-25,2022-08-31,174704,592,1881,4,174112,172823
2022-09-08,WY,2022-09-01,2022-09-07,175169,465,1884,3,174704,173285
2022-09-15,WY,2022-09-08,2022-09-14,175646,477,1888,4,175169,173758
2022-09-22,WY,2022-09-15,2022-09-21,176120,474,1891,3,175646,174229
2022-09-29,WY,2022-09-22,2022-09-28,176622,502,1894,3,176120,174728
2022-10-06,WY,2022-09-29,2022-10-05,177083,461,1899,5,176622,175184
2022-10-13,WY,2022-10-06,2022-10-12,177510,427,1904,5,177083,175606
2022-10-20,WY,2022-10-13,2022-10-19,177900,390,1906,2,177510,175994
2022-10-27,WY,2022-10-20,2022-10-26,178337,437,1908,2,177900,176429
2022-11-03,WY,2022-10-27,2022-11-02,178755,418,1914,6,178337,176841
2022-11-10,WY,2022-11-03,2022-11-09,179303,548,1917,3,178755,177386
2022-11-17,WY,2022-11-10,2022-11-16,179820,517,1924,7,179303,177896
2022-11-24,WY,2022-11-17,2022-11-23,180395,575,1931,7,179820,178464
2022-12-01,WY,2022-11-24,2022-11-30,181024,629,1938,7,180395,179086
2022-12-08,WY,2022-12-01,2022-12-07,181701,677,1938,0,181024,179763
2022-12-15,WY,2022-12-08,2022-12-14,182110,409,1950,12,181701,180160
2022-12-22,WY,2022-12-15,2022-12-21,182509,399,1958,8,182110,180551
2022-12-29,WY,2022-12-22,2022-12-28,182762,253,1958,0,182509,180804
2023-01-05,WY,2022-12-29,2023-01-04,183051,289,1958,0,182762,181093
2023-01-12,WY,2023-01-05,2023-01-11,183301,250,1967,9,183051,181334
2023-01-19,WY,2023-01-12,2023-01-18,183487,186,1970,3,183301,181517
2023-01-26,WY,2023-01-19,2023-01-25,183681,194,1977,7,183487,181704
2023-02-02,WY,2023-01-26,2023-02-01,183886,205,1979,2,183681,181907
2023-02-09,WY,2023-02-02,2023-02-08,184141,255,1994,15,183886,182147
2023-02-16,WY,2023-02-09,2023-02-15,184420,279,1996,2,184141,182424
2023-02-23,WY,2023-02-16,2023-02-22,184749,329,1998,2,184420,182751
2023-03-02,WY,2023-02-23,2023-03-01,185042,293,2002,4,184749,183040
2023-03-09,WY,2023-03-02,2023-03-08,185323,281,2004,2,185042,183319
2023-03-16,WY,2023-03-09,2023-03-15,185580,257,2009,5,185323,183571
2023-03-23,WY,2023-03-16,2023-03-22,185793,213,2014,5,185580,183779
2023-03-30,WY,2023-03-23,2023-03-29,185995,202,2018,4,185793,183977
2023-04-06,WY,2023-03-30,2023-04-05,186126,131,2020,2,185995,184106
2023-04-13,WY,2023-04-06,2023-04-12,186284,158,2023,3,186126,184261
2023-04-20,WY,2023-04-13,2023-04-19,186399,115,2027,4,186284,184372
2023-04-27,WY,2023-04-20,2023-04-26,186539,140,2030,3,186399,184509
2023-05-04,WY,2023-04-27,2023-05-03,186668,129,2031,1,186539,184637
2023-05-11,WY,2023-05-04,2023-05-10,187034,366,2031,0,186668,185003
